dt	dushikou	gangfangyao	maying	maoyupu	hulonggou	yunzhousk	zhenanpu	zhenningpu	yangtian	zhuanlou	paoliang	longguan	tianjiayao	dongshanmiao	diaoe	shangzhuangzi	nanbuzi	xiapu	baihepu	wanquansi	shicao	qianjiadian	heilongshan	qingyanggou	baichao	sidaogou	dongwankou	qiansongtai	hedaziying	dongmao	sandaoying	sihai	baoshansi	daodekeng	dengjiashanzi	sandaohe	labagoumen	xiaoliangqian	changshaoying	tanghekou	qifengcha	liulimiao	zhangjiafen
1990-1-1	0	0	0	0	0	0	0	0	0	0	0	0	0	0	0	0	0	0	0	0	0	0	0	0	0	0	0	0	0	0	0	0	0	0	0	0	0	0	0	0	0	0	0
1990-1-2	0	0	0	0	0	0	0	0	0	0	0	0	0	0	0	0	0	0	0	0	0	0	0	0	0	0	0	0	0	0	0	0	0	0	0	0	0	0	0	0	0	0	0
1990-1-3	0	0	0	0	0	0	0	0	0	0	0	0	0	0	0	0	0	0	0	0	0	0	0	0	0	0	0	0	0	0	0	0	0	0	0	0	0	0	0	0	0	0	0
1990-1-4	0	0	0	0	0	0	0	0	0	0	0	0	0	0	0	0	0	0	0	0	0	0	0	0	0	0	0	0	0	0	0	0	0	0	0	0	0	0	0	0	0	0	0
1990-1-5	0	0	0	0	0	0	0	0	0	0	0	0	0	0	0	0	0	0	0	0	0	0	0	0	0	0	0	0	0	0	0	0	0	0	0	0	0	0	0	0	0	0	0
1990-1-6	0	0	0	0	0	0	0	0	0	0	0	0	0	0	0	0	0	0	0	0	0	0	0	0	0	0	0	0	0	0	0	0	0	0	0	0	0	0	0	0	0	0	0
1990-1-7	0	0	0	0	0	0	0	0	0	0	0	0	0	0	0	0	0	0	0	0	0	0	0	0	0	0	0	0	0	0	0	0	0	0	0	0	0	0	0	0	0	0	0
1990-1-8	0.4	0.3	0.5	0.1	0	0.1	0	0	0	0	0	0	0	0	0	0	0	0	0	0	0	0	0	0	0	0	0	0	0	0	0	0	0	0	0	0	0	0	0	0	0	0	0
1990-1-9	0.2	0	0	0	0.2	0.3	0.6	0.3	0.4	0	0.6	2.1	0.9	1.0	0.7	0.3	0	0.4	0.8	0.5	0	0.3	0.6	0.3	2.3	1.3	0.4	0.6	0.3	0.5	0.6	0.5	0	0	2.4	0.3	0	0	0	0	0	0	0
1990-1-10	0	0	0	0	0	0	0	0	0	0	0	0	0	0	0	0	0	0	0	0	0	0	0	0	0	0	0	0	0	0	0	0	0	0	0	0	0	0	0	0	0	0	0
1990-1-11	0	0	0	0	0	0	0	0	0	0	0	0	0	0	0	0	0	0	0	0	0	0	0	0	0	0	0	0	0	0	0	0	0	0	0	0	0	0	0	0	0	0	0
1990-1-12	0	0	0	0	0	0	0	0	0	0	0	0	0	0	0	0	0	0	0	0	0	0	0	0	0	0	0	0	0	0	0	0	0	0	0	0	0	0	0	0	0	0	0
1990-1-13	0	0	0	0	0	0	0	0	0	0	0	0	0	0	0	0	0	0	0	0	0	0	0	0	0	0	0	0	0	0	0	0	0	0	0	0	0	0	0	0	0	0	0
1990-1-14	0	0	0	0	0	0	0	0	0	0	0	0	0	0	0	0	0	0	0	0	0	0	0	0	0	0	0	0	0	0	0	0	0	0	0	0	0	0	0	0	0	0	0
1990-1-15	0	0	0	0	0	0	0	0	0	0	0	0	0	0	0	0	0	0	0	0	0	0	0	0	0	0	0	0	0	0	0	0	0	0	0	0	0	0	0	0	0	0	0
1990-1-16	0	0	0	0	0	0	0	0	0	0	0	0	0	0	0	0	0	0	0	0	0	0	0	0	0	0	0	0	0	0	0	0	0	0	0	0	0	0	0	0	0	0	0
1990-1-17	0	0	0	0	0	0	0	0	0	0	0	0	0	0	0	0	0	0	0	0	0	0	0	0	0	0	0	0	0	0	0	0	0	0	0	0	0	0	0	0	0	0	0
1990-1-18	0	0	0	0	0	0	0	0	0	0	0	0	0	0	0	0	0	0	0	0	0	0	0	0	0	0	0	0	0	0	0	0	0	0	0	0	0	0	0	0	0	0	0
1990-1-19	0	0	0	0	0	0	0	0	0	0	0	0	0	0	0	0	0	0	0	0	0	0	0	0	0	0	0	0	0	0	0	0	0	0	0	0	0	0	0	0	0	0	0
1990-1-20	0	0	0	0	0	0	0	0	0	0	0	0	0	0	0	0	0	0	0	0	0	0	0	0	0	0	0	0	0	0	0	0	0	0	0	0	0	0	0	0	0	0	0
1990-1-21	0	0	0	0	0	0	0	0	0	0	0	0	0	0	0	0	0	0	0	0	0	0	0	0	0	0	0	0	0	0	0	0	0	0	0	0	0	0	0	0	0	0	0
1990-1-22	0	0	0	0.1	0	0	0	0	0	0	0	0	0	0	0	0	0	0	0	0	0	0	0	0	0	0	0	0	0	0	0	0	0	0	0	0	0	0	0	0	0	0	0
1990-1-23	0	0	0	0	0	0	0	0	0	0	0	0	0	0	0	0	0	0	0	0	0	0	0	0	0	0	0	0	0	0	0	0	0	0	0	0	0	0	0	0	0	0	0
1990-1-24	0	0	0	0	0.4	0	0	0	0	0	0	0	0	0	0	0	0	0	0	0	0	0	0.4	0	0	0	0	0	0	0	0	0	0	0	0	0	0	0	0	0	0	0	0
1990-1-25	0	0	0	0	0	0	0.3	0	0	0	0	0	0	0.5	0	0	0	0	0	0	0	0	0	0	0	0	0	0	0	0	0	0	0	0	0	0	0	0	0	0	0	0	0
1990-1-26	0	0	0	0	0	0	0	0	0	0	0	0	0	3.5	0	0	0	0	0	0	0	0	0	0	0	0	0	0	0	0	0	0	0	0	0	0	0	0	0	0	0	0	0.3
1990-1-27	2.7	1.2	1.2	2.4	1.8	0.7	0.5	0	0.7	0	0	0	0	0	1.0	1.0	1.1	1.2	0	0.3	1.9	0.9	0.9	3.0	1.2	1.9	1.0	2.2	1.0	0.4	0.2	0	0	0	1.6	0.3	3.5	0.8	8.0	0.6	0	1.3	0.8
1990-1-28	1.8	2.7	2.2	3.1	3.3	3.6	2.9	4.0	4.1	6.7	4.1	3.5	4.7	0	1.9	3.8	4.9	3.5	0	3.2	1.3	2.0	2.6	8.0	4.0	3.9	4.0	3.7	4.0	3.6	3.2	3.8	0	3.4	2.1	3.2	5.0	3.4	0	3.0	0	5.2	2.4
1990-1-29	0	0	0	0	0	0	0	0	0	0	0	0	0	0	0	0	0.5	0	0	0	0	0	0	0	0	0	0	0	0	0	0	0	0	3.7	0	0	0	0	0	0	0	0	0
1990-1-30	0	0	0	0	0	0	0	0	0	0	0	0	0	0	0	0	0	0	0	0	0	0	0	0	0	0	0	0	0	0	0	0	0	0	0	0	0	0	0	0	0	0	0
1990-1-31	0	0	0	0	0	0	0	0	0	0	0	0	0	0	0	0	0	0	0	0	0	0	0	0	0	0	0	0	0	0	0	0	0	0	0	0	0	0	0	0	0	0	0
1990-2-1	0	0	0	0	0	0	0	0	0	0	0	0	0	0	0	0	0	0	0	0	0	0	0	0	0	0	0	0	0	0	0	0	0	0	0	0	0	0	0	0	0	0	0
1990-2-2	0	0	0	0	0	0	0	0	0	0	0	0	0	0	0	0	0	0	0	0	0	0	0	0	0	0	0	0	0	0	0	0	0	0	0	0	0	0	0	0	0	0	0
1990-2-3	0	0	0	0	0	0	0	0	0	0	0	0	0	0	0	0	0	0	0	0	0	0	0	0	0	0	0	0	0	0	0	0	0	0	0	0	0	0	0	0	0	0	0
1990-2-4	0	0	0	0	0	0	0	0	0	0	0	0	0	0	0	0	0	0	0	0	0	0	0	0	0	0	0	0	0	0	0	0	0	0	0	0	0	0	0	0	0	0	0
1990-2-5	0	0	0	0	0	0	0	0	0	0	0	0	0	0	0	0	0	0	0	0	0	0	0	0	0	0	0	0	0	0	0	0	0	0	0	0	0	0	0	0	0	0	0
1990-2-6	0	0	0	0	0	0	0	0	0	0	0	0	0	0	0	0	0	0	0	0	0	0	0	0	0	0	0	0	0	0	0	0	0	0	0	0	0	0	0	0	0	0	0
1990-2-7	0.3	0	0	0	0.4	0	0	0	0	0	0	0	0	0	0	0	0	0	0	0	0	0	0	0	0	0	0	0.6	0	0	0	0	0	0	0	0	0	0	0	0	0	0	0
1990-2-8	0	0	0	0	0	0	0	0	0	0	0	0	0	0	0	0	0	0	0	0	0	0	0	0	0	0	0	0	0	0	0	0	0	0	0	0	0	0	0	0	0	0	0
1990-2-9	0	0	0	0	0	0.1	0.2	0	0	0	0	0	0	0	0	0	0	0	0	0	0	0	0	0	0	0	0	0	0	0	0	0	0	0	0	0	0	0	0	0	0	0	0
1990-2-10	0	0	0	0	0	0	0	0	0	0	0	0	0	0	0	0	0	0	0	0	0	0	0	0	0	0	0	0	0	0	0	0	0	0	0	0	0	0	0	0	0	0	0
1990-2-11	0	0	0	0	0	0	0	0	0	0	0	0	0	0	0	0	0	0	0	0	0	0	0	0	0	0	0	0	0	0	0	0	0	0	0	0	0	0	0	0	0	0	0
1990-2-12	0	0	0	0	0	0	0	0	0	0	0	0	0	0	0	0	0	0	0	0	0	0	0	0	0	0	0	0	0	0	0	0	0	0	0	0	0	0	0	0	0	0	0
1990-2-13	1.1	0.3	2.4	2.1	1.4	2.0	3.1	2.0	1.3	1.1	0.5	1.1	2.1	0.8	0.9	2.1	2.9	3.7	2.5	2.9	3.1	0.7	2.5	9.0	4.7	1.9	4.1	3.7	1.9	2.5	1.4	3.2	0	0	0.3	0.5	2.7	0.8	2.6	1.5	0	4.5	2.8
1990-2-14	0.9	0.5	0.5	1.1	1.1	0.4	0.3	0	0	0	0	0	0	0	0	0	0	0	0	0.2	0.8	0.6	0.3	3.0	0	1.3	0.2	0	0.2	0	0.2	0	0	2.1	0	0	0.8	0.4	0.9	0.5	0	0.9	0.8
1990-2-15	0	0	0.3	0	0	0.1	0.1	0	0	0	0	0	0	0	0	0	0	0	0	0	0	0	0	0	0	0	0	0	0	0	0	0	0	1.6	0	0	0	0	0	0	0	0	0
1990-2-16	0	0	0	0	0	0	0	0	0.2	0	0	0	0	0	0	0	0	0	0	0	2.9	0	0	0	0	0	0	0	0	0	0	0	0	0	0	0	0	0	0	0	0	0	0
1990-2-17	1.6	0.2	3.2	1.9	2.3	3.7	2.0	1.6	2.1	2.9	2.8	2.5	3.9	3.0	1.0	2.7	6.4	7.6	2.9	5.5	5.2	4.4	3.6	8.0	2.8	2.4	3.7	2.9	4.5	4.5	6.2	0	0	3.4	1.9	3.6	1.0	5.5	1.8	4.6	0	5.8	5.9
1990-2-18	0	1.3	0	1.5	0	0.9	1.9	2.0	1.4	2.8	1.5	0.7	0.9	1.2	2.5	3.4	1.1	1.5	4.7	1.3	1.7	0	1.6	3.0	1.6	2.3	1.6	3.4	1.5	1.8	1.4	4.2	0	3.6	2.2	1.5	1.5	1.3	1.2	3.0	0	3.7	2.3
1990-2-19	0	0	0	0	0	0	0	0	0	0	0	0	0	0	0	0	0	0	0	0	0	0	0	0	0	0	0	0	0	0	0	0	0	0	0	0	4.5	0	0	0	0	0	0
1990-2-20	1.3	0.7	0	1.8	1.5	0.7	0.9	2.1	3.3	1.8	1.6	0.5	2.0	1.8	1.0	1.3	0	2.2	0	3.4	4.8	3.0	3.9	6.0	2.5	3.7	1.2	2.6	2.0	1.0	1.7	1.8	0	2.4	0.2	0.5	0.6	2.1	1.6	2.6	0	2.1	2.2
1990-2-21	2.1	0.9	3.0	1.2	3.2	2.5	2.3	0.4	0.9	2.6	0.9	0.6	0.9	1.1	1.4	1.6	1.3	2.6	3.7	1.4	1.7	2.5	0.4	3.0	1.5	1.5	1.2	1.1	1.6	1.6	1.1	0	0	0	2.7	1.5	2.4	0.6	0.2	0.6	0	0	1.2
1990-2-22	0	0.3	0	0	0	0	0	0	0	0.4	0	0	0	0	0	0	0	0.1	1.3	0.4	0.2	0	0	0	0	0	0	0.8	0	0	0	0	0	0.5	0.4	0	0	0	0	0	0	0	0
1990-2-23	0	0	0	0	0	0	0	0	0	0	0	0	0	0	0	0	0	0	0	0	0	0	0	0	0	0	0	0	0	0	0	0	0	0	0	0	0	0	0	0	0	6.7	0
1990-2-24	0	0	0	0	0	0	0	0	0	0	0	0	0	0	0	0	0	0	0	0	0	0	0	0	0	0	0	0	0	0	0	0	0	0	0	0	0	0	0	0	0	0	0
1990-2-25	0	0	0	0	0	0	0	0	0	0	0	0	0	0	0	0	0	0	0	0	0	0	0	0	0	0	0	0	0	0	0	0	0	0	0	0	0	0	0	0	0	0	0
1990-2-26	0	0	0	0	0	0	0	0	0	0	0	0	0	0	0	0	0	0	0	0	0	0	0	0	0	0	0	0	0	0	0	0	0	0	0	0	0	0	0	0	0	0	0
1990-2-27	0	0	0	0	0	0	0	0	0	0	0	0	0	0	0	0	0	0	0	0	0	0	0	0	0	0	0	0	0	0	0	0	0	0	0	0	0	0	0	0	0	0	0
1990-2-28	0	0	0	0	0	0	0	0	0	0	0	0	0	0	0	0	0	0	0	0	0	0	0	0	0	0	0	0	0	0	0	0	0	0	0	0	0	0	0	0	0	0	0
1990-3-1	0.2	0.3	0	0	0	0	0	0	0	0	0	0	0	0	0	0	0	0	0	0	0	0	0	0	0	0	0	0	0	0	0	0	0	0	0	0	0	0	0	0	0	0	0
1990-3-2	0	0	0	0	0	0	0	0	0	0	0	0	0	0	0	0	0	0	0	0	0	0	0	0	0	0	0	0	0	0	0	0	0	0	0	0	0	0	0	0	0	0	0
1990-3-3	0	0	0	0	0	0	0	0	0	0	0	0	0	0	0	0	0	0	1.5	0	0	0	0	0	0	0	0	0	0	0	0	0	0	0	0	0	0	0	0	0	0	0	0
1990-3-4	0	0	0	0	0	0	0	0	0	0	0	0	0	0	0	0	0	0	0	0	0	0	0	0	0	0	0	0	0	0	0	0	0	0	0	0	0	0	0	0	0	0	0
1990-3-5	0	0.1	0	0	0	0	0	0	0	0	0	0	0	0	0	0	0	0	0	0	0	0	0	0	0	0	0	0	0	0	0	0	0	0	0	0	0	0	0	0	0	0	0
1990-3-6	0	0	0	0	0	0	0	0	0	0	0	0	0	0	0	0	0	0	0	0	0	0	0	0	0	0	0	0	0	0	0	0	0	0	0	0	0	0	0	0	0	0	0
1990-3-7	0.3	0	0	0	0	0	0	0	0	0	0	0	0	0	0	0	0	0	0	0	0	0	0	0	0	0	0	0	0	0	0	0	0	0	0	0	0	0	0	0	0	0	0
1990-3-8	0	0	0	0	0	0	0	0	0	0	0	0	0	0	0	0	0	0	0	0	0	0	0	0	0	0	0	0	0	0	0	0	0	0	0	0	0	0	0	0	0	0	0
1990-3-9	0	0	0	0	0	0	0	0	0	0	0	0	0	0	0	0	0	0	0	0	0	0	0	0	0	0	0	0	0	0	0	0	0	0	0	0	0	0	0	0	0	0	0
1990-3-10	0	0	0	0	0	0	0	0	0	0	0	0	0	0	0	0	0	0	0	0	0	0	0	0	0	0	0	0	0	0	0	0	0	0	0	0	0	0	0	0	0	0	0
1990-3-11	0	0.2	0	0	0.4	0	0	0	0	0	0	0	0	0	0	0	0	0	0	0	0	0	0	0	0	0	0	0	0	0	0	0	0	0	0	0	0	0	0	0	0	0	0
1990-3-12	0	0	0	0	0	0	0	0	0	0	0	0	0	0	0	0	0	0	0	0	0	0	0	0	0	0	0	0	0	0	0	0	0	0	0	0	1.5	0	0	0	0	0	0
1990-3-13	0	0.2	0	0	0.4	0	0.2	0	0	0.6	0	0	0.4	1.9	0	0	1.5	0	1.5	1.2	0	1.5	1.0	1.0	1.2	1.0	1.1	0.5	1.5	1.5	1.7	0	0	2.8	0.3	0.7	0	2.5	2.5	1.5	0	0	0
1990-3-14	0	0.1	0	0	0	0	0	0	0	0	0	0	0	0	0	0	0	1.2	0	0	0	0	0	0	0	0	0	0	0	0	0	0	0	0	0	0	0	0	0	0	0	0	0
1990-3-15	0	0	0	0	0	0	0	0	0	0	0	0	0	0	0	0	0	0	0	0	0	0	0	0	0	0	0	0	0	0	0	0	0	0	0	0	0	0	0	0	0	0	0
1990-3-16	0	0	0	0	0	0	0	0	0	0	0	0	0	0	0	0	0	0	0	0	0	0	0	0	0	0	0	0	0	0	0	0	0	0	0	0	0	0	0	0	0	0	0
1990-3-17	0	0	0	0	0	0	0	0	0	0	0	0	0	0	0	0	0	0	0	0	0	0	0	0	0	0	0	0	0	0	0	0	0	0	0	0	0	0	0	0	0	0	0
1990-3-18	0	0	0	0	0	0	0	0	0	0	0	0	0	0	0	0	0	0	0	0	0	0	0	0	0	0	0	0	0	0	0	0	0	0	0	0	0	0	0	0	0	0	0
1990-3-19	0	0	0	0	0	0	0	0	0	0	0	0	0	0	0	0	0	0	0	0	0	0	0	0	0	0	0	0	0	0	0	0	0	0	0	0	0	0	0	0	0	0	0
1990-3-20	3.5	3.0	3.9	4.0	2.7	5.3	4.0	4.6	3.2	9.8	7.1	10.0	8.8	9.1	5.1	8.1	4.6	10.7	0	8.1	13.7	7.5	5.1	9.0	6.1	9.3	6.8	8.3	7.8	6.6	5.2	0	0	0	3.2	4.6	3.4	8.5	6.5	7.2	0	8.0	8.3
1990-3-21	0	0.7	0	0	0	0	0	0	0	0	0	0	0	0	0	0	1.1	0.1	12.4	0	0	0	0	0	0	0	0	0	0	0	0.9	8.7	0	7.1	0	0	2.1	0.7	13.0	0.5	0	0.8	1.1
1990-3-22	2.8	1.3	1.5	2.9	8.2	7.3	7.2	5.1	6.9	6.1	6.5	6.5	8.4	11.6	11.0	0	15.0	10.5	8.8	10.1	8.2	9.4	8.8	10.5	8.7	8.4	9.3	12.4	9.2	9.4	9.0	13.0	0	8.9	5.4	9.6	10.1	9.5	0	13.6	0	9.2	9.6
1990-3-23	0	0.9	0	0	0	0	0	0	0	0	0	0	0	0	0	9.8	0	0	0	0	0.6	0	0	0	0	0	0	0	0	0	0	0	0	0.4	0.3	0	0	1.5	0	0.5	0	0	0.6
1990-3-24	0	0	0	0	0	0	0	0	0	0	0	0	0	0	0	0	0	0	0	0	0	0	0	0	0	0	0	0	0	0	0	0	0	0	0	0	0	0	0	0	0	0	0
1990-3-25	0	0	0	0	0	0	0	0	0	0	0	0	0	0	0	0	0	0	0	0	0	0	0	0	0	0	0	0	0	0	0	0	0	0	0	0	0	0	0	0	0	0	0
1990-3-26	0	3.2	3.0	1.1	1.8	2.2	4.1	3.6	1.9	1.6	2.1	1.5	2.3	1.8	1.5	1.6	1.9	1.7	7.0	1.1	1.8	1.3	1.1	1.6	2.4	1.2	2.1	1.7	2.0	1.5	1.1	2.2	0	0	2.2	1.2	0	0	0	0.8	0	0	1.4
1990-3-27	0.9	0.8	0	0.2	0	0	0.4	0	0	0.8	0	0	0.2	0	0.5	0	0	0.6	2.6	0.4	0.5	0.3	0	0.2	0.4	0	0.4	0	0.2	0.7	0.6	1.3	0	1.9	0.6	1.5	0	1.9	0	0.7	0	0	1.1
1990-3-28	0	0	0	0	0	0	0	0	0	0	0	0	0	0	0	0	0	0	0	0.2	0	0	0	0	0	0	0	0	0	0	0	0	0	0	0	0	0	0	0	0.1	0	0	0
1990-3-29	0	0	0	0	0	0	0	0	0	0	0	0	0	0	0	0	0	0	0	0	0	0	0	0	0	0	0	0	0	0	0	0	0	0	0	0	0	0	0	0	0	0	0
1990-3-30	0	0.3	0	0.1	0	0	1.4	0	1.7	1.4	2.1	4.9	4.5	0.9	1.5	0.5	2.8	0.8	0	1.8	6.0	2.6	1.4	5.0	4.0	0.4	0.7	7.5	1.2	4.0	4.3	0	0	4.0	0.7	4.0	3.7	2.8	8.0	6.6	0	0	6.5
1990-3-31	0	0.4	0	0	0	0	0	0	0	0	0	0	0	0	0	0	0	0	0	0	0	0	0	0	0	0	0	0	0	0	0	0	0	0	0	0	0	0	0	0	0	0	0
1990-4-1	0	0	0	0	0	0	0	0	0	0	0	0	0	4.3	0	0	0	0	0	0	0	0	0	0	0	0	0	0	0	0	0	0	0	0	0	0	0	0	0	0	0	0	0
1990-4-2	0	0.8	0	0.1	0	1.6	0.7	1.9	2.2	1.2	1.3	3.5	7.1	0	3.0	2.4	1.6	0.7	1.0	1.9	1.7	1.0	1.2	1.5	0.7	2.6	1.8	1.7	1.7	1.3	0.4	1.4	0	3.0	3.4	4.8	4.0	3.8	6.0	6.3	0	0	8.3
1990-4-3	0	0	0	0	0	0	0	0	0	0	0	0	0	0	0	0	0	0	0	0	0	0	0	0	0	0	0	0	0	0	0	0	0	0	0	0	0	0	0	0	0	8.3	0
1990-4-4	0	0	0	0	0	0	0	0	0	0	0	0	0	0	0	0	0	0	0	0	0	0	0	0	0	0	0	0	0	0	0	0	0	0	0	0	0	0	0	0	0	0	0
1990-4-5	0	0.5	0	0	0.5	0	0.1	0	0	0	0	0	0	0	0	0	0	0	0	0	0	0	0	0	0	0	0	0	0	0	0	0	0	0	0	0	0	0	0	0	0	0	0
1990-4-6	0	0	0	0	0	0	0	0	0	0	0	0	0	0	0	0	0	0	0	1.5	0	0	0	0	0	0	0	1.2	0	0	0	0	0	0	0	0	0	0	0	0	0	0	0
1990-4-7	0	0	0	0	0	0	0	0	0	0	0	0	0	0	0	0	0	0	0	0	0	0	0	0	0	0	0	0	0	0	0	0	0	0	0	0	0	0	0	0	0	0	0
1990-4-8	0	0	0	0	0	0	0	0	0	0	0	0	0	0	0	0	0	0	0	0	0	0	0	0	0	0	0	0	0	0	0	0	0	0	0	0	0	0	0	0	0	0	0
1990-4-9	0	0	0	0	0	0	0	0	0	0	0	0	0	0	0	0	0	0	0	0	0	0	0	0	0	0	0	0	0	0	0	0	0	0	0	0	0	0	0	0	0	0	0
1990-4-10	0	0	0	0	0	0	0	0	0	0	0	0	0	0	0	0	0	0	0	0	0	0	0	0	0	0	0	0	0	0	0	0	0	0	0	0	0	0	0	0	0	0	0
1990-4-11	0	0	0	0	0	0	0	0	0	0	0	0	0	0	0	0	0	0	0	0	0	0	0	0	0	0	0	0	0	0	0	0	0	0	0	0	0	0	0	0	0	0	0
1990-4-12	0	0	0	0	0	0	0	0	0	0	0	0	0	0	0	0	0	0	0	0	0	0	0	0	0	0	0	0	0	0	0	0	0	0	0	0	0	0	0	0	0	0	0
1990-4-13	0	0	0	0	0	0	0	0	0	0	0	0	0	0	0	0	0	0	0	0	0	0	0	0	0	0	0	0	0	0	0	0	0	0	0.3	0	0	0	0	0	0	0	0
1990-4-14	0	0	0	0	0	0	0	0	0	0	0	0	0	0	0	0	0	0	0	0	0	0	0	0	0	0	0	0	0	0	0	0	0	0	0	0	0	0	0	0	0	0	0
1990-4-15	0	0	0	0	0	0	0	0	0	0	0	0	0	0	0	0	0	0	0	0	0	0	0	0	0	0	0	0	0	0	0	0	0	0	0	0	0	0	0	0	0	0	0
1990-4-16	0	0	0	0	0	0	0	0	0	0	0	0	0	0	0	0	0	0	0	0	0	0	0	0	0	0	0	0	0	0	0	0	0	0	0	0	0	0	0	0	0	0	0
1990-4-17	0	0	0.7	0.3	0.2	1.9	0.7	4.3	3.3	5.6	3.9	2.8	2.4	1.5	1.3	9.6	5.8	2.1	6.2	4.2	5.4	0.3	0.7	3.0	1.2	2.6	3.5	3.3	4.0	1.8	4.6	5.0	0	2.8	2.1	1.1	0	2.2	1.8	2.7	0	0	4.2
1990-4-18	6.8	9.8	10.3	8.3	5.8	6.8	6.5	6.4	6.8	4.6	3.5	7.9	5.0	6.2	5.7	6.5	9.1	4.9	2.8	6.7	5.4	2.9	12.5	8.0	5.8	6.0	5.0	7.8	5.0	4.7	3.5	3.5	0	4.2	3.7	6.3	8.2	6.1	9.8	4.1	0	0	4.0
1990-4-19	0	0	0	0	0	0	0	0	0	0	0	0	0	0	0	0	0	0	0	0	0	0	0	0	0	0	0	0	0	1.6	0	0	0	2.2	0	0	0	1.4	0.9	3.0	0	4.0	3.2
1990-4-20	0	0.1	0	0	0	0	0	0	0	0	0	0	0	0	0	0	0	0	0	4.8	0	0	3.3	5.0	2.5	1.6	1.2	1.4	5.0	1.9	1.6	6.3	0	0	0	0	0	0	0	0	0	2.8	0
1990-4-21	0.2	0.2	0	0	1.9	0.2	0	0	2.3	4.3	5.2	2.5	1.8	2.8	1.4	2.5	1.5	4.4	6.3	0	0	2.9	0	0	0	0	0	0	0	0	0	0	0	0	1.2	1.3	2.6	0	0	0	0	0	0
1990-4-22	0	0	0	0	0.2	0	0.8	0	0.3	0	0	0	0	0	0	0	0	0	0	0	0	0	0	0	0	0	0	0	0	0	0	0	0	0	0	0	0	0	0	0	0	0	0
1990-4-23	0	0	0	0	0	0	0	0	0	0	0	0	0	0	0	0	0	0	0	0	0	0	0	0	0	0	0	0	0	0	0	0	0	0	0	0	0	0	0	0	0	0	0
1990-4-24	0	0	0	0	0	0	0	0	0	0	0	0	0	0	0	0	0	0	0	0	0	0	0	0	0	0	0	0	0	0	0	0	0	0	0	0	0	0	0	0	0	0	0
1990-4-25	0	0	0	0	0	0	0	0	0	0	0	0	0	0	0	0	0	0	0	0	0	0	0	0	0	0	0	0	0	0	0	0	0	0	0	0	0	0	0	0	0	0	0
1990-4-26	0	0	0	0	0	0	0	0	0	0	0	0	0	0	0	0	0	0	0	0	0	0	0	0	0	0	0	0	0	0	0	0	0	0	0	0	0	0	0	0	0	0	0
1990-4-27	0	0	0	0	0	0	0	0	0	0	0	0	0	0	0	0	0	0	0	0	0	0	0	0	0	0	0	0	0	0	0	0	0	0	0	0	0	0	0	0	0	0	0
1990-4-28	0	0	0	0	0	0	0	0	0	0	0	0	0	0	0	0	0	0	0	0	0	0	0	0	0	0	0	0	0	0	0	0	0	0	0	0	0	0	0	0	0	0	0
1990-4-29	0	1.5	0.6	0.4	0	0	0	0	0	2.4	2.8	1.5	4.6	0.8	0	0	0	0.9	0.3	1.3	5.2	0	0	1.0	0	0	0	3.6	0	0.6	0	0	0	0.6	0	0	0	0	0	1.0	0	0	0.4
1990-4-30	12.1	9.1	18.4	19.1	19.1	20.8	21.9	20.8	30.5	20.0	24.5	30.5	27.1	34.5	31.5	38.3	46.0	35.3	40.1	28.8	38.0	35.7	25.2	28.0	27.5	26.1	31.0	24.2	34.0	40.5	38.3	41.0	0	39.7	15.2	34.7	37.4	38.0	40.3	37.4	0	35.5	40.1
1990-5-1	0	0	0	0	0	0	0	0	0	0	0	0	0	0	0	0	0	0.1	0	0	0	0	0	0	0	0	0	0	0	0	0	0	0	0	0	0	0	0	0	0	0	0	0
1990-5-2	0	0	0	0	0	0	0	0	0	0	0	0	0	0	0	0	0	0	0	0.8	0	0	0	0	0	0	0	0	0	0	0	0	0	0	0	0.1	0	0	0	0	0	0	0
1990-5-3	0	0	0	0	0	0	0	0	0	0	0	0	0	0	0	0	0	0	0	0	0	0	0	0	0	0	0	0	0	0	0	0	0	0	0	0	0	0	0	0	0	0	0
1990-5-4	0	0	0	0	0	0	0	0	0	0	0	0	0	0	0	0	0	0	0	0	0	0	0	0	0	0	0	0	0	0	0	0	0	0	0	0	0	0	0	0	0	0	0
1990-5-5	0	0	0	0	0	0	0	0	0	0	0	0	0	0	0	0	0	0	0	0	0	0	0	0	0	0	0	0	0	0	0	0	0	0	0	0	0	0	0	0	0	0	0
1990-5-6	0	0	0	0	0	0	0	0	0	0	0	0	0	0	0	0	0	0	0	0	0	0	0	0	0	0	0	0	0	0	0	0	0	0	0	0	0	0	0	0	0	0	0
1990-5-7	0	0	0	0	0	0	0	0	0	0	0	0	0	0	0	0	0	0	0	0	0	0	0	0	0	0	0	0	0	0	0	0	0	0	0	0	0	0	0	0	0	0	0
1990-5-8	0	0	0	0	0	0	0	0	0	0	0	0	0	0	0	0	0	0	0	0	0	0	0	0	0	0	0	0	0	0	0	0	0	0	0	0	0	0	0	0	0	0	0
1990-5-9	0	0	0	0	0	0	0	0	0	0	0	0	0	0	0	0	0	0	0	0	0	0	0	0	0	0	0	0	0	0	0	0	0	0	0	0	0	0	0	0	0	0	0
1990-5-10	0	0	0	0	0	0	0	0	0	0	0	0	0	0	0	0	0	0	0	0	0	0	0	0	0	0	0	0	0	0	0	0	0	0	0	0	0	0	0	0	0	0	0
1990-5-11	0	0	0	0	0	0	0	0	0	0	0	0	0	0	0	0	0	0	0	0	0	0	0	0	0	0	0	0	0	0	0	0	0	1.0	0	0	0	0	0	0	0	0	0
1990-5-12	0	6.3	2.7	2.1	3.2	2.5	1.4	1.3	1.0	0	1.3	1.9	2.2	1.1	1.3	1.9	3.2	1.3	1.0	3.6	0	0	2.5	0.5	2.0	1.9	1.0	3.7	2.9	1.3	0.9	0	0	0	2.2	2.1	0	1.0	0	1.8	0	0	0
1990-5-13	0	0	0	0	0	0	0	0	0	0	0	0	0	0	0	0	0	0	0	0	0	0	0	0	0	0	0	0	0	0	0	0	0	0	0	0	0	0	0	0	0	0	0
1990-5-14	0	0	0	0	0	0	0	0	0	0	0	0	0	0	0	0	0	0	0	0	0	0	0	0	0	0	0	0	0	0	0	0	0	0	0	0	0	0	0	0	0	0	0
1990-5-15	0	0.2	0.1	0	0	0	0	0	0	0	0	0	0	0	0	0	0	0	0	0	0	0	0	0	0	0	0	0	0	0	0	0	0	0	0	0	0	0	0	0	0	0	0
1990-5-16	0	0	0	0	0	0	0	0	0	0	0	0	0	0	0	0	0	0	0	0.1	0	0	0	0	0	0	0	0	0	0	0	0	0	0	0	0	0	0	0	0	0	0	0
1990-5-17	0	0	1.2	0.1	0	0.3	0	0	0	0	0	0	0	0	0	0	0	0	0	0.1	0	0	0	0	0	0	0	0	0	0	0	0	0	0	0	0	0	0	0	0	0	0	0
1990-5-18	0	0	0	0	0	0	0	0	0	0	0	0	0	0	0	0	0	0	0	0	0	0	0	0	0	0	0	0	0	0	0	0	0	0	0	0	0	0	0	0	0	0	0
1990-5-19	0	0	0	0	0	0	0	0	0	0	0	0	0	0	0	0	0	0	0	0	0	0	0	0	0	0	0	0	0	0	0	0	0	0	0	0	0	0	0	0	0	0	0
1990-5-20	0	0	0	0	0	0	0	0	0	0	0	0	0	0	0	0	0	0	0	0	0	0	0	0	0	0	0	0	0	0	0	0	0	0	0	0	0	0	0	0	0	0	0
1990-5-21	0	0	0	0	0	0	0	0	0	0	0	0	0	0	0	0	0	0	0	0	0	0	0	0	0	0	0	0	0	0	0	0	0	0	0	0	0	0	0	0	0	0	0
1990-5-22	0.3	0	1.5	0.2	0	0.6	0	0	0.2	0	0	0	0	0	0	0	0.2	0.3	0	0	0	0	0	0	0	0	0	0	0	0	0	0	0	0	0.2	0	0	0	0	0	0	0	0
1990-5-23	0	0	0	0	0	0	0	0	0	0	0	0	0	0	0	0	0	0.8	0	0	0	0	0	0	0	0	0	0	0	0	0	0	0	0	0	0	0	0	0	0	0	0	0
1990-5-24	0.5	0	1.5	1.5	1.0	1.0	0.9	0.7	0	0	0	0	0	0	0	0	0	0	0	0	0	0	3.8	0.5	1.5	1.7	1.4	3.0	5.0	0	0	0	0	0	1.7	0.5	0.1	0	0	0	0	0	0
1990-5-25	3.6	3.9	2.3	8.3	3.7	1.4	0.4	0.7	3.2	3.8	2.7	2.9	1.5	2.5	3.3	4.4	2.2	2.6	1.2	3.2	0	0.3	1.8	1.0	1.5	1.3	1.5	1.1	1.5	2.5	2.8	27.3	0	3.5	2.3	6.4	4.3	2.8	7.1	7.7	0	17.3	24.9
1990-5-26	0	0	0	0	0	0	0	0	0	0	0	0	0	0	0	0	0	0	0	0	0	0	0	0	0	0	0	0	0	0	0	0	0	0	0	0	0	0	0	0	0	0	0
1990-5-27	0	0	0	0	0	0	0	0	0	0	0	0	0	0	0	0	0	0	0	0	0	0	0	0	0	0	0	0	0	0	0	1.0	0	0	0	0	0	0	0	0	0	0	0
1990-5-28	7.3	4.0	2.6	11.4	8.0	23.7	16.3	19.6	1.9	10.5	10.2	8.9	10.0	3.9	4.6	3.6	0.5	5.4	13.5	1.6	12.9	4.2	19.1	11.0	11.2	8.6	10.2	14.4	6.5	3.2	5.2	14.0	0	0	8.6	6.8	15.7	14.2	4.2	6.0	0	23.4	41.7
1990-5-29	0	0	0	0	0	0	0	0	0	0.3	0	0	0	0	20.8	0	0	0	0	0	0	0	0	0	0	0	0	0	0	0	0	0	0	0	0	0	0	0	5.3	0	0	0	0.9
1990-5-30	12.7	7.5	14.8	11.4	14.0	14.0	15.8	16.0	21.1	16.1	3.7	15.0	15.7	20.8	0	27.9	18.0	25.3	26.0	17.1	24.4	17.7	13.9	15.0	18.0	13.3	9.4	17.2	19.4	15.7	17.4	28.0	0	42.7	12.1	12.3	14.4	13.2	11.5	18.4	0	17.1	15.8
1990-5-31	0.1	0	0	0.9	0	0.2	0	0.8	0.6	2.1	1.0	0.7	0	1.1	0	0	0	0.5	0.5	0.4	0.6	0	0	0	0	0	0	0	0	0	0	1.0	0	0	0	0	0	0	0	0.2	0	0	0
1990-6-1	0	0	0	0	0	0	0	0	0	0	0	0.2	0	0	0	0	0	0	0	0	0	0	0	0	0	0	0	0	0	0	0	0	0	0	0	0	0	0	0	0	0	0	0
1990-6-2	0	0	0	0	0	0	0	0	0	0	0	0	0	0	0	0	0	0	0	0	0	0	0	0	0	0	0	0	0	0	0	0	0	0	0	0	0	0	0	0	0	0	0
1990-6-3	5.7	4.8	7.0	8.1	8.5	7.6	6.9	6.4	8.4	1.2	0.7	0.2	1.2	3.3	0	0	9.6	0.9	7.2	11.6	5.7	2.3	5.9	16.7	10.5	10.3	3.3	27.2	6.4	11.2	1.2	4.2	0	3.5	12.0	24.9	1.4	8.4	0	4.1	0	0	6.7
1990-6-4	0	0	0	0	0	0	0	0	0	0	0	0	0	0	0	0	0	0	0	0	0	0	0	0	0	0	0	0	0	0	0	0	0	0	0	0	0	0	0	0	0	0	0
1990-6-5	4.8	6.3	9.1	4.1	5.4	9.5	8.2	10.8	5.7	31.1	10.9	3.9	0	0.8	2.6	1.5	1.9	0.5	0.2	2.5	2.9	3.8	7.3	5.0	10.7	8.9	4.9	6.0	3.5	1.9	2.7	3.8	0	2.1	8.8	4.7	3.3	5.0	2.0	3.6	0	0	17.4
1990-6-6	5.6	2.6	6.0	8.8	9.0	9.8	9.0	9.1	12.8	7.8	11.6	9.5	13.3	14.6	11.5	9.2	7.3	4.5	5.3	9.9	1.5	0.3	8.6	10.1	12.0	12.9	9.2	17.6	18.5	8.0	4.2	0	0	4.9	11.9	12.9	3.6	3.4	0	1.2	0	0	0.2
1990-6-7	0	0	0	0	0	0	0	0	0	0	0	0	0	0.1	0	0	0	0	6.5	0	0	0	0	0	0	0	0	0	0	0	0	0.9	0	0	0	0	0	0	0	0	0	0	0
1990-6-8	0	0.5	0	0.1	0	0	2.3	0	0.5	0	0	0	0	0	0	0	0	3.1	0	0	0	0	0	0	0	0	0	0	0	0.4	0.2	3.8	0	0	0	7.7	2.6	0	2.9	0.2	0	0	7.6
1990-6-9	0	1.3	0.1	0	0.2	0	0	0.2	0.1	1.2	0	0.5	2.1	2.1	0	0	0	0	0	0	0	0	0	0	0	0	0	0	0	0	0	0	0	0	0	0	0	0	0	0	0	0	0
1990-6-10	0	0	0	0	0	0	0	0	0	0	0	0	0	0	0	0	0	0	0	0	0	0	0	0	0	0	0	0	0	0	0	0	0	0	0	0	10.6	0	0	0	0	0	0
1990-6-11	0	0.1	0	0	0	0	0	0.4	0	0	0	0	0	0	0	0	0	0.2	0.3	0	0	0	0	0	0	0	0	0	0	0	1.1	0	0	0	0	1.0	14.0	0.7	0	0.3	0	0	0
1990-6-12	5.8	3.8	1.6	1.1	5.7	1.0	1.3	1.1	0.3	0	0	0.1	0	0.2	0	0	0	0.7	0.2	0	0	3.5	2.7	1.8	1.0	3.2	0.7	1.3	1.0	2.9	1.1	0	0	2.5	4.4	0.7	0	8.4	10.5	9.0	0	0	2.2
1990-6-13	0	0	0	0	0	0	0	0	0	0	0	0	0	0	0	0	0	0	0	0	0	0	0	0	0	0	0	0	0	0	0	0	0	5.0	0	0	0	0	0	0	0	0	0
1990-6-14	0	0	0	0	2.4	0	0	0	0	0	0	0	0	0	0	0	0	0	0	0	0	0	0	0	0	0	0	0	0	0	0	0	0	0	0	0.2	0	0	0	0	0	0	0
1990-6-15	0	0	0	0	0	0	0	0	0	0	0	0	0	0	0	0	0	0	0	0	0	0	0	0	0	0	0	0	0	0	0	0	0	0	0	0	0	0	0	0.8	0	0	0
1990-6-16	0	0	0	0	0	0	0	0	0	0	0	0	0	0	0	0	0	0	0	0	0	0	0	0	0	0	0	0	0	0	0	0	0	0	0	0	0	0	0	0	0	0	0
1990-6-17	1.0	0	0.2	0	0	0	0.3	0	0	0	0	0	0	0	0	0	0	0	0	0	0	0	2.0	0	0.7	3.1	0	0	0	0	0	0	0	0	1.7	0	0	0	0	0	0	0	0
1990-6-18	0	0	0	0	0	0	0	0	0	0	0	0	0	0	0	0	0	0	0	0	0	0	0	0	0	0	0	0	0	0	0	0	0	0	0	0	0	0	0	0	0	0	0
1990-6-19	0.5	0.7	0.2	0	0.3	2.0	0	0.4	0.2	0	0	0.3	0.5	0.5	0	0	0	0	0	0	0	0	0	0	0.2	0	0	0	0	0	0	0	0	0	0	0	0	0	0	0	0	0	0
1990-6-20	27.6	17.0	22.2	25.4	26.9	26.5	30.4	10.9	13.9	17.2	12.7	14.6	21.7	10.0	10.5	26.9	15.7	18.8	15.5	13.2	25.1	13.8	30.8	38.9	21.4	25.6	21.9	17.3	11.4	24.8	28.9	28.8	12.7	27.2	24.7	8.0	36.3	26.7	21.5	13.7	16.3	29.7	14.5
1990-6-21	5.3	4.3	4.2	5.6	2.2	5.9	6.9	5.5	0.7	1.6	0	0.8	1.3	1.9	0	2.5	4.8	0.7	0.4	13.3	0	6.2	2.6	2.8	4.8	8.8	0.9	6.5	4.0	7.0	11.2	0	2.4	3.0	0	2.0	0.6	2.8	12.5	3.5	0	0	0.7
1990-6-22	5.6	0.7	0	0	4.6	0	0.1	0	2.5	1.0	0	0	2.1	0.2	0	0	0	0.7	0	0	0	0	7.0	2.9	2.0	1.3	0.3	5.1	0.5	0	0.5	0	0	0	0	3.1	0	0	2.2	0.2	0	0	0
1990-6-23	0	0	0	0	1.2	0.2	0	0.9	0	0	0	0	0	0	0	0	0	0	0	0	0	0.9	1.6	0	0	0	1.5	2.6	0	0	0	0	0	0	0	0.2	0	0	0	0	0	0	0
1990-6-24	0	0	0	0	0	0	0	0	0	0	0	0	0	0	0	0	0	0	0	0	0	0	0	0	0	0	0	0	0	0	0	0	0	0	0	0	0	0	0	0	0	0	0
1990-6-25	0	0	0	0	0	0	0	0	0	0	0	0	0	0	0	0	0	0	0	0	0	0	0	0	0	0	0	0	0	0	0	0	0	0	0	0	0	0	0	0	0	0	0
1990-6-26	2.1	0.6	2.8	1.7	1.8	0.8	0.4	1.1	0.4	3.8	1.3	1.8	2.6	2.2	4.5	1.7	0	1.4	1.2	0	0	0	0	3.5	4.0	2.4	4.1	3.7	5.2	0	0	0	0	0	0	0.9	0	0	0	0	0	0	0
1990-6-27	20.9	0.4	0.5	4.3	8.9	1.8	0	4.1	0.3	1.1	0	0	1.1	0.7	2.6	0	0	0	0	0.8	0	0.2	4.3	1.4	8.3	6.5	1.5	9.3	8.2	4.1	1.2	0	10.0	3.7	0	2.4	18.4	30.0	14.9	6.8	2.0	0	21.8
1990-6-28	0	0	0	0	0	0	0	0	0	0	0	0	0	0	0	0	0	0	0	0	0	0	0	0	0	0	0	0	0.6	1.8	1.5	0	8.1	0	0	2.2	1.2	3.8	2.3	38.8	0	0	6.1
1990-6-29	0	0	0	0	0	0	0	0	0	0	0	0	0	0	0	0	0	0	0	0	0	0	0	0	0	0	0	0	0	0	0	0	0	0	0	0	0	0	0	0	0	0	0
1990-6-30	11.6	7.4	4.5	4.4	4.7	1.4	0.5	2.1	0.3	3.2	0.5	0.5	0.6	0	0	0	0	0	0.3	0	0	0	0.8	4.3	0.8	0.8	0.8	0	0.8	0	0	0	0	3.5	0	2.0	0	0	0	0	0	0	0
1990-7-1	0	0	0	2.9	5.7	0	0	0	0	0	0	0.4	0	0	0	0	0	0	0	0	0	0	0.8	1.8	0	0	0	10.2	0	0	0	0	0	0	0.1	2.0	0	0	0	0	0	0	0
1990-7-2	3.1	3.0	0.3	9.1	11.5	3.1	12.6	0.4	0	1.0	0	0	0	0	0	0	0	0	0.1	0	0	0	3.6	23.0	10.1	3.9	13.0	26.8	0	0	0	0	0	0	0	0	0	0	0	0	0	0	0
1990-7-3	0	0	0	0	0	0	0	0	0	0	0	0.1	0	0	0	0	0	0.1	0	0	0	8.0	0	0	0	0	0	0	0	0	0.2	0	0	0	0	0	0	0	0	0	0	0	0
1990-7-4	20.8	9.9	13.3	15.3	16.6	14.0	8.2	16.4	17.0	24.2	21.0	21.6	14.4	10.4	7.5	19.3	30.0	36.1	43.6	44.3	39.0	34.2	27.1	20.6	19.9	25.6	27.1	50.9	21.7	50.0	46.0	60.0	44.2	51.1	41.3	48.5	36.5	0	47.8	35.7	60.0	35.2	42.5
1990-7-5	0	0	1.9	0.2	0	2.5	0	0.1	0	0	0	0	0	0.1	0	0	0	0	0	0	0	0	0	0	0	0	0	0	0	0	0	0	0	0	0.5	0.1	0	30.0	0	0	0	0	0
1990-7-6	28.5	19.6	19.3	18.6	21.3	22.4	30.8	27.2	41.6	31.1	25.0	29.4	30.0	10.3	37.7	38.5	33.0	37.0	42.1	36.4	57.7	42.3	23.2	20.9	24.8	31.7	31.9	26.5	33.3	33.6	47.5	61.9	55.9	60.0	30.8	29.9	52.5	20.0	76.6	56.4	37.2	45.8	53.6
1990-7-7	11.8	9.4	9.4	8.4	9.8	7.4	8.0	7.5	6.6	5.0	5.0	3.4	5.8	6.2	5.3	9.5	15.5	10.8	13.5	10.0	20.1	17.9	15.6	10.2	18.0	13.8	12.4	14.4	10.4	22.0	17.3	22.5	27.4	16.3	17.3	31.6	29.9	19.0	33.5	31.6	27.4	29.8	33.5
1990-7-8	1.0	11.1	4.3	3.8	13.0	2.7	3.4	2.0	1.6	2.4	2.0	2.6	5.1	1.6	0.8	0	0	0.3	0	1.9	0	0	2.2	14.3	6.9	5.1	2.0	6.7	1.9	11.4	4.4	0	0	6.3	4.0	0.2	4.3	2.0	0	2.4	0	0	0
1990-7-9	0.5	1.1	0.7	0	2.2	0	0	0.3	3.1	2.0	1.8	0.2	5.3	3.9	1.2	10.4	7.8	13.2	16.6	9.4	17.6	8.5	0	0	4.0	1.1	2.8	0	3.7	11.2	9.3	10.8	12.8	12.9	0.6	0.1	7.3	15.5	20.4	19.4	7.2	7.7	8.6
1990-7-10	3.9	7.3	18.9	2.8	0.3	2.3	0	0	0.4	7.0	4.8	71.8	2.4	0.3	0	0.8	0	0.7	0	0	0	0	0	0	0	2.7	0	0	0	0	0.1	0	0	0	3.0	3.6	0	0	0	4.6	0	0	0
1990-7-11	0.3	0.4	0.7	1.9	0	0.2	9.7	3.7	0.7	1.8	6.8	1.0	0	0	0	0.4	3.5	0	0	1.2	0	0	0.2	0.7	2.1	7.5	6.6	1.9	0	1.2	0.5	0	0	0	0	0	0.1	0	0	0	0	0	0
1990-7-12	15.6	17.2	17.0	18.5	14.6	10.8	7.9	8.8	6.0	11.0	9.1	7.2	12.2	12.1	28.8	5.0	3.2	9.5	9.8	6.0	10.5	3.2	7.6	12.0	8.3	8.0	6.3	14.8	8.0	1.0	4.9	33.8	39.2	5.4	4.6	2.0	22.6	14.6	22.0	36.7	38.9	37.5	64.0
1990-7-13	1.7	1.5	5.6	2.6	8.2	2.3	4.2	1.9	6.8	3.4	8.2	4.5	8.4	9.9	9.8	11.3	8.2	3.2	2.7	12.2	7.1	3.3	9.0	9.3	6.3	5.8	7.3	20.0	3.3	16.8	12.1	2.7	3.4	18.5	10.5	20.4	29.5	6.3	12.5	3.4	8.2	5.5	8.9
1990-7-14	5.2	6.7	0.3	1.5	7.1	0	6.6	0	0.4	7.5	0	2.7	7.4	4.0	2.4	2.4	0	1.8	0.9	0	0	0.6	7.5	4.6	2.4	4.2	0	5.8	0	0	0	4.0	0	1.0	7.2	4.9	0	0.9	0	0	0	0	0.4
1990-7-15	3.7	7.7	6.4	2.7	6.5	5.3	2.4	1.6	6.7	9.8	6.1	2.9	5.2	3.6	0.6	2.1	12.0	3.5	4.8	8.0	4.4	9.3	6.9	2.2	6.6	8.8	10.3	19.4	9.7	9.5	8.1	3.0	4.2	12.7	21.7	5.5	4.5	4.9	2.5	4.9	11.6	7.3	3.3
1990-7-16	0.3	1.5	0	0	3.1	1.5	0	2.4	9.9	20.4	19.7	0.5	8.1	9.3	5.9	3.8	9.4	20.3	11.3	19.5	24.3	13.3	6.8	4.8	1.2	1.4	7.0	7.9	10.7	12.8	21.9	0	7.0	6.1	1.9	0	49.7	4.2	6.0	4.8	4.5	1.9	12.2
1990-7-17	6.7	2.8	1.7	8.8	3.8	11.2	0.8	1.8	7.0	2.2	2.8	2.1	1.3	19.3	36.7	9.3	1.8	9.4	52.8	8.8	18.4	7.0	12.4	10.7	6.6	10.5	23.1	11.6	17.8	4.5	8.4	0	11.2	8.0	7.9	13.0	3.6	4.5	5.6	21.8	3.0	5.8	3.6
1990-7-18	0	0	0	0	0	0	1.1	4.5	1.7	0.4	0	4.9	8.5	3.3	0	0	0	0	0	0	0	1.9	0	0.5	10.6	0	0	0	0	1.0	0	0	0	0	5.9	0	0	0	3.2	0.1	0	0	6.5
1990-7-19	0.5	0	0	0	0.2	0	0	0.1	0.1	0	0	0	0	0	0	0	0	0	0	0	0	0	0	0	0	0	0	0	0	0	0.1	0	0	0	0.6	0.4	5.8	0	0	0	0	0	0
1990-7-20	0.4	1.2	0.2	1.0	1.5	1.3	1.8	1.9	17.8	6.0	3.6	11.2	15.0	4.5	11.5	12.3	4.8	6.6	13.5	6.4	5.6	0	4.9	5.5	0.3	6.3	2.0	0.6	1.0	1.9	2.2	0	0	1.6	0.8	0.4	0.4	3.5	0	0.2	0	0	0.6
1990-7-21	0	0	0	0	0	0	0	0	0	0	0	0	0	0	0	0	0	0	0	0	0	0	0	0	0	0	0	0	0	0	0	0	0	0	0	0	0	0	0	0	0	0	0
1990-7-22	0	0.3	0	0	0	0	0	0	0	0	0	0.3	0	0	0	0	0	0	0	0	0	0	0	0	0	0	0	0	0	0	0	0	0	0	0	0	0	0	0	0	0	0	0
1990-7-23	0	0	0	0	0	0.2	0	0	0	0	0	0	0	0	0	0	0	0	0	0	0	0	0	0	0	0	0	0	0	0	0	0	0	0	0	0	0	0	0	0	0	0	0
1990-7-24	0	0	0	0	0	0	0	0	0	0	0	0	0	0	0	0	0	0	0	0	0	0	0	0	0	0	0	0	0	0	0	0	0	0	0	0	3.7	0	0	0	0	0	0
1990-7-25	0	4.7	0.9	1.0	0	1.6	0	0.8	0.5	0.8	0	0	0	0	0	0	0	1.0	0	2.0	0	0	2.8	3.1	0.8	0	0.9	0	2.1	0.7	1.2	0	0	3.8	2.7	1.1	0.2	2.5	0	0.2	0	0	1.3
1990-7-26	1.3	1.8	1.4	1.6	1.8	1.6	1.3	3.2	1.4	5.4	0.3	1.9	2.4	1.5	6.0	2.8	1.6	0.2	0	0.9	0	0	1.0	1.5	1.5	0	1.8	0	1.3	1.2	0.3	0.5	0	0.5	0.9	0.2	0	0.3	0	0.2	0	0	0.6
1990-7-27	2.0	0	0	0	0	4.9	0	2.1	0.6	2.2	1.7	0.9	2.3	1.9	6.2	0	1.4	0.6	0.9	0.9	5.8	2.3	2.3	0	1.1	0	1.6	5.3	1.5	0	0.6	0	7.4	1.7	5.7	22.9	13.3	3.5	18.9	5.7	9.2	3.6	2.1
1990-7-28	0	0	0	0	0	0	0	0	0	0	0	0	0	0	0	0	0	0	0	0	0	0	0	0	0	0	0	0	0	0	0	0	2.0	4.4	0	0	0	0	0	0	4.0	3.9	0
1990-7-29	0	0	0	0	0.3	0	0	0	0	0	0	0	0	0	0	0	0	3.0	5.3	3.8	7.8	3.6	1.2	5.5	0.3	0	3.3	3.7	2.9	3.6	5.3	4.1	0	0.6	0.1	2.2	1.2	4.2	1.5	4.0	0	0	3.4
1990-7-30	15.0	17.8	15.8	12.0	12.5	11.6	9.4	4.1	3.1	5.5	1.9	2.8	15.1	3.9	4.4	3.1	2.3	0.2	0	2.1	0	0	12.1	2.9	7.2	6.2	2.3	7.8	1.5	0.9	0.2	0	0	2.2	3.7	10.0	0.1	6.8	0	0	0	0	2.1
1990-7-31	14.9	13.1	13.8	9.7	9.5	11.4	9.1	10.8	1.7	11.4	5.8	9.0	0	0.7	0	0.9	0	0.6	0	0	0	0	0.3	0	1.4	2.4	1.2	0.6	0	0	4.5	0	0	30.3	1.2	0.4	3.5	0	0	0	0	0	1.1
1990-8-1	7.3	5.6	9.9	21.8	13.0	26.2	14.5	30.6	13.7	19.5	23.4	28.6	6.9	8.8	12.0	14.3	10.1	19.6	29.3	14.8	66.0	49.0	26.0	20.2	31.3	30.3	8.7	10.6	16.3	17.7	42.3	14.0	21.0	0	22.5	14.7	28.2	20.0	15.1	17.7	20.5	17.4	27.2
1990-8-2	0	0.4	0	0	1.7	0	0	0.4	0	0	0.9	0	0	0	0	0	0	0	0	0	0	0	0	0	0	0	0	0	0	0	0	0	0	0	0	0	0	0	0	0	0	0	0
1990-8-3	0	0	0	0	0	0	0	0	0	0	0	0	0	0	0	0	0	0	0	0	0	0	0	0	0	0	0	0	0	0	0	8.3	0	0	0	0.2	0	0	0	0	0	0	0
1990-8-4	0	0	0	0	0	0	0	0	0	0	0	0	0	0	0	0	0	0	0	0	0	0	0	0	0	0	0	0	0	0	0	0	0	0	0	0	0	0	0	0	0	0	0
1990-8-5	10.9	7.3	7.3	10.2	10.4	13.2	13.7	2.8	4.4	1.8	3.0	0.5	5.9	1.7	0	0	0	1.1	3.4	1.2	2.7	3.7	9.6	12.9	14.0	13.4	12.2	17.1	8.7	0.7	0.9	0	0	4.6	9.8	5.9	7.1	7.0	2.3	0	0	0	0.7
1990-8-6	18.2	16.7	13.8	6.2	8.6	10.9	6.9	14.0	5.4	17.4	8.6	71.9	6.1	4.3	22.0	6.1	4.2	4.1	2.8	3.0	0	2.4	10.7	7.5	6.0	11.3	6.9	7.2	4.7	1.8	3.0	0	0	2.6	30.8	45.4	2.0	1.8	0	0.9	0	1.2	5.8
1990-8-7	2.1	0	0.5	0.4	0.9	7.9	1.9	8.2	12.2	0.8	23.6	19.1	28.3	12.0	18.4	15.5	12.8	21.7	28.0	15.7	32.2	29.7	5.7	2.5	9.5	8.4	11.4	15.3	5.2	14.8	39.1	16.0	14.7	32.8	8.7	8.7	48.0	44.9	36.8	18.4	21.5	9.3	28.1
1990-8-8	2.2	0.8	0.7	0	0.4	0.8	12.4	0	0.1	0	0	0	0	0	0	0	0	0	0	0	0	0	6.9	6.5	5.8	6.5	0.1	4.0	0	0	0	0	0	0	4.2	2.1	0	3.5	0	0	0	0	0
1990-8-9	2.7	2.7	6.8	2.4	19.5	0.6	1.5	3.2	4.1	12.0	10.7	6.3	7.3	5.2	19.0	9.6	6.4	9.6	12.2	4.0	9.7	8.6	2.8	6.8	2.2	2.4	3.2	2.2	4.6	2.2	6.2	4.8	7.7	1.9	1.0	0.2	1.3	0	26.5	7.1	5.5	4.6	5.5
1990-8-10	2.2	1.2	0.1	0.2	5.9	0	0	0	0	2.4	0	0	0	0	0	0	0	0	0	0	0	0	5.8	0	0	2.4	0	2.1	0	0	0	0	0	0	1.9	0	0	0	0	0	0	0	0
1990-8-11	5.0	4.8	4.9	4.1	5.7	3.9	4.7	4.8	8.3	4.8	8.9	14.5	18.6	10.9	9.8	7.4	5.3	7.1	4.0	3.1	1.9	2.6	5.7	4.4	4.2	4.4	6.4	3.2	3.5	5.7	5.1	22.7	46.9	1.4	4.0	1.5	2.6	5.2	25.6	34.5	19.4	20.2	46.5
1990-8-12	0.4	0	0.1	0	0.2	0.3	0.8	0.5	1.5	1.2	1.6	2.1	2.9	1.9	2.0	1.5	1.0	1.4	1.4	1.7	0	0.2	0	0	1.2	0.7	1.1	0	1.9	1.5	1.2	2.1	0	1.3	0	0.8	1.1	1.0	0	0.9	0	0	0.6
1990-8-13	0.1	0.1	0	0	0	0	0	0	0	0	0	0	0	0	0	0	0	0	0	0	0	0	0	0	0	0	0	0	0	0	0	0	0	0	0	0	0	0	0	0.1	0	0	0
1990-8-14	0	0.9	1.0	0	0	0.1	0.2	0	0	0	0	0	0	0	0	0	0	1.3	0	0	0	1.7	0	0	0.1	0	0	0	0	0	0	0	0	0	0	0	0	0	0	0	0	0	1.4
1990-8-15	10.7	7.3	21.6	4.5	2.0	11.1	3.5	10.8	0	2.0	2.2	4.2	2.1	0	0	0	0	0	0	0	0	0	0	12.0	3.1	0	0	0	0	0	0	0	0	0	0	0	0	0	0	0	0	0	0
1990-8-16	0	1.6	0	0	0.6	0	0	0	0	0	0	0	0	0	0	0	0	0	0	0	0	0	0	0	0.7	0	0	0	0	0	0	0	0	0	0	0	0	0	0	0	0	0	0
1990-8-17	0.9	5.7	0.6	0	13.1	0.5	0.4	0.9	0.2	1.6	0	0.6	0	0	0	0	0	0.4	0	0.5	0	0	0	0	0.1	0	0	0	0	0	0.5	0	0	0	0	0	0	0.2	0	0	0	0	0
1990-8-18	9.3	1.5	8.3	17.6	0	4.8	11.3	0.3	4.3	1.0	1.7	2.7	0	1.9	2.1	5.4	0	0	3.4	0	0	0	7.4	4.4	7.1	7.3	1.0	6.7	6.1	0	0.1	0	0	0	4.0	0.6	0.5	0	0	0	0	0	0
1990-8-19	0	0	0	0	0	0	0	0	0	0	0	0.6	0	1.4	0	0	0	0	0	0	0	0	0	0	0	0	0	0	0	0	0	0	0	3.5	0	0	0	0	0	0	0	0	0
1990-8-20	6.4	14.3	18.2	10.7	12.0	5.2	13.1	10.2	9.4	6.1	7.9	8.5	40.2	4.2	8.3	12.1	10.8	17.2	12.1	12.9	11.6	11.6	8.3	10.5	18.1	13.3	16.7	20.5	11.9	12.0	21.2	11.2	11.6	13.7	7.2	10.5	9.7	19.3	19.0	14.8	7.0	10.5	16.0
1990-8-21	3.5	4.2	1.2	8.4	4.0	0.2	6.7	0.3	17.6	2.0	0	1.8	3.7	1.5	9.6	17.4	5.8	2.9	3.3	2.9	4.4	11.5	2.1	10.8	9.3	3.2	21.8	9.2	5.7	4.0	14.2	9.5	4.4	3.4	3.8	9.1	10.5	2.2	15.1	1.2	5.5	3.5	2.8
1990-8-22	0.1	0	0	0	0	0	0	0	0	0	0	0	0	0	0	0	0	0	0	0	0	0	0	0	0	0	0	0	0	0	0	0	0	0	0	0	0	0	0	0	0	0	0
1990-8-23	0.1	0.5	0	0	0	0	0	0	2.3	1.8	0	1.6	2.1	0	0	0	0	0	0.2	0.4	0	0	2.2	0	0.4	2.2	0	0	0	0	0	0	0	0	1.4	3.3	0	0	0	0	0	0	0
1990-8-24	0	0	0	0	0	0	0	0	0	0	0	0	0	0	0	0	0	0	0	0	0	0	0	0	0	0	0	0	0	0	0	0.7	0	0	0	0	0	0	0	0	0	0	0
1990-8-25	1.4	0.6	3.7	3.6	0	4.6	1.1	1.2	3.0	4.6	3.6	2.2	1.9	2.5	0	0	0	0.1	0.9	0.3	0	0	0	0	2.7	0	0.8	3.3	0	0	0	0	0	0	0	0	0	0	0	0	0	0	0
1990-8-26	0	6.1	2.4	3.8	1.4	3.8	2.4	2.4	1.2	1.9	3.1	1.8	1.1	4.7	9.3	4.1	1.8	0.6	0	0.7	0	0	4.7	4.6	0	3.8	2.2	0	0	0	0.2	0	0	0	2.0	0.5	0	0	0	0	23.8	17.0	0.7
1990-8-27	0	23.7	13.4	6.8	10.8	18.5	12.1	18.6	15.4	28.6	13.6	24.7	14.7	9.5	8.3	17.2	22.9	15.6	28.9	13.6	21.2	14.9	23.2	22.0	13.0	17.6	13.9	16.2	17.3	14.2	12.0	23.2	10.8	0.2	18.6	18.7	12.6	21.0	17.6	9.4	0	0	33.6
1990-8-28	0	1.6	0.9	0	1.0	0.6	0	0.3	0.4	0.8	0	0.8	0	0	0	0	0	0.2	0.9	2.0	13.5	4.7	0	4.5	2.8	0.6	0.1	4.6	1.3	4.5	16.3	20.3	13.0	0	2.2	6.5	16.1	6.2	5.2	13.6	19.6	21.0	19.6
1990-8-29	0	0.2	0	0	0	0	0	0	0	0	0	0	0	0	0	0	0	0	0	0	0	0	0	0	0	0	0	0	0	0	0	0	0	0	0	0	0	0	0	0	0	0	0
1990-8-30	0	0.1	0	0	2.0	0.7	0	5.2	1.1	5.6	8.6	2.0	1.9	0.9	0	0	0	0	0	0	0	2.1	0	0.5	1.9	0	1.7	0	12.1	1.5	1.8	0	0	4.7	13.2	1.3	5.7	2.7	5.0	0.8	5.0	1.5	10.1
1990-8-31	0	0	0	0	0	0	0	0	0	0	0	0	0	0	0	0	0	0	0	0	0	0	0	0	0	0	0	0	0	0	0	0	0	0	0	0	0	0	0	0	0	0	0
1990-9-1	0	0	0	0	0	0	0	0	0.4	0	0	0	0	0	0	0	0	0.1	0	0.7	0	0	0	0	0	0	0.1	0	0	0	0	0	0	0	0	0	0	0	0	0	0	0	0
1990-9-2	0.7	0.3	1.6	0	1.4	3.6	0.6	3.6	25.9	3.2	6.1	2.6	0	0.4	0	0	7.2	7.3	11.9	4.9	3.9	2.9	2.0	0	6.3	0	4.3	14.8	0	7.2	17.1	0	24.5	10.4	0.2	4.0	17.4	7.1	7.6	28.0	30.0	27.6	30.3
1990-9-3	3.8	3.6	18.6	38.8	3.3	13.4	6.1	8.2	16.9	5.6	12.2	1.2	1.2	1.8	6.3	5.1	24.8	14.9	12.2	7.8	11.1	7.4	13.0	11.0	2.2	15.1	18.5	19.4	8.7	15.4	13.6	0	10.5	13.5	11.8	3.8	5.1	5.6	5.0	8.0	7.0	11.4	8.6
1990-9-4	0.1	0	0	0	0	0	0	3.8	0	0	0	0	0	0	0	0	0	0.2	0	0	0	0	0	0	0	0	0	0	0	0	0	0	0	0	0	0	0	0	0	0	0	0	0
1990-9-5	0	0	0	0	0	0	0	0	0	0	0	0	0	0	0	0	0	0	0	0	0	0	0	0	0	0	0	0	0	0	0	0	0	0	0	0	0	0	0	0	0	0	0.9
1990-9-6	0	0	0	0	0	0	0	0	0	0	0	0	0	0	0	0	0	0	9.4	0	0	0	0	0	0	0	0	0	0	0.9	0.3	0	0	0	0	0	0	0	0	0	0	0	0.9
1990-9-7	13.3	12.2	11.6	6.5	10.1	14.1	13.9	14.1	9.9	8.2	13.0	14.1	14.9	15.3	5.5	12.0	11.4	14.0	0	15.2	11.2	10.7	13.8	13.0	14.2	16.2	12.2	14.8	8.0	19.4	12.9	0	9.6	16.0	16.6	13.6	0	11.0	9.6	8.3	9.0	11.4	7.5
1990-9-8	0	0	0	0	0	0	0	0	0	0	0	0	0	0	0	0	0	0	0	0	0	0	0	0	0	0	0	0	3.1	0	0	0	0	0	0	0	0	0	0	0	0	0	1.6
1990-9-9	0	0	0	0	0	0	0	0	0	0	0	0	0	0	0	0	0	0	0	0	0	0	0	0	0	0	0	0	0	0	0	20.7	0	0	0	0	0	0	0	0	0	0	0
1990-9-10	0	0	0	0	0	0	0	0	0	0	0	0	0	0	0	0	0	0	0	0	0	0	0	0	0	0	0	0	0	0	0	0	0	0	0	0	0	0	0	0	0	0	0
1990-9-11	1.8	0.5	0.3	0	0.2	1.3	0	0	0	1.8	0	0	0	0	0	0	0	0.1	0	0.2	0	0	0	0	0	0	0.1	0	0	0	0	0	0	0	0	0	0	0	0	0	0	0	0
1990-9-12	2.1	1.2	0.4	2.9	3.6	0.9	2.5	0.2	0	0.4	0	1.4	2.5	1.1	0	1.1	0	0.6	0.5	0	0	0.3	7.1	0	0.6	0	0	0	0	0	0	0	0	0	1.0	0	0	0	0	0.2	7.0	0	0.9
1990-9-13	4.7	5.1	12.7	7.8	7.3	8.5	9.5	10.3	4.5	6.1	9.5	1.5	1.2	2.8	5.1	6.3	9.8	7.5	4.7	19.7	13.6	23.2	4.5	8.7	17.9	5.9	21.2	7.7	8.7	21.4	19.2	10.0	13.4	18.3	2.7	3.2	17.4	0	12.6	16.7	0	21.6	17.7
1990-9-14	0	0	0	0	0	0	0	0	0	0	0	0	0	0	0	0	0	0	0	0	0	0	0	0	0	0	0	0	0	0	0	0	0	0	0	0	0	15.1	0	0	0	0	0
1990-9-15	0.6	0.5	0.2	0	0.4	0	1.5	0	0	0	0	0	0	0	0	0	0	0	0	0	0	0	0	0	0.1	0	0	0	0	0	0	0	0	0	0.1	0	0	0	0	0	0	0	0
1990-9-16	9.4	9.5	11.2	5.3	18.8	5.8	6.5	5.2	4.9	4.2	3.1	1.0	2.1	2.5	3.8	6.8	0	3.1	16.7	3.0	4.3	8.5	6.8	4.7	3.5	9.6	6.4	4.6	3.9	4.1	2.3	0.1	14.3	9.9	7.2	3.3	9.9	0	9.3	13.4	5.0	18.8	12.2
1990-9-17	0	0	0	0	0	0	0	0	0	0	0	0	0	0	0	0	0	0	0	0	0	0	0	0	0	0	0	0	0	0	0	0	0	0	0	0	0	7.1	0	0	0	0	0
1990-9-18	0.1	0	0	0	0	0	0	0	0	0	0	0	0	0	0	0	0	0	0	0	0	0	0	0	0	0	0	0	0	0	0	0	0	0	0	0	1.2	0	0	0	0	0	0
1990-9-19	0	0	0	0	0	0	0	1.0	0.7	0	0	0	2.8	0.5	0	0	0	0	0.4	0.1	0	0.5	0	0	0.1	0	0.5	5.1	0	0	0	0	0	0.8	0	0.2	0	0	0	0	0	0	0
1990-9-20	1.8	0.5	1.0	2.1	1.0	1.2	1.6	0.8	0.3	1.6	1.2	1.2	1.3	1.7	0	0	0	0.7	0	0.5	0	2.7	0	2.5	3.3	8.8	4.0	0.2	0	0	1.6	0	2.5	1.5	8.5	2.7	1.0	0.2	0	0.9	0	0	0.5
1990-9-21	0	0.1	0	0	0	0.1	0	0	0	0	0	0	0	0	0	0	0	0	0	0	0	0	0	0	0.1	0	0	0	0	0	0	0	0	0	0.1	0.2	0	1.0	0	0	0	0	0
1990-9-22	0	0	0	0	0	0	0	0	0	0	0	0	0	0	0	0	0	0	0	0	0	0	0	0	0	0	0	0	0	0	0	0	0	0	0	0	0	0	0	0	0	0	0
1990-9-23	0	0.6	1.3	0	0	2.6	0	0.5	7.5	0	10.6	1.0	4.8	6.0	16.3	9.6	2.0	4.8	5.8	5.0	0	18.9	3.2	0	0	6.9	0.9	3.4	0	1.3	2.1	0	0	0	6.3	0	3.7	0	0	1.3	0	0	0.3
1990-9-24	0	0	0	0	0.6	0	0	0	0	0	0	0	0	0	0	0	0	0	0	0	0	0	9.4	4.5	0.2	4.8	0	0	0	0	0	0	0	0	3.0	6.6	0	0.6	0	0	0	0	0
1990-9-25	0	3.6	4.4	0.7	2.6	5.8	3.4	11.9	9.9	12.0	12.3	22.6	14.0	0.6	6.1	0	0	1.0	0	0.8	2.2	0	2.8	7.2	6.6	3.3	13.6	8.5	6.8	0	1.5	0	0	2.2	1.6	4.0	0	0	0	0	0	0	0
1990-9-26	5.4	0	7.6	5.8	8.1	15.7	13.3	15.6	10.0	17.4	11.3	12.4	10.8	10.1	9.7	18.9	2.2	14.8	19.8	21.7	30.8	18.4	12.3	13.8	11.1	13.5	14.3	24.5	3.7	10.1	22.0	19.1	17.8	19.4	13.0	6.8	19.7	0.3	18.6	19.5	14.8	19.7	24.3
1990-9-27	14.5	0	0	0	0	0	0	0	0	0	0	0	0	0	0	0	0	0	0	0	0	0	0	0	0	0	0	0	0	0	0	0	0	0	0	12.2	0	1.0	0	0	0	0	0
1990-9-28	1.7	0	0	0	0	0	0	0	0	0	0	0	0	0	0	0	0	0	0	0	0	0	6.7	0	0	0	0	0	0	0	0	0	0	0	0	0	0	0	0	0	0	0	0
1990-9-29	0.1	0	0	0	0	0	0	0	0	0	0	0	0	0	0	0	0	0	0	0	0	0	0	0	0	0	0	0	0	0	0	0	0	0	0	0	0	0	0	0	0	0	0
1990-9-30	5.7	0	0	0	0	0	0	0	0	0	0	0	0	0	0	0	0	0	0	0	0	0	0	0	0	0	0	0	0	0	0	0	0	0	0	0	0	0	0	0	0	0	0
1990-10-1	0	0	0	0	0	0	0	0	0	0	0	0	0	0	0	0	0	0	0	0	0	0	0	0	0	0	0	0	0	0	0	0	0	0	0	0	0	0	0	0	0	0	0
1990-10-2	0	0	0	0	0	0	0	0	0	0	0	0	0	0	0	0	0	0	0	0	0	0	0	0	0	0	0	0	0	0	0	0	0	0	0	0	0	0	0	0	0	0	0
1990-10-3	0	0	0	0	0	0	0	0	0	0	0	0	0	0	0	0	0	0	0	0	0	0	0	0	0	0	0	0	0	0	0	0	0	0	0	0	0	0	0	0	0	0	0
1990-10-4	0	0	0	0	0	0	0	0	0	0	0	0	0	0	0	0	0	0	0	0	0	0	0	0	0	0	0	0	0	0	0	0	0	0	0	0	0	0	0	0	0	0	0
1990-10-5	0	0	0	0	0	0	0	0	0	0	0	0	0	0	0	0	0	0	0	0	0	0	0	0	0	0	0	0	0	0	0	0	0	0	0	0	0	0	0	0	0	0	0
1990-10-6	0	0	0	0	0	0	0	0	0	0	0	0	0	0	0	0	0	0	0	0	0	0	0	0	0	0	0	0	0	0	0	0	0	0	0	0	0	0	0	0	0	0	0
1990-10-7	0	0	0	0	0	0	0	0	0	0	0	0	0	0	0	0	0	0	0	0	0	0	0	0	0	0	0	0	0	0	0	0	0	0	0	0	0	0	0	0	0	0	0
1990-10-8	0	0	0	0	0	0	0	0	0	0	0	0	0	0	0	0	0	0	0	0	0	0	0	0	0	0	0	0	0	0	0	0	0	0	0	0	0	0	0	0	0	0	0
1990-10-9	0	0	0	0.2	0	0	0	0	0	0	0	0	0	0	0	0	0	0	0	0	0	0	0	0	0	0	0	0	0	0	0	0	0	0	0	0	0	0	0	0	0	0	0
1990-10-10	0	0.2	0.1	0.1	0.5	0.2	0.6	0.1	0.1	1.4	0	0.3	0.7	0	0	0	0	0	0	0	0	0	0	0	0	0	0	0	0	0	0	0	0	0	0	0	0	0	0	0	0	0	0
1990-10-11	0	0	0	0	0	0	0	0	0	0	0	0	0	0	0	0	0	0	0	0	0	0	0	0	0	0	0	0	0	0	0	0	0	0	0	0	0	0	0	0	0	0	0
1990-10-12	0	0.1	0	0	0	0	0	0	0	0	0	0	0	0	0	0	0	0	0	0	0	0	0	0	0	0	0	0	0	0	0	0	0	0	0	0	0	0	0	0	0	0	0
1990-10-13	0	0	0	0	0.5	0.2	0	0	8.3	0	0.6	0.1	2.4	0	0	6.7	0	3.2	0.4	0.6	0	0	0	0	0	0	0	0	0	0	0.1	0	0	0	0	0.2	0	0	0	3.4	0	0	0
1990-10-14	0	0	0	0	0	0	0	0	0	0	0	0	0	0	0	0	0	0	0	0	0	0	0	0	0	0	0	0	0	0	0	0	0	1.8	0	0	0	0	0	0	0	0	0
1990-10-15	0.9	0	0	0.6	0.7	0	0	0	7.4	1.2	1.3	0.5	0	0	0	0	0	0.1	1.0	0	0	0	0	0	0	0	0	9.6	1.0	0.6	1.7	0	0	0	0	0	0	0	0	0	0	0	0
1990-10-16	0	0	0	0	0	0	0	0	0	0	0	0	0	0	0	0	0	0	0	0	0	0	0	0	0	0	0	0	0	0	0	0	0	0	0	0	0	0	0	0	0	0	0
1990-10-17	0	0	0	0	0	0	0	0	0	0	0	0	0	0	0	0	0	0	0	0	0	0	0	0	0	0	0	0	0	0	0	0	0	0	0	0	0	0	0	0	0	0	0
1990-10-18	0	0	0	0	0	0	0	0	0	0	0	0	0	0	0	0	0	0	0	0	0	0	0	0	0	0	0	0	0	0	0	0	0	0	0	0	0	0	0	0	0	0	0
1990-10-19	0	0.7	0	0	0	0.1	0	0	0	3.0	0	0	0	0	0	0	0	0	0	0	0	0	0	0	0	0	0	0	0	0	0	0	0	0	0	0	0	0	0	0	0	0	0
1990-10-20	0	0.5	0	0	0	0.8	0	0	0	0	0	0.4	0	0	0	0	0	0	0	0	0	0	0	0	0	0	0	0	0	0	0	0	0	0	0.9	1.6	0	0	0	0	0	0	0
1990-10-21	1.5	0.1	0	0	0	0.1	1.6	0	0	0	0	0.4	0	0	0	0	1.1	0.6	0	0.9	0	0	2.6	3.3	2.8	2.4	1.0	0.4	0.7	0.3	0.5	0	0	0	2.1	0.3	0	0	0	0.1	0	0	0
1990-10-22	0	0	0	0	0	1.2	0.4	0	0	0	0	0	0	0	0	0	0	0	0	0	0	0	0	1.5	0	0	0	1.5	0.5	0.3	0.1	0	0	1.9	0.9	0	0	0	0	0	0	0	0
1990-10-23	0.5	0	0	0	0	0	0	0	0	0	0	0	0	0	0	0	0	0	0	0	0	0	0	0	0	0	0	0	0	0	0	0	0	0	0	0	0	0	0	0	0	0	0
1990-10-24	1.0	0	0	0	0	0	0	0	0	0	0	0	0	0	0	0	0	0	0	0	0	0	0	0	0	0	0	0	0	0	0	0	0	0	0	0	0	0	0	0	0	0	0
1990-10-25	3.4	0	0	0	0	0	0	0	0	0	0	0	0	0	0	0	0	0	0	0	0	0	0	0	0	0	0	0	0	0	0	0	0	0	0	0	0	0	0	0	0	0	0
1990-10-26	0	0	0	0	0	0	0	0	0	0	0	0	0	0	0	0	0	0	0	0	0	0	0	0	0	0	0	0	0	0	0	0	0	0	0	0	0	0	0	0	0	0	0
1990-10-27	0	0	0	0	0	0	0	0	0	0	0	0	0	0	0	0	0	0	0	0	0	0	0	0	0	0	0	0	0	0	0	0	0	0	0	0	0	0	0	0	0	0	0
1990-10-28	0	0	0	0	0	0	0	0	0	0	0	0	0	0	0	0	0	0	0	0	0	0	0	0	0	0	0	0	0	0	0	0	0	0	0	0	0	0	0	0	0	0	0
1990-10-29	0	0	0	0	0	0	0	0	0	0	0	0	0	0	0	0	0	0	0	0	0	0	0	0	0	0	0	0	0	0	0	0	0	0	0	0	0	0	0	0	0	0	0
1990-10-30	0	0	0	0	0	0	0	0	0	0	0	0	0	0	0	0	0	0	0	0	0	0	0	0	0	0	0	0	0	0	0	0	0	0	0	0	0	0	0	0	0	0	0
1990-10-31	0	0	0	0	0	0	0	0	0	0	0	0	0	0	0	0	0	0	0	0	0	0	0	0	0	0	0	0	0	0	0	0	0	0	0	0	0	0	0	0	0	0	0
1990-11-1	0	0	0	0	0	0	0	0	0	0	0	0	0	0	0	0	0	0	0	0	0	0	0	0	0	0	0	0	0	0	0	0	0	0	0	0	0	0	0	0	0	0	0
1990-11-2	0	0	0	0	0	0	0	0	0	0	0	0	0	0	0	0	0	0	0	0	0	0	0	0	0	0	0	0	0	0	0	0	0	0	0	0	0	0	0	0	0	0	0
1990-11-3	2.6	3.1	1.1	1.9	2.6	2.3	2.4	3.0	1.9	1.0	0	0.2	0	0.4	1.4	0	2.1	0.2	0	1.6	0	0	2.5	2.7	2.6	2.5	2.0	1.9	1.5	0.8	1.6	0	0	0	2.1	0.2	0	2.0	0	0.2	0	0.4	0.1
1990-11-4	0	0	0	0	0	0	0	0	0	0	0	0	0	0	0	0	0	0	0	0	0	0	0	0	0	0	0	0	0	0	0	0	0	1.0	0	0	0	0.5	0	0	0	0	0
1990-11-5	0	0.6	0.2	0.9	2.3	0.4	0.7	0	0	2.1	3.7	0	0.5	0	0	0	1.1	0	0	1.3	0	0	2.1	2.3	2.2	2.0	1.3	0.6	3.0	0.6	0.4	0	0	1.4	4.2	1.2	0	0	0	0.2	0	0	0
1990-11-6	0	0	0	0	0	0	0	0	0	0	0	0	0	0	0	0	0	2.4	0	0	0	0	0	0	0	0	0	0	0	0	0	0	0	0	0	0	0	0	0	0	0	0	0
1990-11-7	0.3	0	0	0.6	2.3	0.4	1.3	0	2.3	0.6	0	0.1	0	2.6	1.6	1.3	2.5	0	2.4	2.4	0	1.1	2.6	2.5	2.6	2.7	4.1	5.4	4.4	3.6	3.5	0	0	2.4	0.8	1.1	2.2	3.4	2.0	2.7	0	0	2.4
1990-11-8	0	0	0	0	0	0	0	0	0	0	0	0	0	0	0	0	0	0	0	0	0	0	0	0	0	0	0	0	0	0	0	0	0	0	0	0	0	0	0	0.2	0	0	0
1990-11-9	0	0	0	0	0	0	0	0	0	0	0	0	0	0	0	0	0	0	0	0	0	0	0	0	0	0	0	0	0	0	0	0	0	0	0	0	0	0	0	0	0	0	0
1990-11-10	0	0	0	0	0	0	0	0	0	0	0	0	0	0	0	0	0	0	0	0	0	0	0	0	0	0	0	0	0	0	0	0	0	0	0	0	0	0	0	0	0	0	0
1990-11-11	0	0	0	0	0	0	0	0	0	0	0	0	0	0	0	0	0	0	0	0	0	0	0	0	0	0	0	0	0	0	0	0	0	0	0	0	0	0	0	0	0	0	0
1990-11-12	0	0	0	0	0	0	0	0	0	0	0	0	0	0	0	0	0	0	0	0	0	0	0	0	0	0	0	0	0	0	0	0	0	0	0	0	0	0	0	0	0	0	0
1990-11-13	0	0	0	0	0	0	0	0	0	0.8	1.9	0	0	0	0	0	0	0	0	0	0	0	0	0	0	0	0	0	0	0	0	0	0	0	0	0	0	0	0	0	0	0	0
1990-11-14	0	0	0	0	0	0	0	0	0	0	0	0	0	0	0	0	0	0	0	0	0	0	0	0	0	0	0	0	0	0	0	0	0	0	0	0	0	0	0	0	0	0	0
1990-11-15	0	0	0	0	0	0	0	0	0	0	0	0	0	0	0	0	0	0	0	0	0	0	0	0	0	0	0	0	0	0	0	0	0	0	0	0	0	0	0	0	0	0	0
1990-11-16	0	0	0	0	0	0	0	0	0	0	0	0	0	0	0	0	0	0	0	0	0	0	0	0	0	0	0	0	0	0	0	0	0	0	0	0	0	0	0	0	0	0	0
1990-11-17	0	0	0	0	0	0	0	0	0	0	0	0	0	0	0	0	0	0	0	0	0	0	0	0	0	0	0	0	0	0	0	0	0	0	0	0	0	0	0	0	0	0	0
1990-11-18	0	0	0	0	0	0	0	0	0	0	0	0	0	0	0	0	0	0	0	0	0	0	0	0	0	0	0	0	0	0	0	0	0	0	0	0	0	0	0	0	0	0	0
1990-11-19	0	0	0	0	0	0	0	0	0	0	0	0	0	0	0	0	0	0	0	0	0	0	0	0	0	0	0	0	0	0	0	0	0	0	0	0	0	0	0	0	0	0	0
1990-11-20	0	0	0	0	0	0	0	0	0	0	0	0	0	0	0	0	0	0	0	0	0	0	0	0	0	0	0	0	0	0	0	0	0	0	0	0	0	0	0	0	0	0	0
1990-11-21	0	0	0	0	0	0	0	0	0	0	0	0	0	0	0	0	0	0	0	0	0	0	0	0	0	0	0	0	0	0	0	0	0	0	0	0	0	0	0	0	0	0	0
1990-11-22	0	0	0	0	0	0	0	0	0	0	0	0	0	0	0	0	0	0	0	0	0	0	0	0	0	0	0	0	0	0	0	0	0	0	0	0	0	0	0	0	0	0	0
1990-11-23	0	0	0	0	0.6	0	0.2	0	0	0	0	0	0	0	0	0	0	0	0	0	0	0	0	0	0	0.4	0	0	0	0	0	0	0	0	1.2	0	0	0	0	0	0	0	0
1990-11-24	0.1	0	0	0	0	0	0	0	0	0	0	0	0	0	0	0	0	0	0	0	0	0	0	0	0	0	0	0	0	0	0	0	0	0	0	0	0	0	0	0	0	0	0
1990-11-25	0.2	0	0	0	0	0	0	0	0	0	0	0	0	0	0	0	0	0	0	0	0	0	0	0	0	0	0	0	0	0	0	0	0	0	0	0	0	0	0	0	0	0	0
1990-11-26	0	0	0	0	0	0	0	0	0	0	0	0	0	0	0	0	0	0	0	0	0	0	0	0	0	0	0	0	0	0	0	0	0	0	0	0	0	0	0	0	0	0	0
1990-11-27	0	0	0	0	0	0	0	0	0	0	2.7	0	0	0	0	0	0	0	0	0	0	0	0	0	0	0	0	0	0	0	0	0	0	0	0	0	0	0	0	0	0	0	0
1990-11-28	0	0	0	0	0	0.8	1.1	2.0	2.8	1.2	0	1.2	0	0	1.2	0	0	0.1	0.6	0.3	0	0	1.0	0	0	0.8	0	0	1.2	0	0.6	0.2	0	0	0	0	1.5	0	1.0	2.3	0	1.2	2.1
1990-11-29	1.6	0.5	0.4	1.2	0	0	0	0	0	0	0	0	5.6	2.1	0	0.6	2.1	0	0	0	0	0	0	1.6	1.2	0	0.5	1.3	0	1.2	0	0	0	0	1.4	2.3	0	1.6	0	0	0	0	0
1990-11-30	0.2	0	0	0	0	0	0	0	0	0	0	0	0	0	0	0	0	0	0	0	0	0	0	0	0	0	0	0	0	0	0	0	0	0	0	0	0	0	0	0	0	0	0
1990-12-1	0	0	0	0	0	0	0	0	0	0	0	0	0	0	0	0	0	0	0	0	0	0	0	0	0	0	0	0	0	0	0	0	0	0	0	0	0	0	0	0	0	0	0
1990-12-2	0	0	0	0	0	0	0	0	0	0	0	0	0	0	0	0	0	0	0	0	0	0	0	0	0	0	0	0	0	0	0	0	0	0	0	0	0	0	0	0	0	0	0
1990-12-3	0	0	0	0	0	0	0	0	0	0	0	0	0	0	0	0	0	0	0	0	0	0	0	0	0	0	0	0	0	0	0	0	0	0	0	0	0	0	0	0	0	0	0
1990-12-4	0	0	0	0	0	0	0	0	0	0	0	0	0	0	0	0	0	0	0	0	0	0	0	0	0	0	0	0	0	0	0	0	0	0	0	0	0	0	0	0	0	0	0
1990-12-5	0	0	0	0	0	0	0	0	0	0	0	0	0	0	0	0	0	0	0	0	0	0	0	0	0	0	0	0	0	0	0	0	0	0	0	0	0	0	0	0	0	0	0
1990-12-6	0	0	0	0	0	0	0	0	0	0	0	0	0	0	0	0	0	0	0	0	0	0	0	0	0	0	0	0	0	0	0	0	0	0	0	0	0	0	0	0	0	0	0
1990-12-7	0	0	0	0	0	0	0	0	0	0	0	0	0	0	0	0	0	0	0	0	0	0	0	0	0	0	0	0	0	0	0	0	0	0	0	0	0	0	0	0	0	0	0
1990-12-8	0	0	0	0	0	0	0	0	0	0	0	0	0	0	0	0	0	0	0	0	0	0	0	0	0	0	0	0	0	0	0	0	0	0	0	0	0	0	0	0	0	0	0
1990-12-9	0.3	0.4	0	0	0	0	0.2	0	0	0.6	0	0	0	0	0	0	0	0	0	0	0	0	0	0	0	0	0	0	0	0	0	0.3	0	0	0.2	0	0	0	0	0	0	0.5	0.2
1990-12-10	0	0	0	0	0	0	0	0	0	0	0	0	0	0	0	0	0	0	0	0	0	0	0	0	0	0	0	0	0	0	0	0	0	0	0	0	0	0	0	0	0	0	0
1990-12-11	0	0	0	0	0.4	0	0	0	0	0	0	0	0	0	0	0	0	0	0	0	0	0	0	0	0	0	0	0	0	0	0	0	0	0	0	0	0	0	0	0	0	0	0
1990-12-12	0	0	0	0	1.1	0	0	0	0	0	0	0	0	0	0	0	0	0	0	0	0	0	0	0	0	0	0	0	0	0	0	0	0	0	0	0	0	0	0	0	0	0	0
1990-12-13	0.1	0	0	0	0	0	0	0	0	0	0	0	0	0	0	0	0	0	0	0	0	0	0	0	0	0	0	0	0	0	0	0	0	0	0	0	0	0	0	0	0	0	0
1990-12-14	0	0	0	0	0	0	0	0	0	0	0	0	0	0	0	0	0	0	0	0	0	0	0	0	0	0	0	0	0	0	0	0	0	0	0	0	0	0	0	0	0	0	0
1990-12-15	0	0	0	0	0	0	0	0	0	0	0	0	0	0	0	0	0	0	0	0	0	0	0	0	0	0	0	0	0	0	0	0	0	0	0	0	0	0	0	0	0	0	0
1990-12-16	0	0	0	0	0	0	0	0	0	0	0	0	0	0	0	0	0	0	0	0	0	0	0	0	0	0	0	0	0	0	0	0	0	0	0	0	0	0	0	0	0	0	0
1990-12-17	0	0	0	0	0	0	0	0	0	0	0	0	0	0	0	0	0	0	0	0	0	0	0	0	0	0	0	0	0	0	0	0	0	0	0	0	0	0	0	0	0	0	0
1990-12-18	0	0	0	0	0	0	0	0	0	0	0	0	0	0	0	0	0	0	0	0	0	0	0	0	0	0	0	0	0	0	0	0	0	0	0	0	0	0	0	0	0	0	0
1990-12-19	0	0	0	0	0	0	0	0	0	0	0	0	0	0	0	0	0	0	0	0	0	0	0	0	0	0	0	0	0	0	0	0	0	0	0	0	0	0	0	0	0	0	0
1990-12-20	1.8	0.9	0	0.1	0	0	0.3	0	0	2.0	0.2	0	0.2	0	0	0	0	0	0	0.1	0	0	0	0	0	0	0	0	0	0	0	0	0	0	0	0	0	0	0	0	0	0	0
1990-12-21	0	0	0	0	0	0	0	0	0	0.8	0	0	0	0	0	0	0	0	0	0	0	0	0	0	0	0	0	0	0	0	0	0	0	0	0	0	0	0	0	0	0	0	0
1990-12-22	0	0	0	0	0	0	0	0	0	0	0	0	0	0	0	0	0	0	0	0	0	0	0	0	0	0	0	0	0	0	0	0	0	0	0	0	0	0	0	0	0	0	0
1990-12-23	0	0	0	0	0	0	0	0	0	0	0	0	0	0	0	0	0	0	0	0	0	0	0	0	0	0	0	0	0	0	0	0	0	0	0	0	0	0	0	0	0	0	0
1990-12-24	0	0	0	0	0	0	0	0	0	0	0	0	0	0	0	0	0	0	0	0	0	0	0	0	0	0	0	0	0	0	0	0	0	0	0	0	0	0	0	0	0	0	0
1990-12-25	0	0	0	0	0	0	0	0	0	0	0	0	0	0	0	0	0	0	0	0	0	0	0	0	0	0	0	0	0	0	0	0	0	0	0	0	0	0	0	0	0	0	0
1990-12-26	0	0	0	0	0	0	0	0	0	0	0	0	0	0	0	0	0	0	0	0	0	0	0	0	0	0	0	0	0	0	0	0	0	0	0	0	0	0	0	0	0	0	0
1990-12-27	0	0	0	0	0	0	0	0	0	0	0	0	0	0	0	0	0	0	0	0	0	0	0	0	0	0	0	0	0	0	0	0	0	0	0	0	0	0	0	0	0	0	0
1990-12-28	0	0	0	0	0	0	0	0	0	0	0	0	0	0	0	0	0	0	0	0	0	0	0	0	0	0	0	0	0	0	0	0	0	0	0	0	0	0	0	0	0	0	0
1990-12-29	0	0	0	0	0	0	0	0	0	0	0	0	0	0	0	0	0	0	0	0	0	0	0	0	0	0	0	0	0	0	0	0	0	0	0	0	0	0	0	0	0	0	0
1990-12-30	0	0	0	0	0	0	0	0	0	0	0	0	0	0	0	0	0	0	0	0	0	0	0	0	0	0	0	0	0	0	0	0	0	0	0	0	0	0	0	0	0	0	0
1990-12-31	0	0	0	0	0	0	0	0	0	0	0	0	0	0	0	0	0	0	0	0	0	0	0	0	0	0	0	0	0	0	0	0	0	0	0	0	0	0	0	0	0	0	0
1991-1-1	0	0	0	0	0	0	0	0	0	0	0	0	0	0	0	0	0	0	0	0	0	0	0	0	0	0	0	0	0	0	0	0	0	0	0	0	0	0	0	0	0	0	0
1991-1-2	0	0	0	0	0	0	0	0	0	0.3	0	0	0	0	0	0	0	0	0	0	0	0	0	0	0	0	0	0	0	0	0	0	0	0	0	0	0	0	0	0	0	0	0
1991-1-3	0	0	0	0	0	0	0	0	0	0	0	0	0	0	0	0	0	0	0	0	0	0	0	0	0	0	0	0	0	0	0	0	0	0	0	0	0	0	0	0	0	0	0
1991-1-4	0	0	0	0	0	0	0	0	0	0	0	0	0	0	0	0	0	0	0	0	0	0	0	0	0	0	0	0	0	0	0	0	0	0	0	0	0	0	0	0	0	0	0
1991-1-5	0	0	0	0	0	0	0	0	0	0	0	0	0	0	0	0	0	0	0	0	0	0	0	0	0	0	0	0	0	0	0	0	0	0	0	0	0	0	0	0	0	0	0
1991-1-6	0.1	0	0	0	0	0	0	0	0	0	0	0	0	0	0	0	0	0	0	0	0	0	0	0	0	0	0	0	0	0	0	0	0	0	0	0	0	0	0	0	0	0	0
1991-1-7	0	0	0	0	0	0	0	0	0	0	0	0	0	0	0	0	0	0	0	0	0	0	0	0	0	0	0	0	0	0	0	0	0	0	0	0	0	0	0	0	0	0	0
1991-1-8	0	0	0	0	0	0	0	0	0	0	0	0	0	0	0	0	0	0	0	0	0	0	0	0	0	0	0	0	0	0	0	0	0	0	0	0	0	0	0	0	0	0	0
1991-1-9	0	0	0	0	0	0	0	0	0	0	0	0	0	0	0	0	0	0	0	0	0	0	0	0	0	0	0	0	0	0	0	0	0	0	0	0	0	0	0	0	0	0	0
1991-1-10	0	0	0	0	0	0	0	0	0	0	0	0	0	0	0	0	0	0	0	0	0	0	0	0	0	0	0	0	0	0	0	0	0	0	0	0	0	0	0	0	0	0	0
1991-1-11	0	0	0	0	0	0	0	0	0	0	0	0	0	0	0	0	0	0	0	0	0	0	0	0	0	0	0	0	0	0	0	0	0	0	0	0	0	0	0	0	0	0	0
1991-1-12	0	0	0	0	0	0	0	0	0	0	0	0	0	0	0	0	0	0	0	0	0	0	0	0	0	0	0	0	0	0	0	0	0	0	0	0	0	0	0	0	0	0	0
1991-1-13	0	0	0	0	0	0	0	0	0	0.6	0	0	0.3	0	0	0	0	0	0	0	0	0	0	0	0	0	0	0	0	0	0	0	0	0	0	0	0	0	0	0	0	0	0
1991-1-14	0	0	0	0	0	0	0	0	0	0	0	0	0	0	0	0	0	0	0	0	0	0	0	0	0	0	0	0	0	0	0	0	0	0	0	0	0	0	0	0	0	0	0
1991-1-15	0	0	0	0	0	0	0	0	0	0	0	0	0	0	0	0	0	0	0	0	0	0	0	0	0	0	0	0	0	0	0	0	0	0	0	0	0	0	0	0	0	0	0
1991-1-16	0	0	0	0	0	0	0	0	0	0	0	0	0	0	0	0	0	0	0	0	0	0	0	0	0	0	0	0	0	0	0	0	0	0	0	0	0	0	0	0	0	0	0
1991-1-17	0	0	0	0	0	0	0	0	0	0	0	0	0	0	0	0	0	0	0	0	0	0	0	0	0	0	0	0	0	0	0	0	0	0	0	0	0	0	0	0	0	0	0
1991-1-18	0	0	0	0	0	0	0	0	0	0	0	0	0	0	0	0	0	0	0	0	0	0	0	0	0	0	0	0	0	0	0	0	0	0	0	0	0	0	0	0	0	0	0
1991-1-19	0	0	0	0	0	0	0	0	0	0	0	0	0	0	0	0	0	0	0	0	0	0	0	0	0	0	0	0	0	0	0	0	0	0	0	0	0	0	0	0	0	0	0
1991-1-20	0	0	0	0	0	0	0	0	0	0	0	0	0	0	0	0	0	0	0	0	0	0	0	0	0	0	0	0	0	0	0	0	0	0	0	0	0	0	0	0	0	0	0
1991-1-21	0	0	0	0	0	0	0	0	0	0	0	0	0	0	0	0	0	0	0	0	0	0	0	0	0	0	0	0	0	0	0	0	0	0	0	0	0	0	0	0	0	0	0
1991-1-22	0	0	0	0	0	0	0	0	0	0	0	0	0	0	0	0	0	0	0	0	0	0	0	0	0	0	0	0	0	0	0	0	0	0	0	0	0	0	0	0	0	0	0
1991-1-23	0	0	0	0	0	0	0	0	0	0	0	0	0	0	0	0	0.5	0	0	0	0	0	0	0	0	0	0	0	0	0	0	0	0	0	0	0	0	0	0	0	0	0	0.1
1991-1-24	0	0	0	0	0	0	0	0	0	0	0	0	0	0	0	0	0	0	0	0	0	0	0	0	0	0	0	0	0	0	0	0	0	0	0	0	0	0	0	0	0	0	0
1991-1-25	0	0	0	0	0	0	0	0	0	0	0	0	0	0	0	0	0	0	0	0	0	0	0	0	0	0	0	0	0	0	0	0	0	0	0	0	0	0	0	0	0	0	0
1991-1-26	0	0	0	0	0	0	0	0	0	0	0	0	0	0	0	0	0	0	0	0	0	0	0	0	0	0	0	0	0	0	0	0	0	0	0	0	0	0	0	0	0	0	0
1991-1-27	0	0	0	0	0	0	0	0	0	0	0	0	0	0	0	0	0	0	0	0	0	0	0	0	0	0	0	0	0	0	0	0	0	0	0	0	0	0	0	0	0	0	0
1991-1-28	0.4	0.3	0.3	0.7	0	0.1	0.1	0	0	0.3	0	0	0	0	0	0	0.6	0.1	0	0	0	0	0	0	0	0	0	0	0	0	0	0	0	0	0	0	0	0	0	0	0	0	0
1991-1-29	0.2	0	0	0	0	0	0	0	0	0.4	0	0	0	0	0	0	0	0	0	0.1	0	0	0	0	0	0	0	0	0	0	0	0	0	0	0	0	0	0	0	0	0	0	0
1991-1-30	0.8	0	0	0	0	0	0	0	0	0	0	0	0	0	0	0	0	0	0	0	0	0	0	0	0	0	0	0	0	0	0	0	0	0	0	0	0	0	0	0	0	0	0
1991-1-31	0	0	0	0	0	0	0	0	0	0	0	0	0	0	0	0	0	0	0	0	0	0	0	0	0	0	0	0	0	0	0	0	0	0	0	0	0	0	0	0	0	0	0
1991-2-1	0	0	0	0	0	0	0	0	0	0	0	0	0	0	0	0	0	0	0	0	0	0	0	0	0	0	0	0	0	0	0	0	0	0	0	0	0	0	0	0	0	0	0
1991-2-2	0.6	0	0	0	0.7	0	0	0	0	0.3	0	0	0	0	0	0	0	0	0	0	0	0	0.5	0.4	0.4	0.6	0	0	0	0	0	0	0	0	0	0	0	0	0	0	0	0	0
1991-2-3	0	0	0	0	0	0	0	0	0	0	0	0	0	0	0	0	0	0	0	0	0	0	0	0	0	0	0	0	0	0	0	0	0	0	0	0	0	0	0	0	0	0	0
1991-2-4	0	0	0	0	0	0	0	0	0	0	0	0	0	0	0	0	0	0	0	0	0	0	0	0	0	0	0	0	0	0	0	0	0	0	0	0	0	0	0	0	0	0	0
1991-2-5	0	0	0	0	0	0	0	0	0	0	0	0	0	0	0	0	0	0	0	0	0	0	0	0	0	0	0	0	0	0	0	0	0	0	0	0	0	0	0	0	0	0	0
1991-2-6	0	0	0	0	0	0	0	0	0	0	0	0	0	0	0	0	0	0	0	0	0	0	0	0	0	0	0	0	0	0	0	0	0	0	0	0	0	0	0	0	0	0	0
1991-2-7	0	0	0	0	0	0	0	0	0	0	0	0	0	0	0	0	0	0	0	0	0	0	0	0	0	0	0	0	0	0	0	0	0	0	0	0	0	0	0	0	0	0	0
1991-2-8	0	0	0	0	0	0	0	0	0	0	0	0	0	0	0	0	0	0	0	0	0	0	0	0	0	0	0	0	0	0	0	0	0	0	0	0	0	0	0	0	0	0	0
1991-2-9	0.1	0	0	0.2	0	0	0	0	3.2	0.6	3.2	0.3	0	0	3.2	0.6	0.6	0.4	0	0.1	0.1	0	0	0	0	0	0.1	0.1	0.4	0.2	0.1	0	0	0	0	0.2	0	0	0	0	0	0	0
1991-2-10	0	0	0	0	0	0	0	0	0	0	0	0	0	0	0	0	0	0	0	0	0.2	0	0	0	0	0	0	0	0	0	0	0	0	0	0	0	0	0	0	0.1	0	0	0
1991-2-11	0	0	0	0	0	0	0	0	0	0	0	0	0	0	0	0	0	0	0	0	0	0	0	0	0	0	0	0	0	0	0	0	0	0	0	0	0	0	0	0	0	0	0
1991-2-12	0	0	0	0	0	0	0	0	0	0	0	0	0	0	0	0	0	0	0	0	0	0	0	0	0	0	0	0	0	0	0	0	0	0	0	0	0	0	0	0	0	0	0
1991-2-13	0	0	0	0	0	0	0	0	0	0	0	0	0	0	0	0	0	0	0	0	0	0	0	0	0	0	0	0	0	0	0	0	0	0	0	0	0	0	0	0	0	0	0
1991-2-14	2.1	2.1	1.2	0.8	2.0	1.6	1.8	3.0	5.1	4.2	3.9	3.2	0.9	1.0	0	1.7	2.0	1.3	1.7	1.9	0.2	1.1	1.6	4.3	4.3	2.8	3.6	3.6	4.8	1.8	0.7	0	0	0.8	1.4	0.2	0.5	0.8	0	0.2	0	0	0.8
1991-2-15	0.5	0.5	0.2	0.4	1.8	0	0.4	1.0	0	0.5	0	0	0.4	0	0	0.8	1.0	0.9	1.3	1.5	0	1.1	2.3	3.0	3.0	2.9	0.7	1.7	1.6	0.6	0.4	6.0	0	1.2	2.8	0.6	1.0	1.2	1.0	0.7	0	0	1.2
1991-2-16	0	0	0	0	0	0	0	0	0	0	0	0	0	0	0	0	0	0	0	0	0	0	0	0	0	0	0	0	0	0	0	0	0	0	0	0	0	0	0	0	0	0	0
1991-2-17	0	0	0	0	0	0	0	0	0	0	0	0	0	0	0	0	0	0	0	0	0	0	0	0	0	0	0	0	0	0	0	0	0	0	0	0	0	0	0	0	0	0	0
1991-2-18	0	0	0	0	0	0	0	0	0	0	0	0	0	0	0	0	0	0	0	0	0	0	0	0	0	0	0	0	0	0	0	0	0	0	0	0	0	0	0	0	0	0	0
1991-2-19	0.1	0	0	0.1	0	0	0	0	0	0.3	0	0	0	0	0	0	0	0	0	0	0	0	0	0	0	0	0	0	0	0	0	0	0	0	0	0	0	0	0	0	0	0	0
1991-2-20	0	0	0	0	0	0	0	0	0	0	0	0	0	0	0	0	0	0	0	0	0	0	0	0	0	0	0	0	0	0	0	0	0	0	0	0	0	0	0	0	0	0	0
1991-2-21	0	0	0	0	0	0	0	0	0	0	0	0	0	0	0	0	0	0	0	0	0	0	0	0	0	0	0	0	0	0	0	0	0	0	0	0	0	0	0	0	0	0	0
1991-2-22	0	0	0	0	0	0	0	0	0	0	0	0	0	0	0	0	0	0	0	0	0	0	0	0	0	0	0	0	0	0	0	0	0	0	0	0	0	0	0	0	0	0	0
1991-2-23	0	0	0	0	0	0	0	0	0	0	0	0	0	0	0	0	0	0	0	0	0	0	0	0	0	0	0	0	0	0	0	0	0	0	0	0	0	0	0	0	0	0	0
1991-2-24	0	0	0	0	0	0	0	0	0	0	0	0	0	0	0	0	0	0	0	0	0	0	0	0	0	0	0	0	0	0	0	0	0	0	0	0	0	0	0	0	0	0	0
1991-2-25	0	0	0	0	0	0	0	0	0	0	0	0	0	0	0	0	0	0	0	0	0	0	0	0	0	0	0	0	0	0	0	0	0	0	0	0	0	0	0	0	0	0	0
1991-2-26	0	0	0	0	0	0	0	0	0	0	0	0	0	0	0	0	0	0	0	0	0	0	0	0	0	0	0	0	0	0	0	0	0	0	0	0	0	0	0	0	0	0	0
1991-2-27	0	0	0	0	0	0	0	0	0	0	0	0	0	0	0	0	0	0	0	0	0	0	0	0	0	0	0	0	0	0	0	0	0	0	0	0	0	0	0	0	0	0	0
1991-2-28	0	0	0	0	0	0	0	0	0	0	0	0	0	0	0	0	0	0	0	0	0	0	0	0	0	0	0	0	0	0	0	0	0	0	0	0	0	0	0	0	0	0	0
1991-3-1	0	0	0	0	0	0	0	0	0	0	0	0	0	0.2	0	0	0	0	0	0	0	0	0	0	0	0	0	0	0	0	0	0	0	0	0	0	0	0	0	0	0	0	0
1991-3-2	0	0	0	0	0	0	0	0	0	0	0	0	0	0	0	0	0	0	0	0	0	0	0	0	0	0	0	0	0	0	0	0	0	0	0	0	0	0	0	0	0	0	0
1991-3-3	0	0	0	0	0	0	0	0	0	0	0	0	0	0	0	0	0	0	0	0	0	0	0	0	0	0	0	0	0	0	0	0	0	0	0	0	0	0	0	0	0	0	0
1991-3-4	0	0	0	0	0	0	0	0	0	0	0	0	0	0	0	0	0	0	0	0	0	0	0	0	0	0	0	0	0	0	0	0	0	0	0	0	0	0	0	0	0	0	0
1991-3-5	0	0	0	0	0	0	0	0	0	0	0	0	0	0	0	0	0	0	0	0	0	0	0	0	0	0	0	0	0	0	0	0	0	0	0	0	0	0	0	0	0	0	0
1991-3-6	0	0	0	0	0	0	0	0	0	0	0	0	0	0	0	0	0	0	0	0	0	0	0	0	0	0	0	0	0	0	0	0	0	0	0	0	0	0	0	0	0	0	0
1991-3-7	0.4	0.4	0	0.1	0.4	0	0.3	0.5	2.3	0.6	0	0	0	0	0	0	0	0.2	0	0	0	0.1	0.6	0.7	0.7	0.6	0	0.9	0	0	0	0	0	1.2	0.1	0	0	1.2	0	0	0	0	0.2
1991-3-8	0.1	0.6	0.5	0.7	0.7	0.5	0.5	0	0.9	0.4	1.1	2.1	1.1	0.9	0.9	0.6	0.2	1.1	0.1	0.2	0	0.5	0	0	0	0	0.4	0.7	1.2	0.5	0.5	3.2	0	0	1.8	0.1	1.5	0	0	0.1	0	0	0
1991-3-9	0	0	0	0	0	0	0	0	0	0	0	0	0	0	0	0.2	0	0.1	0	0	0	0	0	0	0	0	0	0	0	0	0	0	0	0	0	0	0	0	0	0	0	0	0
1991-3-10	0.1	0	0	0	0	0	0	0	0.3	0.4	0	1.5	1.5	0.6	1.4	2.7	0.1	0.1	0	0	0	0	0	0	0	0	0	0	0	0	0	0	0	0	0	0	0	0	0	0	0	0	0
1991-3-11	0.9	0.4	0	0.9	0.3	0.4	1.3	0	4.6	2.6	0.8	4.5	0	0	0	0	0	1.9	0	1.3	4.2	1.6	3.1	4.5	4.5	3.7	1.5	1.4	1.9	2.0	1.4	3.1	0	1.8	2.9	1.4	2.8	1.8	1.8	0	0	0	0.2
1991-3-12	1.6	2.2	3.3	2.7	2.5	3.9	3.7	3.0	1.1	5.4	4.1	8.6	5.2	6.8	7.1	2.3	2.0	2.8	1.5	3.9	4.8	2.5	1.4	1.1	1.1	1.9	2.7	2.3	2.9	2.3	2.7	3.8	0	3.8	3.2	3.5	5.7	3.8	3.5	4.0	0	0	2.6
1991-3-13	0	0	0	0	0	0	0	0	0	0	0	0	0	0	0	0	0	0	0	0	0	0	0	0	0	0	0	0	0	0	0	0	0	0	0	0	0	0	0	0	0	0	0
1991-3-14	0.7	0.5	0.3	0.2	0.3	0.2	0.2	0	0.8	1.3	0.3	1.0	0	0	0	0.4	0.4	0.3	0.1	0.4	0	0.1	0	0	0	0	0.3	0.5	0.7	0.5	0.2	0	0	0.5	0	0	0	0.5	0.5	0	0	0	1.4
1991-3-15	0	0	0	0	0	0	0	0	0	0	0	0	0	0	0	0	0	0	0	0	0	0	0	0	0	0	0	0	0	0	0	0	0	0	0	0	0	0	0	0.4	0	0	0
1991-3-16	0	0	0	0	0	0	0	0	0	0	0	0	0	0	0	0	0	0	0	0	0	0	0	0	0	0	0	0	0	0	0	0	0	0	0	0	0	0	0	0	0	0	0
1991-3-17	0	0	0	0	0	0	0	0	0	0	0	0	0	0	0	0	0	0	0	0	0	0	0	0	0	0	0	0	0	0	0	0	0	0	0	0	0	0	0	0	0	0	0
1991-3-18	0	0	0	0	0	0	0	0	0	0	0	0	0	0	0	0	0	0	0	0	0	0	0	0	0	0	0	0	0	0	0	0	0	0	0	0	0	0	0	0	0	0	0
1991-3-19	0	0	0	0	0	0	0	0	0	0	0	0	0	0	0	0	0	0	0	0	0	0	0	0	0	0	0	0	0	0	0	0	0	0	0	0	0	0	0	0	0	0	0
1991-3-20	0	0	0	0	0	0	0	0	0	0	0	0	0	0	0	0	0	0	0	0	0	0	0	0	0	0	0	0	0	0	0	0	0	0	0	0	0	0	0	0	0	0	0
1991-3-21	0	0	0	0	0	0	0	0	0	0	0	0	0	0	0	0	0	0	0	0	0	0	0	0	0	0	0	0	0	0	0	0	0	0	0	0	0	0	0	0	0	0	0
1991-3-22	0	0	0	0	0	0	0	0	0	0	0	0	0	0	0	0	0	0	0	0	0	0	0	0	0	0	0	0	0	0	0	0	0	0	0	0	0	0	0	0	0	0	0
1991-3-23	1.4	2.3	0.3	1.4	1.9	2.0	2.6	0	0	2.5	0	0.5	0	0	0	0.2	0.9	0	0	1.0	0	0	1.7	2.4	2.4	3.7	2.5	1.9	1.4	0	0	0	0	0	4.1	2.5	1.5	0	0	0	0	0	0
1991-3-24	0	0	0	0	0	0	0	0	0	0	0	0	0	0	0	0	0	0	0	0	0	0	0	0	0	0	0	0	0	0	0	0	0	0	0	0	0	0	0	0	0	0	0
1991-3-25	0	0	0	0	0	0	0	0	0	0	0	0	0	0	0	0	0	0	0	0	0	0	0	0	0	0	0	0	0	0	0	0	0	0	0	0	0	0	0	0	0	0	0
1991-3-26	1.5	5.3	6.5	5.6	2.2	8.7	4.0	7.2	8.1	10.0	4.5	9.5	8.9	8.4	10.5	5.8	4.8	7.1	7.3	5.8	6.1	4.5	7.3	6.8	6.8	5.2	3.5	4.6	5.6	5.1	4.5	4.8	0	8.2	6.3	8.3	5.2	8.2	5.5	6.8	0	0	9.4
1991-3-27	0.2	0.3	0	0.3	0.1	0.1	0.3	0	1.2	0.9	0	1.5	0.4	0.2	0.4	0.3	1.0	0.8	0.3	0.2	0.2	0.4	0.7	0.7	0.7	1.6	0.5	0.7	0.9	0.7	1.0	0	0	0	1.2	0.8	1.5	0	0	0.3	0	0	0
1991-3-28	2.2	3.1	1.8	1.9	1.4	1.5	1.0	2.2	1.5	3.2	3.1	3.5	2.2	3.0	2.9	2.2	0.9	3.1	2.4	1.1	2.7	2.1	1.1	0.5	0.5	1.4	0.8	0.4	2.1	0.7	0.9	5.5	0	2.4	0.3	0.3	2.5	2.4	3.1	1.4	0	0	2.9
1991-3-29	0.3	0.4	0	0.2	0.1	0	0	0	0	2.1	0	0	0	0	0	0	0	0	0	0	0	0	0	0	0	0	0	0	0	0	0	0	0	0	0	0	0	0	0	0	0	0	0
1991-3-30	0.2	0.2	0	0	0	0	0	0	0	0	0	0	0	0	0	0	0	0	0	0	0	0	0	0	0	0	0	0	0	0	0	0	0	0	0	0	0	0	0	0	0	0	0
1991-3-31	0	0	0	0	0	0	0	0	0	0	0	0	0	0	0	0	0	0	0	0	0	0	0	0	0	0	0	0	0	0	0	0	0	0	0	0	0	0	0	0	0	0	0
1991-4-1	0	0	0	0	0	0	0	0	0	0	0	0	0	0	0	0	0	0	0	0	0	0	0	0	0	0	0	0	0	0	0	0	0	0	0	0	0	0	0	0	0	0	0
1991-4-2	0	0	0	0	0	0	0	0	0	0	0	0	0	0	0	0	0	0	0	0	0	0	0	0	0	0	0	0	0	0	0	0	0	0	0	0	0	0	0	0	0	0	0
1991-4-3	0	0	0	0	0	0	0	0	0	0	0	0	0	0	0	0	0	0	0	0	0	0	0	0	0	0	0	0	0	0	0	0	0	0	0	0	0	0	0	0	0	0	0
1991-4-4	0	0	0	0	0	0	0	0	0	0.3	0	0	0	0	0	0	0	0	0	0	0	0	0	0	0	0	4.4	0	0	0	0	0	0	0	0	0	0	0	0	0	0	0	0
1991-4-5	0	0	0	0	0	0	0	0	0	0	0	0	0	0	0	0	0	0	0	0	0	0	0	0	0	0	15.4	0	0	0	0	0	0	0	0	0	0	0	0	0	0	0	0
1991-4-6	0.2	0	0.2	0	0.4	0	0.1	0	0	0	0	0	3.0	1.0	0	0	0	0.1	0	0.5	0	0	0	0	0	1.4	3.8	0.7	0	0	0	0	0	0.3	1.0	0	0	0.3	0	0	0	0	0
1991-4-7	0	0	0	0	0	0	0	0	0	0	0	0	0	0	0	0	0	0	0	0	0	0	0	0	0	0	0	0	0	0	0	0	0	0	0	0	0	0	0	0	0	0	0
1991-4-8	0	0	0	0	0	0	0	0	0	0	0	0	0	0	0	0	0	0	0	0	0	0	0	0	0	0	0	0	0	0	0	0	0	0	0	0	0	0	0	0	0	0	0
1991-4-9	8.4	10.2	2.2	7.3	6.5	6.4	6.1	4.5	3.2	6.6	6.4	7.5	1.0	3.8	2.3	1.1	1.2	1.5	2.2	2.8	0	1.2	6.3	5.3	5.3	5.7	0	5.5	2.9	1.4	2.2	0	0	0	5.8	5.1	0	0	0	0.6	0	0	1.1
1991-4-10	9.9	24.1	8.0	19.2	17.4	18.4	15.2	18.9	12.0	1.8	13.9	16.1	14.5	9.5	8.2	10.8	16.0	8.3	8.6	12.6	7.2	7.1	19.0	18.6	18.6	11.4	0	14.1	15.2	11.6	10.2	7.5	0	12.6	12.3	15.5	10.0	12.6	0	7.1	0	0	4.6
1991-4-11	2.7	0.7	0.8	4.1	3.5	4.7	4.5	6.0	4.6	4.4	4.7	5.9	6.6	7.0	4.3	5.6	4.5	5.1	4.9	17.2	12.8	5.8	3.9	3.2	3.2	5.3	0	5.6	9.4	6.0	6.3	5.6	0	6.1	3.9	3.5	3.2	6.1	0	6.2	0	0	6.2
1991-4-12	0	0	0	0	0	0	0	0	0	0	0	0	0	0	0	0	0	0	0	0	0	0	0	0	0	0	0	0	0	0	0	0	0	0	0	0	5.2	0	9.1	0	0	0	0
1991-4-13	0	0	0	0	0	0	0	0	0	0	0	0	0	0	0	0	0	0	0	0	0	0	0	0	0	0	0	0	0	0	0	0	0	0	0	0	0	0	7.4	0	0	0	0
1991-4-14	0	0	0	0	0	0	0	0	0	0	0	0	0	0	0	0	0	0	0	0	0	0	0	0	0	0	0	0	0	0	0	0	0	0	0	0	0	0	0	0	0	0	0
1991-4-15	0	0	0	0	0	0	0	0	0	0	0	0	0	0	0	0	0	0	0	0	0	0	0	0	0	0	0	0	0	0	0	2.5	0	0	0	0	0	0	0	0	0	0	0
1991-4-16	2.6	3.0	0.1	2.7	3.0	1.6	3.0	2.5	3.0	8.0	3.1	3.6	2.9	2.5	2.4	0.6	2.1	2.3	2.6	3.8	3.3	2.4	4.6	2.1	2.1	4.1	4.1	7.1	4.2	1.6	2.3	0	0	4.2	3.8	3.2	4.0	4.2	2.6	2.1	0	0	2.7
1991-4-17	0	0	0	0	0.2	0	0	0	0	0	0.7	0	0	0	0	0	0	1.5	1.6	0	0	1.2	0	1.2	1.2	0	0	0.7	0.7	0	0	4.0	0	0	1.2	1.7	0.4	0	0	1.1	0	0	0.4
1991-4-18	0	0	0	0	0	0	0	0	0	0	0	0	0	0	0	0	0	0	0	0	0	0	0	0	0	0	0	0	0	0	0	0	0	0	0	0	0	0	0	0	0	0	0
1991-4-19	0	0	0	0	0	0	0	0	0	0	0	0	0	0	0	0	0	0	0	0	0	0	0	0	0	0	0	0	0	0	0	0	0	0	0	0	0	0	0	0	0	0	0
1991-4-20	0	0	0	0	0	0	0	0	0	0	0	0	0	0	0	0	0	0	0	0	0	0	0	0	0	0	0	0	0	0	0	0	0	0	0	0	0	0	0	0	0	0	0
1991-4-21	0	0	0	0	0	0	0	0	0	0	0	0	0	0	0	0	0	0	0	0	0	0	0	0	0	0	0	0	0	0	0	0	0	0	0	0	0	0	0	0	0	0	0
1991-4-22	0	0	0	0	0	0	0	0	0	0	0	0	0.2	0	0	0	0.2	0	0	0	0	0	0	0	0	0	0	0.4	0	0	0	0	0	0	0	0	0	0	0	0	0	0	0
1991-4-23	1.8	0	1.9	0.6	1.3	0.3	0.5	0	0	2.8	1.2	0	0.9	3.6	4.6	1.2	1.3	1.2	1.2	1.1	0	1.1	0.6	0.4	0.4	0.8	0.6	0.8	0.5	1.4	1.6	0	0	1.5	0.2	2.6	1.5	1.5	4.7	4.0	0	0	7.9
1991-4-24	0	0	0	0	0	0	0	0	0	0	0	0	0	0	0	0	0	0	0	0	0	0	0	0	0	0	0	0	0	0	0	0	0	0	0	0	0	0	0	0	0	0	0
1991-4-25	0	0	0	0	0	0	0	0	0	0	0	0	0	0	0	0	0	0	0	0	0	0	0	0	0	0	0	0	0	0	0	0	0	0	0	0	0	0	0	0	0	0	0
1991-4-26	0	0	0	0	0	0	0	0	0	0	5.3	0	0	0	0	0	0	0	0	0	0	0	0	0	0	0	0	0	0	0	0	0	0	0	0	0	0	0	0	0	0	0	0
1991-4-27	2.3	3.4	4.2	3.1	1.2	4.8	4.2	6.7	4.2	4.2	0	4.0	7.5	9.3	7.2	3.4	3.4	5.9	5.8	4.1	9.1	6.1	2.0	4.1	4.1	3.9	4.0	4.2	2.8	5.5	8.5	4.9	0	6.8	2.8	5.6	4.5	6.8	0	8.2	0	0	5.0
1991-4-28	0	0	0	0	0	0	0	0	0	0	0	0	0	0	0	0	0	0	0	0	0	0	0	0	0	0	0	0	0	0	0	0	0	0	0	0	0	0	0	0	0	0	0
1991-4-29	0.4	0	0	0	0	0	0	0	0	0	0	0	0	0	0	0	0	0	0	0	0	0	0	0	0	0	0	0	0	0	0	0	0	0	0	0	0	0	0	0	0	0	0
1991-4-30	0.5	0	0	0	3.0	0	0.1	0	0	0.3	0	0	0	0	0	0	0	0	0	0	0	0	0	0	0	0.4	0	0	0	0	0	0	0	0	0	0	0	0	0	0	0	0	0
1991-5-1	0	0	0	0	0	0	0	0	0	0	0	0	0	0	0	0	0	0	0	0	0	0	0	0	0	0	0	0	0	0	0	0	0	0	0	0	0	0	0	0	0	0	0
1991-5-2	0	0	0	0	0	0	0	0	0	0	0	0	0	0	0	0	0	0	0	0	0	0	0	0	0	0	0	0	0	0	0	0	0	0	0	0	0	0	0	0	0	0	0
1991-5-3	0	0	0	0	0	0	0	0	0	0	0	0	0	0	0	0	0	0	0	0	0	0	0	0	0	0	0	0	0	0	0	0	0	0	0	0	0	0	0	0	0	0	0
1991-5-4	0	0	0	0	0	0	0	0	0	0	0	0	0	0	0	0	0	0	0	0	0	0	0	0	0	0	0	0	0	0	0	0	0	0	0	0	0	0	0	0	0	0	0
1991-5-5	0	0	0.1	0.5	0.3	1.1	0.3	0	0	0.6	1.2	1.5	1.0	0.9	0	0	0	0.4	0.4	0	0	0	0	0	0	0	0	1.2	0	0	0.3	0	0	0	0	0	0	0	0	1.3	0	0	0.8
1991-5-6	0.4	0	0	0.1	0.4	0	0.2	0	0	0	0	0	0	0	0	0	0	0	0	0	0	0	0	0	0	0	0	0.6	0	0	0	0	0	0	0.2	0	0	0	0	0	0	0	0
1991-5-7	0	0	0	0	0	0	0	0	0	0	0	0	0	0	0	0	0	0	0	0	0	0	0	0	0	0	0	0	0	0	0	0	0	0	0	0	0	0	0	0	0	0	0
1991-5-8	0	0	0	0	0	0	0	0	0	0	0	0	0	0	0	0	0	0	0	0	0	0	0	0	0	0	0	0	0	0	0	0	0	0	0	0	0	0	0	0	0	0	0
1991-5-9	0	0	0	0	0	0	0	0	0	0	0	0	0	0	0	0	0	0	0	0	0	0	0	0	0	0	0	0	0	0	0	0	0	0	0	0	0	0	0	0	0	0	0
1991-5-10	0	0	0	0	0	0	0	0	0	0	0	0	0	0	0	0	0	0	0	0	0	0	0	0	0	0	0	0	0	0	0	0	0	0	0	0	0	0	0	0	0	0	0
1991-5-11	0	0	0	0	0	0	0	0	0	0	0	0	0	0	0	0	0	0	0	0	0	0	0	0	0	0	0	0	0	0	0	0	0	1.5	0	0	0	1.5	0	0	0	0	0
1991-5-12	0	0	0	0	0	0	0	0	0	0	0	0	0	0	0	0	0	0	0	0	0	0	0	0	0	0	0	0	0	0	0	0	0	0.5	0	0	0	0.5	0	0	0	0	0
1991-5-13	0.1	0.7	0.4	0	0.4	1.0	1.5	4.2	2.3	7.8	0.5	1.0	1.5	0.9	1.0	1.9	1.2	1.7	1.3	0.7	0	0.3	4.8	1.2	1.2	6.0	2.5	2.2	1.3	1.3	3.1	0	0	0	1.4	2.4	0.2	0	0	1.4	0	0	2.7
1991-5-14	10.8	1.5	3.1	2.7	14.8	2.0	1.5	0	0	3.0	0	0	0	0.7	0	1.3	0	0.9	1.1	1.4	0	0	0	0	0	0	0.3	4.1	1.6	0.4	0	0	0	0	2.1	1.4	0.8	0	0	0.3	0	0	0
1991-5-15	0	1.9	0	0	0	0	0	0	0	0	0	0	0	0	0	0	0	0	0	0	0	0	0	0	0	0	0	0	0	0	0	0	0	0	0.7	0.7	0	0	0	0.5	0	0	0
1991-5-16	0	0	0	0	0	0	0	0	0	0	0	0	0	0	0	0	0	0	0	0	0	0	0	0	0	0	0	0	0	0	0	0	0	0	0	0	0	0	0	0	0	0	0
1991-5-17	0	0	0	0	0	0	0	0	0	0	0	0	0	0	0	0	0	0	0	0	0	0	0	0	0	0	0	0	0	0	0	0	0	0	0	0	0	0	0	0	0	0	0
1991-5-18	0	0	0	0	0	0	0	0	0	0	0	0	0	0	0	0	0	0	0	0	0	0	0	0	0	0	0	0	0	0	0	0	0	0	0	0	0	0	0	0	0	0	0
1991-5-19	0	0	0	0	0	0	0	0	0	0	0	0	0	0	0	0	0	0	0	0	0	0	0	0	0	0	0	0	0	0	0	0	0	0	0	0	0	0	0	0	0	0	0
1991-5-20	0	0	0	0	0	0	0	0	0	0	0	0	0	0	0	0	0	0	0	0	0	0	0	0	0	0	0	0	0	0	0	0	0	0	0	0	0	0	0	0	0	0	0
1991-5-21	0	0	0	1.4	0	0	9.1	0	0.2	0	0	0	0	0.7	0	0	1.5	0	0	0	0	0	0	8.8	8.8	4.3	3.9	0	2.1	2.0	3.7	0	0	0	0	0.4	0	0	0	1.0	0	0	0
1991-5-22	6.3	6.3	6.4	5.6	13.0	7.2	8.5	4.7	5.8	6.2	5.1	6.3	6.6	8.5	6.4	7.4	1.7	7.3	5.9	4.2	0	4.8	7.7	6.0	6.0	3.5	4.6	5.3	2.0	2.5	3.7	1.5	0	2.2	3.5	2.0	0.5	2.2	0	4.0	0	0	1.4
1991-5-23	2.5	1.2	3.2	1.6	2.6	0.6	2.3	2.6	1.3	2.1	1.9	2.5	4.9	2.7	2.2	0	0.9	0.1	0.2	0.5	0	0.2	1.2	3.4	3.4	0.3	0.9	0.5	3.2	0	0.2	4.0	0	1.0	2.4	0.8	0	1.0	0	1.2	0	0	1.6
1991-5-24	7.1	7.9	9.0	8.5	6.5	10.9	10.7	16.5	20.5	19.0	18.8	24.4	23.9	26.0	22.8	29.1	23.0	24.7	27.7	21.5	32.7	26.8	8.6	9.4	9.4	21.0	12.8	13.8	11.5	20.7	23.3	20.8	0	18.2	13.1	10.5	13.5	18.2	22.0	27.8	0	0	32.5
1991-5-25	4.9	4.6	4.8	4.7	4.7	5.1	4.7	5.4	5.7	5.2	5.0	4.5	6.9	6.8	6.0	6.0	3.2	5.5	4.5	4.7	5.0	3.9	5.3	4.8	4.8	5.7	5.5	5.7	3.6	4.8	4.1	8.0	0	4.7	5.0	5.1	5.5	4.7	6.0	5.5	0	0	4.7
1991-5-26	0	0	0	0	0	0	0	0	0	0	0	0	0	0	0	0	0	0	0	0	0	0	0	0	0	0	0	0	0	0	0	0	0	0	0	0	0	0	0	0	0	0	0
1991-5-27	1.0	1.1	1.4	1.4	0.5	0.4	0.1	1.0	0	2.4	1.1	1.7	1.8	0.2	0	0	0	0.7	0.7	0.1	0	0.6	0	0	0	0	0	0	0	0	0	0.5	0	0	0	0	0	0	0	0	0	0	0
1991-5-28	0	0	0	0.4	0	0.1	0	0.3	0.1	0	0	0.1	0.2	0	0	0.3	0.2	0.4	0	0.1	0	0	1.6	0	0	1.3	0	0	0	0	0.1	0	0	0	0.4	0	0	0	0	0	0	0	0.2
1991-5-29	0.6	8.4	0.4	3.1	0.5	2.2	2.5	1.8	4.2	4.9	4.9	4.0	2.3	4.5	3.1	2.9	3.5	3.7	2.8	4.9	6.9	2.0	2.0	2.7	2.7	1.9	4.7	0	6.2	5.8	4.0	1.0	0	3.0	1.0	1.4	0	3.0	0	1.9	0	0	1.3
1991-5-30	10.6	7.3	4.3	3.9	1.3	15.9	0.6	4.6	1.3	0.7	1.3	0	0	3.0	20.0	1.4	0	0.1	0	0.9	0	1.7	1.1	0	0	7.8	0.2	11.5	1.7	1.2	0.9	3.0	0	2.8	2.8	17.3	6.8	2.8	21.0	5.6	0	0	6.5
1991-5-31	0	0	3.7	0.8	0	7.0	2.2	0.5	6.6	5.8	3.4	1.2	1.4	0	0	0.2	7.2	1.1	0	3.4	0	0	0.3	4.9	4.9	0	26.9	4.0	3.5	1.9	0	0	0	0	0	0	0	0	0	0	0	0	0
1991-6-1	0	0	0	0	0	0	0	0	0	0	0	0	0	0	0	0	0	0	0	0	0	0	0	0	0	0	0	0	0	0	0	0	0	0	0	0	0	0	0	0	0	0	0
1991-6-2	8.0	0.9	2.4	1.7	9.2	1.6	3.2	1.5	3.8	0.8	0.6	0.3	2.0	2.2	3.0	5.8	7.3	12.5	22.3	10.5	7.5	10.4	9.1	4.6	4.6	6.0	4.0	5.1	5.8	10.6	17.9	0	0	7.5	3.9	1.6	10.5	7.5	3.5	4.1	0	0	1.4
1991-6-3	0.1	0	0	0	0	0	0	0	0	0	0	0	0	0	0	0	0	0	0	0	0	0	0	0	0	0	0	0	0	0	0	0	0	0	0	0	0	0	0	0	0	0	0
1991-6-4	0	0	0	0	0	0	0	0	0	0	0	0.5	0.3	1.2	0	0	0	0.1	0.6	0	0	0	0.1	0	0	0	0.1	0	0.2	0	0	0	0	0	0	1.9	0	0	0	0.3	0	0	0
1991-6-5	9.1	20.1	36.4	18.0	12.5	13.8	11.0	40.8	5.4	3.7	7.9	1.1	0	1.2	6.1	0	3.2	0.2	0	7.0	10.4	1.5	10.6	3.8	3.8	35.0	9.2	8.1	10.3	8.0	9.5	0	0	10.0	22.4	20.3	19.6	10.0	15.0	4.4	0	0	0.5
1991-6-6	5.8	8.7	8.4	3.9	5.5	2.6	2.6	2.8	7.8	5.1	11.3	3.6	1.7	1.9	0	0.6	4.5	4.4	9.1	3.2	1.3	8.8	7.5	5.0	5.0	4.9	7.4	10.2	4.6	2.4	6.4	18.5	0	8.0	17.6	5.7	0	8.0	4.0	11.6	11.5	10.4	10.0
1991-6-7	20.2	22.6	20.8	23.3	23.1	25.1	29.6	19.2	39.2	15.0	14.1	23.0	24.0	22.8	24.3	48.3	19.7	38.6	35.8	24.4	41.1	41.2	26.4	7.1	7.1	15.8	27.2	25.0	23.8	17.0	39.8	54.0	43.9	40.7	16.7	19.3	49.5	40.7	51.0	52.0	93.2	59.0	174.2
1991-6-8	8.3	5.7	5.6	3.3	17.1	6.9	7.2	6.8	5.1	7.4	10.5	9.3	4.0	12.5	4.6	7.5	7.5	11.3	9.8	8.3	9.1	7.6	7.5	8.2	8.2	6.8	11.0	11.8	9.3	15.3	10.1	8.0	0	12.7	21.4	19.6	12.2	12.7	15.0	7.0	0	0	6.8
1991-6-9	0	0.1	0	0	0	0	0	0	0	0	0	0	0	0	0	0	0	0	0	0	0	0	0.1	0	0	0	0	0	0	0	0	0	0	0	0	0	0	0	0	0	0	0	0
1991-6-10	49.5	44.1	61.0	41.6	41.8	59.3	36.4	59.1	56.2	71.4	61.8	57.0	59.8	71.0	50.8	77.9	62.4	52.1	59.3	52.3	68.6	62.8	38.7	54.7	54.7	35.8	50.8	50.2	44.7	50.1	57.2	157.8	109.2	80.2	52.1	51.3	66.4	80.2	116.3	114.3	185.3	166.7	218.9
1991-6-11	1.9	0.7	0.2	1.6	2.9	0.7	1.6	1.3	0	1.2	2.2	3.0	0	0.8	0	0	0	0	0	0.6	9.7	11.6	1.0	0.7	0.7	6.1	0.2	0	4.6	10.3	8.7	11.0	0	0	3.5	0.8	0	0	0	1.9	2.0	2.1	0
1991-6-12	0	0	0	0	0	0	0	0	0	0	0	0	0	0	0	0	0	0	0	0	0	0	0	0	0	0	0	0	0	0	0	0	0	0	0	0	0	0	0	0	0	0	0
1991-6-13	0	0	0	0	0	0	0	0	0	0	0	0	0	0	0	0	0	0	0	0	0	0	0	0	0	0	0	0	0	0	0	0	0	0	0	0	0	0	0	0	0	0	0
1991-6-14	0	0	0.1	6.5	0	0	4.7	0	0	0	0	0	0	0	0	0	0	0	0	0	0	0	1.2	1.3	1.3	4.5	0	0	0	0	0	0	0	0	2.0	0.6	0	0	0	0	0	0	0
1991-6-15	5.0	15.7	8.9	3.6	9.0	5.5	7.9	8.1	19.8	6.0	4.7	10.0	20.7	8.0	6.8	8.3	18.0	6.1	14.3	9.6	26.0	13.9	9.2	13.8	13.8	21.2	5.5	9.8	5.8	11.9	12.1	0	6.6	7.9	7.5	5.0	0	7.9	35.5	13.5	7.0	14.9	17.7
1991-6-16	0.1	0	0	0	0	0	0	0	0	0	0	0	0	0	0	0	0	0	0	0	0	0	0	0	0	0	0	0	0	0	0	0	0	0	0	0	0	0	0	0	0	0	0
1991-6-17	0	0	0	0	0	0	0	0	0	0	0	0	0	0	0	0	0	0	0	0	0	0	0	0	0	0	0	0	0	0	0	0	0	0	0	0.1	0	0	0	0	0	0	0
1991-6-18	0	0	0	0	0	0	0	0	0	0	0	0	0	0	0	0	0	0	0	0	0	0	0	0	0	0	0	0	0	0	0	0	0	0	0	0	0	0	0	0	0	0	0
1991-6-19	0	0	0	0	0	0	0	0	0	0	0	0	0	0	0	0	0	0	0	0	0	0	0	0	0	0	0	0	0.3	0.8	0.1	0.9	0	0	0.1	0	0	0	0	0	0	0	0
1991-6-20	0	0	0	0	0	0	0	0	0	1.6	0	2.1	0	0	0	0	0	0	0	0	0	0.1	0	0	0	0	0	0	0.1	0	0	0.5	0	0.4	0	1.7	0	0.4	8.9	5.2	0	0	3.5
1991-6-21	0	0	0	0	0	0	0	0	2.3	1.0	0	1.1	0	0.7	0	0.2	0	5.0	2.0	28.3	0	0	0	0	0	0.9	1.6	0	0	0	0.3	0.3	0	0	1.0	1.6	0	0	6.2	0.5	0	0	0
1991-6-22	0	0	0	0	0	0	0.1	0	0.1	0	0	0	0	0.7	0	0	0	0	0	0	0	0	0	0	0	0	0.4	0	0	0	0	1.1	0	0	0	0	0	0	0	0	0	0	0
1991-6-23	0	0.9	0	0	2.2	5.6	0.1	1.1	3.5	2.4	3.9	0.7	2.1	1.6	0	2.1	5.7	0.2	0	5.6	0	0	0.3	0	0	3.8	2.8	9.9	9.1	2.6	0.8	0.2	0	0	3.4	0.1	0	0	9.9	0	0	0	16.5
1991-6-24	0	0.2	0	1.8	0.3	1.5	1.6	1.9	1.6	0	0	0.1	0	1.1	0	4.2	0.8	0.4	3.0	2.2	0	8.6	1.5	3.2	3.2	0.6	0.8	3.6	4.6	1.8	25.0	10.3	12.5	0	6.7	0.8	6.0	0	0	2.5	10.5	6.0	3.0
1991-6-25	10.3	3.4	1.0	9.5	3.9	0.6	1.3	0.9	0	0.8	0	1.7	3.3	0	0	0	0	0.2	0	1.0	0	0	0.8	1.6	1.6	0	0.9	0	6.1	0	0.2	0	0	0	0	22.0	10.7	0	0	1.0	0	0	0.7
1991-6-26	2.1	3.2	4.5	4.2	0.6	6.8	6.5	3.7	1.5	0	0	0	0	0	0	0.4	1.2	1.1	0.8	2.9	0	4.9	0	0	0	0	1.5	0	1.4	1.7	1.0	0.4	0	0	0.6	0.4	1.1	0	0	0.4	0	1.2	0.3
1991-6-27	19.0	20.4	19.0	19.3	24.0	17.1	11.6	23.2	6.8	36.4	15.3	18.1	23.0	16.9	9.1	2.3	1.9	4.0	6.4	3.5	5.5	3.7	17.6	13.9	13.9	13.0	18.9	4.9	3.8	3.6	7.0	6.6	0	2.8	9.2	3.2	0	2.8	3.0	3.3	9.5	7.8	6.8
1991-6-28	0	2.8	0	0	0	0.5	0.6	0.3	1.6	0.8	1.4	0.6	1.0	1.6	0	6.4	6.1	4.7	7.7	4.2	13.1	9.4	0.8	2.8	2.8	0.7	2.1	11.2	4.9	8.6	5.9	8.3	3.1	11.2	3.1	5.1	7.0	11.2	5.9	3.6	6.2	5.3	8.2
1991-6-29	0	0	0.1	0	0.1	0.4	0	0.4	0	0	0	0	0	0.1	0	0	0	0	0	0	0	0	0	0	0	0.8	0.9	0	3.4	0	0	0	4.6	0	0	0	1.9	0	0	0	0	0	0
1991-6-30	0	0	0	0	0	0	0	0	0	0	0	0	0	0	0	0	0	0	0	0	0	0	0	0	0	0	0	0	0	0	0	0.4	0	0	0	0	0	0	0	0	0	0	0
1991-7-1	0	0	0	0	0.4	0	0	0	0	0	0	0	2.5	1.2	0	0	0	0.1	0	0	0	0	0.4	0	0	0	0	0	0	0	0.4	1.3	0	0	0.4	0	0	0	0	0	0	0	0
1991-7-2	0	0	0	0	0	0	0	0	0	0	0	0	0	0	0	0	0	0	0	0	0	0	0	0	0	0	0	0	0	0	0	0	0	0	0	0	0	0	0	0	0	0	0
1991-7-3	0	0.4	0.9	0.6	0.1	0.9	0	0.4	0	1.6	0	0.6	0	0.1	0	0	0	0	0	0	0	0	0	0	0	0	0	0	0	0	0	0	0	0	0	0	0	0	0	0	0	0	0
1991-7-4	0.1	0	0	0	0	0	0	1.2	0	0	0	0	0	0	0	0	0	0	0	0	0	0	0	0	0	0	0	0	0	0	0	0	0	0	1.6	0	0	0	0	0	0	0	0
1991-7-5	13.6	12.4	18.8	20.2	21.9	16.0	15.2	25.4	16.2	20.2	17.1	23.1	15.0	21.3	16.0	18.6	25.3	27.3	19.0	22.2	18.3	13.4	19.0	20.1	20.1	20.2	32.1	24.8	27.5	16.0	16.8	15.3	9.1	20.0	17.3	15.8	29.7	20.0	18.5	12.7	22.4	15.2	10.3
1991-7-6	0	0.7	0	0	0	0	0.8	0	0	0	0	0	0	0	0	0	0	0	0	5.0	6.2	6.3	0	0	0	0	0.1	0	0.2	1.4	5.1	0	0	0	0.5	0.1	0	0	0	0.1	0	0	0
1991-7-7	4.8	11.3	3.5	4.8	11.2	7.7	7.3	10.6	16.5	18.2	18.2	47.8	19.5	33.0	21.3	16.3	12.8	26.7	24.9	18.9	20.2	19.4	15.9	5.0	5.0	17.8	30.3	19.1	26.3	18.0	44.0	21.7	26.6	38.7	13.8	17.6	28.8	38.7	25.3	20.4	14.3	11.9	21.8
1991-7-8	0	0	0	0	0	0	0	0.3	0	0	0	6.8	2.4	2.2	0	0	0	0.2	0	2.8	0	5.8	0	2.0	2.0	0	0	0	3.2	3.1	0.2	2.3	0	0	1.1	0.1	0	0	0	0	0	10.9	0.4
1991-7-9	5.6	0	0.1	0	1.0	0	0	0	0.3	1.2	0	0	1.0	0.2	0	0	0	0	0	11.0	0	1.1	0.4	0	0	0	0.6	0	0	9.0	17.3	0.9	11.7	8.0	0.4	3.0	5.0	8.0	9.0	7.3	5.5	11.2	11.9
1991-7-10	0	0	0	0	0	0	0	0	0	0	1.5	0	0	0	0	0	0	0	0	0	0	0	0	0	0	0	0	0	0	0	0	0	0	2.4	0	0	0	2.4	0	0	0	0	0
1991-7-11	7.2	5.1	3.7	14.3	23.6	9.7	9.8	8.8	2.7	4.0	4.4	2.1	0.1	1.5	0	0	1.8	1.0	0.4	0.2	0	0	12.0	17.7	17.7	17.7	6.6	5.9	2.1	0.9	2.3	2.5	0	14.1	7.2	16.6	7.3	14.1	2.9	1.6	0	0	4.9
1991-7-12	6.9	5.6	6.5	20.3	8.2	2.4	7.1	10.2	1.4	34.2	11.3	3.6	6.5	16.2	19.2	11.9	0.7	2.2	1.0	0.7	0	0.5	11.2	10.8	10.8	16.7	7.8	14.1	6.9	4.1	1.6	1.1	0.9	6.3	8.1	5.1	8.1	6.3	10.0	5.3	0	0	11.1
1991-7-13	1.8	2.8	2.0	1.2	1.2	1.1	1.9	4.5	0.6	1.6	1.1	2.3	1.7	1.5	0	0.7	0.2	0.5	0.3	0	0	0.3	0	0	0	0	0.5	0	0.3	0	0	0.3	0	0.9	0.3	0	0	0.9	0	0	0	0	0
1991-7-14	0	0	0	0	0	0	0	0	0	1.2	0	0	0	0	0	0	0	0	0	0	0	0	0	0	0	0	0	0	0	0	0	0	0	0	0	0	0	0	0	0	0	0	0
1991-7-15	0	0	0	0	0	0	0	0	0	0	1.6	0	0	0.7	0	0	0	0	0	4.2	0	0	0	0	0	0	18.6	0	9.4	2.3	0.1	0.7	0	2.7	0.5	3.6	0	2.7	0	0	0	0	1.6
1991-7-16	0	0	0	0	0	0	0	0	0	0	0	0	0	0.1	0	0.9	0	0	0	0	0	0	0	0	0	0	0	0	0	0	0	41.5	0	2.7	0	0	0	2.7	0	0	0	0	0
1991-7-17	0	0	0	0	0	0	0	0	0	0	0	0	0	0	0	0	0	0.1	0	0	7.1	1.6	0	0	0	0	0	0	0	0	1.0	0	22.0	0	0	0	1.1	0	4.8	14.2	0	0	1.7
1991-7-18	1.9	4.3	1.0	0	0.7	0	0.2	0	0	0	0	0	0	0	0	0	0	0	1.0	0	1.3	0.9	0	0	0	0	0	0	0	0.4	3.1	1.3	0.8	12.5	0.5	1.7	15.5	12.5	19.2	22.8	15.3	2.1	10.1
1991-7-19	0	0.8	2.0	1.1	2.2	2.8	1.8	1.2	0.8	0.8	0.7	2.6	5.2	5.0	0	0.6	0	0.5	1.7	0.4	2.2	2.3	0	0	0	1.2	0.9	4.6	1.7	1.6	6.0	4.8	7.1	2.0	5.0	2.4	1.3	2.0	0	4.3	9.0	19.7	2.2
1991-7-20	0	0	0	0	0.2	0.6	0	6.9	0.5	6.2	4.3	7.0	1.1	0.4	0	0	0	0	0	0.9	0	0	0	0	0	4.5	0	0	0	0	0	0	0	0	0.1	1.0	0	0	0	0	0	0	0
1991-7-21	7.2	9.6	3.5	1.5	4.8	2.0	4.6	2.8	3.8	7.6	23.5	18.3	7.9	7.1	6.8	7.1	4.9	8.3	10.1	10.4	4.3	7.6	3.6	3.7	3.7	18.1	8.3	8.6	6.0	11.5	14.8	0	4.3	10.7	27.8	11.1	7.8	10.7	3.0	4.1	5.4	6.0	19.1
1991-7-22	0.8	1.7	1.3	0.7	1.0	0.4	0	0	0	0	0	0	0	0.1	0	0	0	0	0	0	0	0	1.0	0	0	0.6	0	0	0	1.0	0.9	0.9	0	0	0.1	0	0	0	0	0	0	0	0
1991-7-23	0	0	0	0	0	0	0	0	0	0	0	0	0	0	0	0	0	0	0	0	0	0	0	0	0	0	0	0	0	0	0	0	0	0	0	0	0	0	0	0	0	0	0
1991-7-24	0	0	0	0	0	0.1	0	1.8	2.9	12.0	4.5	5.1	2.0	2.1	3.5	3.2	0	0.5	2.6	0.9	0	2.5	0	0	0	0	0	0	0	0	0	0	0	0	0.8	0	0	0	0	0	0	0	0
1991-7-25	0	2.0	0.1	0.6	0.2	0.1	0	0	0.1	0.8	0	1.3	0	1.1	0	0	0	0	0	0	0	0	0.2	0	0	0.9	0	0	0	0	0.3	0	0	0	1.8	2.8	0	0	0	0	0	0	1.6
1991-7-26	4.0	5.7	0	0	0.2	0	0	0	0	0	0	0	0	0	0	0	0	0	0	0	0	0	0	0	0	0	0	0	0	0	0	0	4.6	0	1.1	1.1	0	0	0	0	0	0	0
1991-7-27	12.1	7.3	11.7	8.4	14.6	17.5	17.0	18.1	9.4	15.4	8.6	15.5	11.0	11.8	6.5	17.2	9.1	14.0	15.8	14.1	18.4	12.4	18.1	15.6	15.6	15.2	11.2	18.1	13.2	11.4	12.2	33.0	22.8	20.8	11.1	13.2	13.4	20.8	38.7	21.3	23.0	29.0	15.6
1991-7-28	18.0	16.2	12.1	9.8	18.3	14.1	12.4	10.4	5.1	10.4	9.6	5.8	4.2	6.7	4.3	11.8	17.9	23.1	18.1	26.4	30.7	40.6	17.4	16.1	16.1	0.7	11.7	19.1	20.7	35.9	38.3	27.6	28.4	40.5	16.6	31.4	38.1	40.5	29.6	30.0	26.1	27.4	21.6
1991-7-29	0.4	1.7	0.4	0	6.5	0	0.1	0	0.5	0	0	0	0	0	0	0	0	2.1	2.9	0	0	0	0	0	0	0.8	0	0	0	0	0	1.8	0	0	0	1.0	0	0	0	0.3	0	0	0
1991-7-30	0.5	0.5	0	0	1.8	0	0.3	0	0	0	0	0	0	0.4	0	0	0	0	0	0	0	0	0	0	0	0	0	0	0	0	0	0	0	0	0	0.1	0	0	0	0	0	0	3.4
1991-7-31	0	0	0	0	0	0	0	0	0	0	0	0	0	0	0	0	0	0	0	0	0	0	0	0	0	0	0	0	0	0	0	0	0	0.5	0	0	0	0.5	0	0	0	0	0
1991-8-1	4.8	0	0	0	0	0	0	0	0	0	0	0	0	2.6	0	0	0	0	0	0	0	0	0	0	0	0	0	0	0	0	0	0	0	0	0	0	0	0	0	0	0	0	0
1991-8-2	0.2	0.7	3.4	1.7	0	3.1	0.2	0.3	0.5	1.5	0	0	0	0.9	0	0	0	0	0	0	0	6.5	0	2.4	2.4	46.2	0	1.4	0	0	0	0	0	0	1.1	0	0	0	0	0	0	0	0
1991-8-3	0	3.5	0	0	0	0.5	1.6	14.3	9.5	3.6	4.3	2.9	3.9	11.1	4.8	1.8	10.9	6.8	8.7	19.0	0	0	0	5.8	5.8	0	3.5	3.5	0	0	0.1	0	0	0	0.1	0	0	0	0	0	0	0	0
1991-8-4	0	0	0	0	0	0	0	0	0	0	0	0	0	0	0	0	0	0	0	0	0	0	0	0	0	0	0	0	0	0	0	0	0	0	0	0	0	0	0	0	0	0	0
1991-8-5	0	0	21.7	0	0	0.1	0	4.1	0	0	0	0	0	0	0	0	0	0	0	0	0	0	0	0	0	0	0.2	0	0	0	0	0	0	0	0	0	0	0	0	0	0	0	0
1991-8-6	0	0	0	0	0.4	0	0	0	0	0	0	0	0	0	0	0	0	3.9	0.7	17.2	0	0.8	0	0	0	0	0	0	0	13.2	3.7	0	6.0	9.0	0.6	11.5	7.1	9.0	13.0	10.6	11.2	29.6	3.8
1991-8-7	9.2	2.4	1.8	2.9	4.7	27.4	2.5	19.6	1.6	40.0	3.7	3.3	2.0	27.5	0	0	4.9	0	0	0	0	0	9.8	1.3	1.3	2.8	0.8	8.9	0	0	0	0	0	0	0	0	0	0	0	0	0	0	0
1991-8-8	0	0	0	0	0	0	0	0	8.0	0	0	0	0	5.2	17.7	17.3	13.1	12.1	46.5	18.9	29.2	55.2	0	0	0	0	3.3	5.6	19.6	38.4	53.8	2.6	21.1	11.4	10.1	6.0	15.0	11.4	1.1	43.5	22.8	26.5	1.6
1991-8-9	0	0	0	0	0	1.6	0	0	0	0	0	0	0	0	0	0	0	0	0	0	0	0	0	0	0	0	0	0	0	0	0	0	0	0	0	0	0	0	0	0	0	0	0
1991-8-10	0.3	0	0.2	0	1.8	1.2	0.6	2.2	1.0	0	0	0	0	4.5	0	2.6	0	0.9	0	0.4	11.3	2.8	13.4	8.9	8.9	17.9	3.3	1.4	0.9	15.3	19.7	7.3	0	12.7	2.0	0.4	2.2	12.7	0	4.4	0	0	14.0
1991-8-11	0	0	0	0	0	0	0	0	0	0	0	0	0	0	0	0	0	0	0	0	0	0	0	0	0	0	0	0	0	0	0	0	0	0	0	0	0	0	0	0	0	0	0
1991-8-12	0	0	0	0	0	0	0	0	0	0	0	0	0	0	0	0	0	0	0	0	0	0	0	0	0	0	0	0	0	0	0	0	0	0	0	0	0	0	0	0	0	0	0
1991-8-13	0	0	0	0	0	0	0	0	0	0	0	0	0	0	0	0	0	0	0	0	0	0	0	0	0	0	0	0	0	0	0	0	0	0	0	0	0	0	0	0	0	0	0
1991-8-14	18.1	58.7	11.0	19.7	5.9	15.2	9.9	11.5	4.3	19.0	6.8	14.0	5.4	13.1	4.2	4.0	3.9	3.5	0	0.5	8.1	5.7	10.0	7.8	7.8	8.9	8.2	4.0	3.8	9.0	3.0	4.2	5.5	5.1	8.1	0.8	7.5	5.1	8.2	4.1	6.2	6.4	32.2
1991-8-15	0	0	0	0	0	0	0	0	0	0	0	0	0	0	0	0	0	0	1.4	0	0	0	0	0	0	0	0	0	0	0	0	0	0	0	0	0	0	0	0	0	0	0	0
1991-8-16	0	0	0	0	0	0	0	0	0	0	0	0.1	0	0	0	0	0	0	0	0	0	0	0	0	0	0	0	0	0	0	0	0	0	0	0	0	0	0	0	0	0	0	0
1991-8-17	0	0	0	0	0	0	0	0	0	8.2	0	0	0	22.6	1.5	1.2	3.1	0	0	0	0	0	0	0	0	0	0	0	0	0	0	0	0	0	0	0	0	0	0	0	0	0	0
1991-8-18	0	0	0	0	0	0	0	0	0	0	0	0	0	0	0	0	0	0.3	0	1.2	0	0	0	13.5	13.5	0	0.9	2.5	2.2	10.4	8.5	0	0	0	4.9	2.3	0	0	0	0	0	0	5.2
1991-8-19	0	0	0	0	0	0	0	0	0	0	0	0	0	0	0	0	0	0	0	0	0	0	0	0	0	0	0	0	0	0	0	0	0	0	0	0	0	0	0	0	0	0	0
1991-8-20	0	0	0	0	0	0	0	0	0	0	0	0	0	0	0	0	0	0	0	0	0	0	0	0	0	0	0	0	0	0	0	0	0	0	0	0	0	0	0	0	0	0	0
1991-8-21	1.0	0	0.2	0.3	0	0	0.2	0	0	0	0	0	0	3.0	1.8	1.9	3.8	1.8	0	0.2	0	0	0	0.4	0.4	3.7	0.1	3.6	0	0	0	0	0	3.1	2.5	3.9	0	3.1	0	0	0	0	0
1991-8-22	0	0	0	0	0	0	0	0	0	0	0	0	0	0	0	0	0	0	0	0	0	0	0	0	0	0	0	0	0	0	0	0	0	0	0	0	0	0	0	0	0	0	0
1991-8-23	0	0	0	0	0	0	0	0	0	0	0	0	0	0	0	0	0	0	0	0	0	0	0	0	0	0	0	0	0	0	0	0	0	0	0	0	0	0	0	0	0	0	0
1991-8-24	0	0	0	0	0	0	0	0	0	0	0	0	0	0	0	0	0	0	0	0	0	0	0	0	0	0	0	0	0	0	0	0	0	0	0	0	0	0	0	0	0	0	0
1991-8-25	0	0	0	0	0	0	0	0	0	0	0	0	0	0	0	0	0	0	0	0	0	0	0	0	0	0	0	0	0	0	0	0	0	0	0	0	0	0	0	0	0	0	0
1991-8-26	0	0	0	0	0	0	0	0	0	0	0	0	0	0	0	0	0	0	0	0	0	0	0	0	0	0	0	0	0	0	0	0	0	0	0	0	0	0	0	0	0	0	0
1991-8-27	0	0.6	0.3	0	0	0	0.1	0	0	0.4	0	0.5	0.6	0	0	0	0	0	0	0	0	0	0	0	0	0	0	0	0	0	0	0	0	0	0	0	0	0	0	0	0	0	0
1991-8-28	0.5	0.7	0	0	0.1	0	0.3	0	0.3	0	0	3.4	5.0	2.6	0	0	0	0.4	0.4	0.7	0	2.1	0	0	0	1.8	1.0	6.8	1.5	0.8	1.0	1.0	0	0.6	1.2	0.1	0	0.6	0	0.5	0	0	0.3
1991-8-29	0	0	0	0	0	0	0	0	0.1	0	0	0	0	0	0	0	0	0	0	0	0	0	0	0	0	0	0	0	0	0	0	0	0	0	0	0	0	0	0	0	0	0	0
1991-8-30	0	0	0	0	0	0	0	0	1.0	0	0	0	0	0	0	0	0	0	0	0	0	0	0	0	0	0	0	0	0	0	0	0	0	0	0	0.2	0	0	0	0	0	0	0
1991-8-31	0	0	0	0	0	0	0	0	0	0	0	0	0	0	0	0	0	0	0	0	0	0	0	0	0	0	0	0	0	0	0	0	0	0	0	0	0	0	0	0	0	0	0
1991-9-1	7.8	5.0	5.1	3.6	3.0	1.7	2.0	7.4	0	0	0	0	0	0	0	0	0	0	0	0	0	0	2.1	2.1	2.1	2.1	0.4	0	0.3	0.7	0	7.9	0	0	0	0	0	0	6.0	0.1	7.0	2.7	12.5
1991-9-2	0	0	0	0	0	0	0	0	5.4	0	0	0	0	0	0	0	0	9.1	7.0	0.3	0	0	0	0	0	0	0	0	0.2	0	0	7.3	0	0	0.1	0.5	5.3	0	0	0	0	0	0
1991-9-3	0	0	0	0	0	0	0	0	0	0	0	0	0	0	0	0	0	0	0	0	0	0	0	0	0	0	0	0	0	0	0	0	0	0	0	1.4	0	0	0	0	0	0	0
1991-9-4	40.9	27.7	32.8	19.7	38.1	28.8	18.4	20.2	20.1	13.2	42.2	32.0	16.0	14.3	10.1	33.3	13.4	14.6	17.9	20.7	15.5	10.1	36.8	14.5	14.5	34.1	20.1	21.4	19.2	22.0	21.1	22.0	10.0	13.3	24.4	12.2	10.2	13.3	20.0	17.7	17.0	9.4	10.7
1991-9-5	0	0	0	0	0.1	0.4	0	0.4	3.3	0	0	0.2	1.0	0.5	0	0	0	0	0	0	0	1.1	0	0	0	0	0.1	0	0	0.6	0.2	0	0	2.6	0.3	0.1	0	2.6	0	0	2.0	0	0
1991-9-6	0	0	0.4	0	0	0.1	0	0	0	0	0	0.4	0	0	0	0	0	0	0	0	0	0	0	0	0	0	0	0	0	0	0	0	0	0	0	0	0	0	0	0	0	0	0
1991-9-7	0	0	0	0	0	0	0	0	0	0.4	0	0	1.0	0	0	0	0	0	0	0	0	0	0	0	0	0	0	0	0	0	0	0	0	0	0	0	0	0	0	0	0	0	0
1991-9-8	0	0	0	0	0	0	0	0	0	0	0	0	0	0	0	0	0	0	0	0	0	0	0	0	0	0	0	0	0	0	0	0	0	0	0	0	0	0	0	0	0	0	0
1991-9-9	0	0	0	0	0	0	0	0	0	0	0	0	0	0	0	0	0	0	0	0	0	0	0	0	0	0	0	0	0	0	0	3.7	0	0	0	0	0	0	0	0	0.2	0	0
1991-9-10	0	0	0	0	0	0	0	0	0	0	0	0.2	0	0	0	0	0	0	0	0	0	1.0	0	0	0	0	0	0	0	0	0	0	0	0	0	0	0	0	0	0	0	2.3	4.3
1991-9-11	0	0	0	0	0	0	0	0	0	0	0	0	0	0	0	0	0	0	0	0	0	0	0	0	0	0	0	0	0	0	0	0	0	0	0	0	0	0	0	0	0	0	0
1991-9-12	0	0	0	0	0	0	0	0	0	0	0	0	0	0	0	0	0	0	0	0	0	0	0	0	0	0	0	0	0	0	0	0	0	0	0	0	0	0	0	0	0	0	0
1991-9-13	5.4	0.4	1.1	5.8	4.1	21.2	6.1	6.0	1.9	1.6	2.5	1.5	0	0	0	0	0	0.6	0.3	0.5	0	0	0	1.5	1.5	0	1.8	1.7	0	0	0.6	0	0.4	0	0.6	0.1	0	0	1.0	0.5	0	0	0.7
1991-9-14	6.0	6.2	5.9	9.4	12.7	7.7	9.1	9.2	0.2	8.0	0.9	0.3	0	0	0	0	1.7	0.1	0	4.0	0	0	34.2	18.1	18.1	4.1	3.4	6.9	0.3	4.1	1.5	0	0	4.4	20.2	14.0	8.3	4.4	0	6.6	0	6.8	8.8
1991-9-15	14.5	19.6	22.2	18.1	18.1	21.8	13.4	22.0	25.0	19.4	25.1	30.0	22.3	22.8	17.5	31.4	22.1	30.9	29.2	23.3	28.8	20.0	25.1	23.7	23.7	21.4	9.8	25.2	19.7	21.1	18.9	15.0	16.9	10.0	21.2	19.2	20.1	10.0	18.0	17.8	17.8	16.9	21.4
1991-9-16	0	0	0	0	0	0	0	0	0	0	0	0	0	0.1	0	0	0	0	0	0	0	0	0	0	0	0	0	0	0	0	0	0	0	0	0	0	0	0	0	0	8.0	0	0
1991-9-17	22.5	18.2	20.5	17.5	19.3	15.6	13.1	19.3	14.5	12.6	10.3	10.3	10.6	9.2	8.2	1.3	10.5	8.5	4.7	10.3	9.8	2.4	16.4	15.0	15.0	9.7	14.0	5.9	8.6	11.1	11.4	5.1	6.1	7.8	8.4	8.1	10.1	7.8	3.7	3.3	0	6.9	3.5
1991-9-18	9.8	6.8	4.8	4.0	17.8	5.4	6.8	3.9	5.8	8.0	2.9	2.8	4.1	4.3	1.8	5.8	8.1	4.2	2.5	4.3	2.0	0	8.5	8.7	8.7	10.8	4.4	23.5	4.2	2.6	1.1	0	0	1.1	5.7	1.0	0	1.1	0	0.3	0	0	0
1991-9-19	5.2	3.5	2.1	0	5.7	0.2	0.7	4.2	0	5.2	3.3	0.3	1.6	1.5	0.7	3.8	0	0.3	0	0	0	0	3.5	0	0	2.4	0.4	0	0.2	0	1.4	0	0	1.2	2.3	2.7	0	1.2	0	1.8	0	0	1.9
1991-9-20	0	0	0	0	0.3	0	0	0	0	0	0	0	0	0	0	0.8	0	0	0	0	0	0	0	0	0	0	0	0	0	0	0	0	0	0	0	0	0	0	0	0	0	0	0
1991-9-21	0	0	0	0	0	0	0	0	0	0	0	0	0	0	0	0	0	0	0	0	0	0	0	0	0	0	0	0	0	0	0	0	0	0	0	0	0	0	0	0	0	0	0
1991-9-22	0	0	0	0	0	0	0	0	0	0	0	0	0	0	0	0	0	0	0	0	0	0	0	0	0	0	0	0	0	0	0	0	0	0	0	0	0	0	0	0	0	0	0
1991-9-23	0	0	0	0	0	0	0	0	0.6	0	0	0	0	0	5.2	0	0	0.1	0	0	0	1.9	0	0	0	0	0	0	0	0	0.2	0	0	0	0	3.3	0	0	0	0	0	0	0
1991-9-24	5.0	3.3	1.9	0	1.6	0.6	0	2.2	2.9	8.6	3.4	11.0	0	6.1	4.1	0.2	7.1	2.8	13.3	11.7	13.5	27.1	1.1	1.7	1.7	2.9	0	10.4	23.3	4.2	12.1	18.8	10.1	10.5	5.2	2.9	0	10.5	16.0	16.9	26.0	0	2.7
1991-9-25	15.8	13.7	10.0	7.2	16.8	5.5	5.4	4.3	3.7	5.2	3.4	3.8	6.0	6.3	3.1	2.2	1.9	2.3	1.6	2.4	0	2.4	6.8	7.5	7.5	8.8	0	12.4	2.1	1.6	2.5	0	0	1.6	6.0	4.8	11.6	1.6	2.4	1.0	1.3	0	3.4
1991-9-26	0	0	0	0	0	0	0	0	0	0	0	0	0	0	0	2.1	0	0	0	0	7.9	0	0	0	0	0	0	0	0	0	0	0	0	0	0	0	0	0	0	0	0	0	0
1991-9-27	0	0	0	0	0	0	0	0	0	0	0	0	0	0	0	0	0	0	0	0	0	0	0	0	0	0	1.7	0	0	0	0	0	0	0	0	0	0	0	0	0	0	0	0
1991-9-28	0	0	0	0	0	0	0	0	0	0	0	0	0	0	0	0	0	0	0	0	0	0	0	0	0	0	6.9	0	0	0	0	0	0	0	0	0	0	0	0	0	0	0	0
1991-9-29	0	0	0	0	0	0	0	0	0	0	0	0	0	0	0	0	0	0	0	0	0	0	0	0	0	0	0	0	0	0	0	0	0	0	0	0	0	0	0	0	0	0	0
1991-9-30	0	0	0	0	0	0	0	0	0	0	0	0	0	0	0	0	0	0	0	0	0	0	0	0	0	0	0	0	0	0	0	0	0	0	0	0	0	0	0	0	0	0	0
1991-10-1	0	0	0	0	0	0	0	0	0	0.6	0	0	0	0	0	0	0	0.2	2.8	0.7	7.0	3.2	0	0	0	0.7	0	0	0	0.7	1.3	0	0	0	0.7	0	0	0	0	0.1	0	0	0
1991-10-2	0	0	0	0	0	0	0	0	0	0	0	0	0	0	0	0	0	0	0	0	0	0	0	0	0	0	0	0	0	0	0	0	0	0	0	0	0	0	0	0	0	0	0
1991-10-3	0	0	0	0	0	0	0	0	0	0	0	0	0	0	0	0	0	0	0	0	0	0	0	0	0	0	0	0	0	0	0	0	0	0	0	0	0	0	0	0	0	0	0
1991-10-4	0	0	0	0	0	0	0	0	0	0	0	0	0	0	0	0	0	0	0	0	0	0	0	0	0	0	0	0	0	0	0	0	0	0	0	0	0	0	0	0	0	0	0
1991-10-5	0	0	0	0	0	0	0	0	0	0	0	0	0	0	0	0	0	0	0	0	0	0	0	0	0	0	0	0	0	0	0	0	0	0	0	0	0	0	0	0	0	0	0
1991-10-6	0	0	0	0	0	0	0	0	0	0	0	0	0	0	0	0	0	0	0	0	0	0	0	0	0	0	0	0	0	0	0	0	0	0	0	0	0	0	0	0	0	0	0
1991-10-7	0	0	0	0	0	0	0	0	0	0	0	0	0	0	0	0	0	0	0	0	0	0	0	0	0	0	0	0	0	0	0	0	0	0	0	0	0	0	0	0	0	0	0
1991-10-8	0	0	0	0	0	0	0	0	0	0	0	0	0	0	0	0	0	0	0	0	0	0	0	0	0	0	0	0	0	0	0	0	0	0	0	0	0	0	0	0	0	0	0
1991-10-9	0	0	0	0	0	0.1	0	0.3	1.5	0	0	0	0	0	0	0	1.2	0	0	0	0	0	0	0	0	0	0	0	0	0	0	0	0	0	0	0	0	0	0	0	0	0	0
1991-10-10	0	0	0	0	0	1.3	0	0.5	0	0	0	0	0	0	0	0	0	0	0	0	0	0	0	0	0	0	0	0	0	0	0	0	0	0	0	0	0	0	0	0	0	0	0
1991-10-11	0	0.5	0	0	1.0	0	0	0	0	0	0	0	0.3	0	0	0	0	0	0	0	0	0	0	0	0	0	1.2	0	0	0	0	0	0	0	4.1	5.3	0	0	0	0	0	0	0
1991-10-12	0	0	0	0	0.6	0	0	0	0	0	0	0	0	0	0	0	0	0.6	0	0	0	0	0	0	0	0	0	0	0	0	0.8	2.7	0	2.8	0	1.6	3.7	2.8	4.5	4.9	0	0	4.2
1991-10-13	0	0	0	0	0	0	0	0	0	0	0	0	0	0	1.2	0	0	0	0	0	0	0	0	0	0	0	0	0	0	0	0	2.9	0	0	0	0	0	0	0	0	0	0	0
1991-10-14	6.6	7.6	12.5	8.0	9.0	4.9	5.4	4.4	2.9	6.5	5.4	7.6	8.0	4.9	3.0	4.2	2.5	4.6	3.9	4.2	5.3	4.7	9.7	9.1	9.1	7.2	6.9	13.5	7.0	3.7	4.0	18.2	0	6.5	3.2	3.9	5.5	6.5	3.5	5.4	0	0	7.7
1991-10-15	0	0	0	0	0.4	0.1	0	0.2	0	0	0	0	0.2	0	0	0	0	0.2	0	0	0	0	0	0.4	0.4	0	0	0	0	0	0.4	0	0	0	0	0	0	0	0	0	0	0	0
1991-10-16	0	0	0	0	0	0	0	0	0	0	0	0	0	0	0	0	0	0	0	0	0	0	0	0	0	0.9	0	0	0	0	0	0	0	0	0	0	0	0	0	0	0	0	0
1991-10-17	0	0	0	0	0.1	0	0	0	0	0	0	0.2	0	0	0	0	0	0	0	0	0	0	0	0	0	0	0	0	0	0	0	0	0	0	0	0	0	0	0	0	0	0	0
1991-10-18	0	0	0.1	0	0	0	0	0	0	0	0	0	0	0	0	0	0	0	0	0	0	0	0	0	0	0	0	0	0	0	0	0	0	0	0	0	0	0	0	0	0	0	0
1991-10-19	0	0	0	0	0	0	0	0	0	0	0	0	0	0	0	0	0	1.9	0	0	0	0	0	0	0	0	0	0	0	0	0	0	0	0	0	0	0	0	0	0	0	0	0
1991-10-20	0	0	0	0	0	0	0	0	0	0	0	0	0	0	0	0	0	2.0	0	0	0	0	0	0	0	0	0	0	0	0	0	0	0	0	0	0	0	0	0	0	0	0	0
1991-10-21	0	0	0	0	0	0	0	0	0	0	0	0	0	0	0	0	0	0	0	0	0	0	0	0	0	0	0	0	0	0	0	0	0	0	0	0	0	0	0	0	0	0	0
1991-10-22	1.8	2.0	0	0.8	0.8	0	0	1.2	0	0.6	0.7	1.2	0.3	0.3	0	0	0	0	0	0	0	0	0	0	0	0	0	0	0	0	0	0	0	0	0	0	0	0	0	0	0	0	0
1991-10-23	1.1	0	0	4.9	2.9	1.5	2.6	0	3.1	4.6	4.5	0.3	5.0	1.9	1.4	1.2	2.7	0	0.4	0.6	0	0	7.9	4.4	4.4	2.8	0	0.6	1.5	0	0	0	0	0	1.2	0.2	0	0	0	0	0	0	0
1991-10-24	3.4	6.5	0.8	2.5	4.7	1.7	3.6	1.8	2.8	3.1	3.1	4.5	6.0	2.8	2.3	1.9	2.5	0	1.8	1.4	9.0	2.2	5.7	4.2	4.2	4.1	4.0	4.2	2.0	1.4	0.1	0	0	0	4.8	2.2	0	0	0	1.7	0	0	4.8
1991-10-25	6.8	0	0	0.6	15.1	0	1.8	0	0	2.4	0	0	0	1.7	0	0	0	0	0	0	0	0	2.1	0	0	3.6	0	0	0	0	0.8	0	0	0	2.9	0.3	0	0	0	0	0	0	0
1991-10-26	2.4	0	0	0	0	0	0	0	0	0	0	0	0	0	0	0	0	0	0	0	0	0	0	0	0	0	0	0	0	0	0	0	0	0	0	0	0	0	0	0	0	0	0
1991-10-27	0	0	0	0	0	0	0	0	0	0	0	0	0	0	0	0	0	0	0	0	0	0	0	0	0	0	0	0	0	0	0	0	0	0	0	0	0	0	0	0	0	0	0
1991-10-28	0	0	0	0	0	0	0	0	0	0	0	0	0	0	0	0	0	0	0	0	0	0	0	0	0	0	0	0	0	0	0	0	0	0	0	0	0	0	0	0	0	0	0
1991-10-29	0	0	0	0	0	0	0	0	0	0	0	0	0	0	0	0	0	0	0	0	0	0	0	0	0	0	0	0	0	0	0	0	0	0	0	0	0	0	0	0	0	0	0
1991-10-30	0	0	0	0	0	0	0	0	0	0	0	0	0	0	0	0	0	0	0	0	0	0	0	0	0	0	0	0	0	0	0	0	0	0	0	0	0	0	0	0	0	0	0
1991-10-31	0	0	0	0	0	0	0	0	0	0	0	0	0	0	0	0	0	0	0	0	0	0	0	0	0	0	0	0	0	0	0	0	0	0	0	0	0	0	0	0	0	0	0
1991-11-1	0	0	0	0	0	0	0	0	0	0	0	0	0	0	0	0	0	0	0	0	0	0	0	0	0	0	0	0	0	0	0	0	0	0	0	0	0	0	0	0	0	0	0
1991-11-2	0	0	0	0	0	0	0	0	0	0	0	0	0	0	0	0	0	0	0	0	0	0	0	0	0	0	0	0	0	0	0	0	0	0	0	0	0	0	0	0	0	0	0
1991-11-3	0	0	0	0	0	0	0	0	0	0	0	0	0	0	0	0	0	0	0	0	0	0	0	0	0	0	0	0	0	0	0	0	0	0	0	0	0	0	0	0	0	0	0
1991-11-4	0	0	0	0	0	0	0	0	0	0	0	0	0	0	0	0	0	0.2	0	0.6	0	0	0	0	0	0	0	0	0.5	0	0	3.8	0	0	0	0	0	0	0	0.4	0	0	2.8
1991-11-5	0	0	0	0	0	0.5	0	0	0	0	0	0	0	0	0	0	0	0.2	0	0	0	0	0	0	0	0	0	0.6	0.5	0	0	2.3	0	0	0	0	0	0	0	0.5	0	0	0.8
1991-11-6	0	0	4.5	0	0	0	0	0	0	0	0	0	0	0	0	0	0	0	0	0	0	0	0	0	0	0	0	0	0	0	0	0	0	0	0	0	0	0	0	0	0	0	0
1991-11-7	0	0	0	0	0	0	0	0	0	0	0	0	0	0	0	0	0	0	0	0	0	0	0	0	0	0	0	0	0	0	0	0	0	0	0	0	0	0	0	0	0	0	0
1991-11-8	0	0	0	0	0	0	0	0	0	0	0	0	0	0	0	0	0	0	0	0	0	0	0	0	0	0	0	0	0	0	0	0	0	0	0	0	0	0	0	0	0	0	0
1991-11-9	0	0.3	0	0	0.2	0	0	0	0	0.4	0	0	0	0	0	0	0	0	0	0	0	0	0	0	0	0.3	0	0	0	0	0	0	0	0	0	0	0	0	0	0	0	0	0
1991-11-10	0	0.2	0	0	0.3	0	0	0	0	0.3	0	0	0	0	0	0	0	0	0	0	0	0	0	0	0	0	0	0	0	0	0	0	0	0	0	0	0	0	0	0	0	0	0
1991-11-11	0	0	0	0	0	0	0	0	0	0	0	0	0	0	0	0	0	0	0	0	0	0	0	0	0	0	0	0	0	0	0	0	0	0	0	0	0	0	0	0	0	0	0
1991-11-12	0	0	0	0	0	0	0	0	0	0	0	0	0	0	0	0	0	0	0	0	0	0	0	0	0	0	0	0	0	0	0	0	0	0	0	0	0	0	0	0	0	0	0
1991-11-13	0	0	0	0	0	0	0	0	0	0	0	0	0	0	0	0	0	0	0	0	0	0	0	0	0	0	0	0	0	0	0	0	0	0	0	0	0	0	0	0	0	0	0
1991-11-14	0	0	0	0	0	0	0	0	0	0	0	0	0	0	0	0	0	0	0	0	0	0	0	0	0	0	0	0	0	0	0	0	0	0	0	0	0	0	0	0	0	0	0
1991-11-15	0	0	0	0	0	0	0	0	0	0	0	0	0	0	0	0	0	0	0	0	0	0	0	0	0	0	0	0	0	0	0	0	0	0	0	0	0	0	0	0	0	0	0
1991-11-16	0	0	0	0	0	0	0	0	0	0	0	0	0	0	0	0	0	0	0	0	0	0	0	0	0	0	0	0	0	0	0	0	0	0	0	0	0	0	0	0	0	0	0
1991-11-17	0	0	0	0	0	0	0	0	0	0	0	0	0	0	0	0	0	0	0	0	0	0	0	0	0	0	0	0	0	0	0	0	0	0	0	0	0	0	0	0	0	0	0
1991-11-18	1.2	1.9	0	0.3	0.8	0	0.1	0	0	0.8	0	0	0	0	0	0	0	0	0	0	0	0	0	0	0	0	0	0	0	0	0	0	0	0	0	0	0	0	0	0	0	0	0
1991-11-19	0	0	0	0	0	0	0	0	0	0	0	0	0	0	0	0	0	0	0	0	0	0	0	0	0	0	0	0	0	0	0	0	0	0	0	0	0	0	0	0	0	0	0
1991-11-20	0	0	0	0	0	0	0	0	0	0	0	0	0	0	0	0	0	0	0	0	0	0	0	0	0	0	0	0	0	0	0	0	0	0	0	0	0	0	0	0	0	0	0
1991-11-21	0	0	0.2	0	0	0	0	0	0	0	0	0	0	0	0	0	0	0	0	0	0	0	0	0	0	0	0	0	0	0	0	0	0	0	0	0	0	0	0	0	0	0	0
1991-11-22	0	0	0	0	0	0	0	0	0	0	0	0	0	0	0	0	0	0	0	0	0	0	0	0	0	0	0	0	0	0	0	0	0	0	0	0	0	0	0	0	0	0	0
1991-11-23	0	0	0	0	0	0	0	0	0	0	0	0	0	0	0	0	0	0	0	0	0	0	0	0	0	0	0	0	0	0	0	0	0	0	0	0	0	0	0	0	0	0	0
1991-11-24	0	0	0	0	0	0	0	0	0	0	0	0	0	0	0	0	0	0	0	0	0	0	0	0	0	0	0	0	0	0	0	0	0	0	0	0	0	0	0	0	0	0	0
1991-11-25	0	0	0	0	0	0	0	0	0	0	0	0	0	0	0	0	0	0	0	0	0	0	0	0	0	0	0	0	0	0	0	0	0	0	0	0	0	0	0	0	0	0	0
1991-11-26	0	0	0	0	0	0	0	0	0	0	0	0	0	0	0	0	0	0	0	0	0	0	0	0	0	0	0	0	0	0	0	0	0	0	0	0	0	0	0	0	0	0	0
1991-11-27	0	0	0	0	0	0	0	0	0	0	0	0	0	0	0	0	0	0	0	0	0	0	0	0	0	0	0	0	0	0	0	0	0	0	0	0	0	0	0	0	0	0	0
1991-11-28	0	0	0	0	0.2	0	0	0	0	0	0	0	0	0	0	0	0	0	0	0	0	0	0	0	0	0	0	0	0	0	0	0	0	0	0	0	0	0	0	0	0	0	0
1991-11-29	0	0	0	0	0	0	0	0	0	0	0	0	0	0	0	0	0	0	0	0	0	0	0	0	0	0	0	0	0	0	0	0	0	0	0	0	0	0	0	0	0	0	0
1991-11-30	0	0	0	0	0	0	0	0	0	0	0	0	0	0	0	0	0	0	0	0	0	0	0	0	0	0	0	0	0	0	0	0	0	0	0	0	0	0	0	0	0	0	0
1991-12-1	0	0	0	0	0	0	0	0	0	0	0	0	0	0	0	0	0	0	0	0	0	0	0	0	0	0	0	0	0	0	0	0	0	0	0	0	0	0	0	0	0	0	0
1991-12-2	0	0	0	0	0	0	0	0	0	0	0	0	0	0	0	0	0	0	0	0	0	0	0	0	0	0	0	0	0	0	0	0	0	0	0	0	0	0	0	0	0	0	0
1991-12-3	0	0	0	0	0	0	0	0	0	0	0	0	0	0	0	0	0	0	0	0	0	0	0	0	0	0	0	0	0	0	0	0	0	0	0	0	0	0	0	0	0	0	0
1991-12-4	0	0	0	0	0	0	0	0	0	0	0	0	0	0	0	0	0	0	0	0	0	0	0	0	0	0	0	0	0	0	0	0	0	0	0	0	0	0	0	0	0	0	0
1991-12-5	0	0	0	0	0	0	0	0	0	0	0	0	0	0	0	0	0	0	0	0	0	0	0	0	0	0	0	0	0	0	0	0	0	0	0	0	0	0	0	0	0	0	0
1991-12-6	2.3	2.9	0	1.1	2.8	2.5	3.4	3.8	3.8	3.0	2.4	5.5	5.0	4.0	3.9	4.3	0.3	2.5	0	2.4	1.2	0.9	3.5	3.1	3.1	2.3	1.5	2.4	4.4	1.6	1.0	6.2	0	1.2	2.8	1.2	1.2	1.2	1.2	1.1	0	0	3.8
1991-12-7	0	0.9	0	0.8	0.8	1.4	0.5	0.3	0	0.9	0	1.0	2.5	0	0	0	0.2	0.1	2.1	0.7	0.9	0.4	0	0	0	0	0.1	0	2.5	0.5	0.7	3.9	0	0.5	0	0.1	0.6	0.5	0.8	0.3	0	0	0.8
1991-12-8	0	0	0	0	0	0	0	0	0	0	0	0	0	0	0	0	0	0	0.3	0	0	0	0	0	0	0	0	0	0	0	0	0	0	0	0	0	0	0	0	0	0	0	0
1991-12-9	0.4	0.6	0	0.2	1.0	0	0.1	0	1.2	0.6	0	0.2	0	0	0	1.1	0	0.4	0.1	0.2	0	0	0	0	0	0	0.1	0.1	1.6	0	0.1	0	0	0	1.1	0.3	0	0	0	0.1	0	0	0
1991-12-10	0	0	0	0	0	0	0	0	0	0	0	0	0	0	0	0	0	0	0	0	0	0	0	0	0	0	0	0	0	0	0	0	0	0	0	0	0	0	0	0	0	0	0
1991-12-11	0	0	0	0	0	0	0	0	0	0	0	0	0	0	0	0	0	0	0	0	0	0	0	0	0	0	0	0.3	0	0	0	0	0	0	0	0	0	0	0	0	0	0	0
1991-12-12	0	0	0	0	0	0	0	0	0	0	0	0	0	0	0	0	0	0	0	0	0	0	0	0	0	0	0	0.8	0	0	0	0	0	0	0	0	0	0	0	0	0	0	0
1991-12-13	0	0	0	0	0	0	0	0	0	0	0	0	0	0	0	0	0	0	0	0	0	0	0	0	0	0	0	0	0	0	0	0	0	0	0	0	0	0	0	0	0	0	0
1991-12-14	0	0	0	0	0	0	0	0	0	0	0	0	0	0	0	0	0	0	0	0	0	0	0	0	0	0	0	0	0	0	0	0	0	0	0	0	0	0	0	0	0	0	0
1991-12-15	0	0	0	0	0	0	0	0	0	0	0	0	0	0	0	0	0	0	0	0	0	0	0	0	0	0	0	0	0	0	0	0	0	0	0	0	0	0	0	0	0	0	0
1991-12-16	0	0	0	0	0	0	0	0	0	0	0	0	0	0	0	0	0	0	0	0	0	0	0	0	0	0	0	0	0	0	0	0	0	0	0	0	0	0	0	0	0	0	0
1991-12-17	0	0	0	0	0	0	0	0	0	0	0	0	0	0	0	0	0	0	0	0	0	0	0	0	0	0	0	0	0	0	0	0	0	0	0	0	0	0	0	0	0	0	0
1991-12-18	0	0	0	0	0	0	0	0	0	0	0	0	0	0	0	0	0	0	0	0	0	0	0	0	0	0	0	0	0	0	0	0	0	0	0	0	0	0	0	0	0	0	0
1991-12-19	0	0	0	0	0	0	0	0	0	0	0	0	0	0	0	0	0	0	0	0	0	0	0	0	0	0	0	0	0	0	0	0	0	0	0	0	0	0	0	0	0	0	0
1991-12-20	0	0	0	0	0	0	0	0	0	0	0	0	0	0	0	0	0	0	0	0	0	0	0	0	0	0	0	0	0	0	0	0	0	0	0	0	0	0	0	0	0	0	0
1991-12-21	0.3	0.8	0	0.2	0.4	0.3	0.3	0.2	0	0	0	0	0	0.3	0	0.7	0	0.1	0	0	0	0	0	0.5	0.5	0	0	0	1.3	0	0.3	0	0	0.1	0.3	0	0	0.1	0	0	0	0	0.2
1991-12-22	0.7	0.2	0	0.1	0	0	0	0	1.4	0.5	1.6	0.2	1.2	0.5	0	0	0	1.7	1.1	1.1	0.5	1.0	0	0	0	0	0.2	0	1.1	1.2	0.3	0	0	0.7	0.6	0.2	1.5	0.7	1.6	1.3	0	0	2.7
1991-12-23	0	0	0	0	0	0	0	0	0	0	0	0	0	0	0	0	0	0	0	0	0	0	0	0	0	0	0	0	0	0	0	0	0	0	0	0	0	0	0	0	0	0	0
1991-12-24	0	0	0	0	0	0	0	0	0	0.6	0	0	0	0.3	0	0	0	0	0	0	0	0	0	0	0	0	0	0	0	0	0	0	0	0	0	0	0	0	0	0	0	0	0
1991-12-25	0	0	0	0	0	0	0	0	0	0	0	0	0	0	0	0	0	0	0	0	0	0	0	0	0	0	0	0	0	0	0	0	0	0	0	0	0	0	0	0	0	0	0
1991-12-26	0	0	0	0	0	0	0	0	0	0.5	0	0	1.5	0.3	0	0	0	0	0	0	0	0	0	0	0	0	0	0.2	0	0	0	0	0	0	0	0	0	0	0	0	0	0	0
1991-12-27	0	0	0	0	0	0	0	0	0	0	0	0	0	0	0	0	0	0	0	0	0	0	0	0	0	0	0	0	0	0	0	0	0	0	0	0	0	0	0	0	0	0	0
1991-12-28	0	0	0	0	0	0	0	0	0	0	0	0	0	0	0	0	0	0	0	0	0	0	0	0	0	0	0	0	0	0	0	0	0	0	0	0	0	0	0	0	0	0	0
1991-12-29	0	0	0	0	0	0	0	0	0	0	0	0	0	0	0	0	0	0	0	0	0	0	0	0	0	0	0	0	0	0	0	0	0	0	0	0	0	0	0	0	0	0	0
1991-12-30	0	0	0	0	0	0	0	0	0	0	0	0	0	0	0	0	0	0	0	0	0	0	0	0	0	0	0	0	0	0	0	0	0	0	0	0	0	0	0	0	0	0	0
1991-12-31	0	0	0	0	0	0	0	0	0	0	0	0	0	0	0	0	0	0	0	0	0	0	0	0	0	0	0	0	0	0	0	0	0	0	0	0	0	0	0	0	0	0	0
