xhui	1967	1	4.58	2.28	0.2	18.4	19.7	0	0	0	0.5	0	1.2	1.2	10.8	0	0	
xhui	1967	2	5.33	1.42	1.3	11.7	30.8	0	0	0	1.3	0	0.7	0.7	7.2	0	0	
xhui	1967	3	6.35	1.24	12	13.9	66.5	0	0	0	11.7	0	0.6	0.6	8.8	0	0	
xhui	1967	4	3.58	1.07	2.4	8.9	136.1	0	0	0	3.2	0	0.5	0.5	7.7	0	0	
xhui	1967	5	1.99	1.14	18.4	15	185.1	0	0	0	18.4	0	0.5	0.6	11.6	0	0	
xhui	1967	6	4.6	3.1	57.1	45.8	159	0	0	0	60.2	0.1	1.5	1.6	27.7	0	0	
xhui	1967	7	10.15	9.5	98.3	93.4	131.4	0.1	0	0	106.8	1.6	3.4	5.1	54.1	0	0	
xhui	1967	8	7.27	17.94	94.5	112	97.5	0.1	0	0	92.1	4.6	5.1	9.7	63.7	0	0	
xhui	1967	9	8.95	21.77	67.3	122.3	81.5	0.1	0	0	89.2	5.9	5.8	11.8	67.1	0	0	
xhui	1967	10	8.59	12.04	15.5	87.1	49.5	0	0	0	16.4	1.2	5.2	6.4	45.1	0	0	
xhui	1967	11	5.43	7.08	2.4	57.4	32.4	0	0	0	4.1	0.1	3.6	3.7	30	0	0	
xhui	1967	12	2.98	4.44	0.5	36.9	19	0	0	0	1	0	2.3	2.3	19.1	0	0	
xhui	1968	1	2.39	2.84	1.6	23.5	22.8	0	0	0	1.5	0	1.5	1.5	13.5	0	0	
xhui	1968	2	2.15	2.19	8	21.3	24.4	0	0	0	11.3	0	1.1	1.1	12.3	0	0	
xhui	1968	3	3.85	1.78	8.8	16.4	67.6	0	0	0	6.4	0	0.9	0.9	10.4	0	0	
xhui	1968	4	3.8	1.57	13.4	16.8	120.6	0	0	0	12.9	0	0.8	0.8	11.6	0	0	
xhui	1968	5	1.91	2.42	36.4	32	163.8	0	0	0	37.2	0.1	1.2	1.3	20.6	0	0	
xhui	1968	6	5.55	5.83	81.4	66.2	139.9	0	0	0	76.5	0.7	2.4	3.1	39.1	0	0	
xhui	1968	7	37.73	17.54	167.3	129.1	111.2	0.4	0.7	0	152.2	4.6	4.8	9.5	79.8	0	0	
xhui	1968	8	11.95	21.74	62.9	120	117.8	0.1	0	0	68.9	5.6	6.2	11.8	66.1	0	0	
xhui	1968	9	6.73	15.8	59.8	97.1	83.8	0.1	0	0	39.8	2.9	5.4	8.3	54.3	0	0	
xhui	1968	10	4.59	7.5	3.9	59.8	69.6	0	0	0	1.3	0	3.9	3.9	34.6	0	0	
xhui	1968	11	3.86	4.63	1	37.5	33	0	0	0	1	0	2.4	2.4	20.8	0	0	
xhui	1968	12	3.22	2.82	0	22.5	24.5	0	0	0	0	0	1.4	1.4	13.5	0	0	
xhui	1969	1	1.75	1.7	0	13.7	37.6	0	0	0	0.3	0	0.9	0.9	8.2	0	0	
xhui	1969	2	1.93	1.03	0.2	8.2	50.2	0	0	0	0.3	0	0.5	0.5	5.2	0	0	
xhui	1969	3	2.28	0.91	10.6	11.1	107.2	0	0	0	10.7	0	0.4	0.4	7.3	0	0	
xhui	1969	4	3.1	1.26	18.1	15.5	133.3	0	0	0	15.6	0	0.6	0.6	10.5	0	0	
xhui	1969	5	1.42	1.8	21.9	21.6	196.1	0	0	0	21.7	0	0.9	0.9	14.7	0	0	
xhui	1969	6	0.54	3	43.8	36.3	242.3	0	0	0	39.7	0.1	1.4	1.6	23.4	0	0	
xhui	1969	7	13.36	9.95	152.3	111.1	174.1	0.1	0	0	142.6	1.6	3.6	5.3	62.5	0	0	
xhui	1969	8	33.69	32.39	143.9	146.2	115.9	0.4	0.2	0	152.2	11.2	6.4	17.6	99.4	0	0	
xhui	1969	9	10.56	19.89	48.3	113.7	116.9	0	0	0	40.1	4	6.4	10.5	62.2	0	0	
xhui	1969	10	6.3	9.43	5.6	73.3	86	0	0	0	4.7	0.3	4.6	5	40.1	0	0	
xhui	1969	11	2.88	5.85	2.9	47.6	43.7	0	0	0	2.7	0	3	3.1	25.3	0	0	
xhui	1969	12	3.08	3.67	0	30.2	23	0	0	0	0.2	0	1.9	1.9	15.6	0	0	
xhui	1970	1	2.77	2.36	0.6	19.3	18.4	0	0	0	1.4	0	1.2	1.2	11.1	0	0	
xhui	1970	2	2.26	1.63	4.7	14.5	22.6	0	0	0	4.6	0	0.8	0.8	8.5	0	0	
xhui	1970	3	4.29	1.49	11.5	16.1	59.2	0	0	0	12.5	0	0.7	0.7	10.1	0	0	
xhui	1970	4	6.06	3.76	61.1	55.5	56	0	0	0	72.1	0.2	1.7	2	30.7	0	0	
xhui	1970	5	2.09	5.93	24.2	48.2	137.7	0	0	0	25.3	0.5	2.5	3.1	29.4	0	0	
xhui	1970	6	2.55	6.57	57.2	57	130.2	0	0	0	46.2	0.8	2.6	3.4	34	0	0	
xhui	1970	7	8.92	14.33	138.6	118.6	92.5	0.2	0	0	133.8	3.1	4.3	7.5	64.6	0	0	
xhui	1970	8	135.9	129.85	236.9	150	80.2	1.7	2.3	0	217.4	63.4	6.7	70.1	115.9	0	0	
xhui	1970	9	26.76	24.76	62.7	129.9	67.3	0.2	0.1	0	57	6	6.9	12.9	64	0	0	
xhui	1970	10	15.14	16.01	37.3	102.6	49.7	0.1	0	0	30.8	2.6	5.8	8.4	49.6	0	0	
xhui	1970	11	9.17	7.94	0	64.8	30.7	0	0	0	0	0	4.1	4.1	33.6	0	0	
xhui	1970	12	7.32	5.17	1.9	42.5	15.4	0	0	0	1.4	0	2.6	2.7	21.1	0	0	
xhui	1971	1	4.7	3.28	0	26.4	15.9	0	0	0	0.1	0	1.7	1.7	14.4	0	0	
xhui	1971	2	5.3	2.06	0.9	16.5	33.9	0	0	0	1	0	1	1	9.8	0	0	
xhui	1971	3	5.78	1.22	0	9.2	84	0	0	0	0	0	0.6	0.6	6.7	0	0	
xhui	1971	4	4.11	1.19	15.5	15.4	95.7	0	0	0	16.5	0	0.6	0.6	9.6	0	0	
xhui	1971	5	1.37	1.49	13.9	15.3	164.6	0	0	0	10.6	0	0.7	0.7	10	0	0	
xhui	1971	6	1.03	2.77	50	38.7	140.6	0	0	0	47.4	0.1	1.3	1.4	22.6	0	0	
xhui	1971	7	34.97	21.89	219.2	140.3	128.8	0.5	0.1	0	206.8	7.4	4.4	11.8	93.3	0	0	
xhui	1971	8	24.93	32.55	108.4	141.7	111	0.3	0.1	0	98.8	10.4	7	17.5	79.9	0	0	
xhui	1971	9	10.37	19.26	41.5	113.4	94.1	0.1	0	0	37.9	3.7	6.3	10	56.1	0	0	
xhui	1971	10	5.83	11.38	16.3	82.2	76.1	0	0	0	16	1.1	4.8	5.9	41.2	0	0	
xhui	1971	11	2.6	6.9	6	55.2	36.2	0	0	0	5.4	0.2	3.4	3.6	28.8	0	0	
xhui	1971	12	2.55	4.26	0	34.5	21.4	0	0	0	0	0	2.2	2.2	18.5	0	0	
xhui	1972	1	2.2	2.68	0.5	21.6	19.6	0	0	0	0.7	0	1.4	1.4	12.3	0	0	
xhui	1972	2	2.64	1.73	2.2	14.6	35.9	0	0	0	2.7	0	0.9	0.9	8.8	0	0	
xhui	1972	3	3.21	1.2	9	10.7	69.5	0	0	0	4	0	0.6	0.6	7.2	0	0	
xhui	1972	4	1.41	0.98	8.2	9.9	115.2	0	0	0	7.1	0	0.5	0.5	7.4	0	0	
xhui	1972	5	0.97	2.78	59.5	44.9	168.4	0	0	0	63.2	0	1.3	1.4	26.8	0	0	
xhui	1972	6	1.73	6.7	51.6	60.6	131.5	0	0	0	55	0.8	2.6	3.4	35.7	0	0	
xhui	1972	7	16.49	17.09	161.5	128.1	106.4	0.3	0.2	0	152.8	4.2	4.7	8.9	76.3	0	0	
xhui	1972	8	30	44.48	160.2	146.6	100.8	0.7	0.2	0	156.1	18.1	6.8	24.9	112.6	0	0	
xhui	1972	9	13.65	15.74	24.8	102.1	90.3	0	0.1	0	20.6	2	6.2	8.2	56.8	0	0	
xhui	1972	10	5.21	10.51	21.2	74.9	58.6	0	0	0	20.1	1.1	4.4	5.5	41.6	0	0	
xhui	1972	11	3.79	5.74	0.6	46.3	35.5	0	0	0	0.3	0	3	3	25.9	0	0	
xhui	1972	12	3.47	3.61	0.3	29.7	16.2	0	0	0	0.6	0	1.8	1.9	15.2	0	0	
xhui	1973	1	2.59	2.79	12.9	25.6	24.6	0	0	0	10.8	0	1.3	1.4	13.4	0	0	
xhui	1973	2	3.23	2.08	3.4	17.3	34.9	0	0	0	2.8	0	1	1	10	0	0	
xhui	1973	3	3.54	1.51	6.8	13.8	123.9	0	0	0	6.3	0	0.7	0.7	9	0	0	
xhui	1973	4	0.81	1.19	6.5	10.9	238.8	0	0	0	6.1	0	0.6	0.6	8.3	0	0	
xhui	1973	5	0.42	1.61	24.3	21.7	195.3	0	0	0	25.4	0	0.8	0.8	13.8	0	0	
xhui	1973	6	3.38	4.59	66.5	61.6	148.8	0	0	0	77.6	0.3	2	2.4	35.2	0	0	
xhui	1973	7	24.2	17.72	164	140.6	113.4	0	0	0	158.8	4.2	5	9.2	70.5	0	0	
xhui	1973	8	165.72	234.8	257.6	150	104.8	0	0	0	229.6	113.7	7.2	121	99.3	0	0	
xhui	1973	9	81.95	38.3	102	143.6	88	0	0	0	84.8	12.8	7.3	20.1	70.9	0	0	
xhui	1973	10	25.34	19.96	40.2	117	92.7	0	0	0	40.3	3.9	6.5	10.4	56.5	0	0	
xhui	1973	11	14.32	9.98	5.1	78.6	53.5	0	0	0	5	0.3	4.8	5.2	38.2	0	0	
xhui	1973	12	9.02	6.14	0	50.4	35.7	0	0	0	0	0	3.2	3.2	24.9	0	0	
xhui	1974	1	7.36	3.96	0.2	32.3	25	0	0	0	0.2	0	2	2	16.2	0	0	
xhui	1974	2	6.42	2.52	0.8	20.1	45	0	0	0	0.8	0	1.3	1.3	11.7	0	0	
xhui	1974	3	6.85	2.11	16.3	21.5	97.8	0	0	0	15.6	0	1	1.1	13	0	0	
xhui	1974	4	5.02	1.79	5.3	15.1	197	0	0	0	4.8	0	0.9	0.9	10.3	0	0	
xhui	1974	5	1.21	3.15	58.8	44.5	207.7	0	0	0	57.3	0.1	1.4	1.6	26.4	0	0	
xhui	1974	6	3.31	5.31	33.5	46.3	191.6	0	0	0	32.4	0.4	2.2	2.7	27.8	0	0	
xhui	1974	7	90.87	77.69	273.9	150	130.8	0	0	0	265.9	36.7	4.8	41.6	120.7	0	0	
xhui	1974	8	70.4	30.15	83.3	141.9	129.5	0	0	0	81.8	8.6	7.2	15.9	73.9	0	0	
xhui	1974	9	26.78	25.38	70	132.3	101.7	0	0	0	68.6	6.6	6.8	13.4	64.8	0	0	
xhui	1974	10	15.38	11.41	9.7	86	115.4	0	0	0	7.1	0.6	5.4	6	47.3	0	0	
xhui	1974	11	6.99	6.65	0.7	54.3	47.2	0	0	0	0.4	0	3.5	3.5	28.5	0	0	
xhui	1974	12	6.25	4.32	1.3	36.1	22	0	0	0	1.2	0	2.2	2.2	17.1	0	0	
xhui	1975	1	5.65	2.8	0.8	22.6	28.5	0	0	0	0.8	0	1.4	1.4	12.7	0	0	
xhui	1975	2	6.17	1.79	1.9	14.8	44.1	0	0	0	1.9	0	0.9	0.9	8.8	0	0	
xhui	1975	3	7.14	1.25	2.3	11	122.8	0	0	0	4.4	0	0.6	0.6	7.5	0	0	
xhui	1975	4	2.45	0.84	1.6	6.6	227.5	0	0	0	1.9	0	0.4	0.4	5.9	0	0	
xhui	1975	5	0.43	1.53	35	24.9	206.9	0	0	0	34.7	0	0.7	0.8	15.5	0	0	
xhui	1975	6	7.17	4.87	90.2	60.7	181.4	0	0	0	73.7	0.4	2.1	2.5	35.2	0	0	
xhui	1975	7	8.6	10.42	80.3	83	160.5	0	0	0	75.6	1.8	3.5	5.4	47.8	0	0	
xhui	1975	8	19.25	19.15	128.7	124.1	144.2	0	0	0	119.1	4.9	5.1	10.1	67.8	0	0	
xhui	1975	9	8.49	14.54	26.6	93.9	113.4	0	0	0	28.5	2.2	5.4	7.6	51.1	0	0	
xhui	1975	10	4.52	7.2	0	57.5	110.8	0	0	0	0.3	0	3.7	3.7	32.9	0	0	
xhui	1975	11	3.25	4.91	4.4	39.9	57.2	0	0	0	7.5	0.1	2.4	2.6	22.4	0	0	
xhui	1975	12	2.83	3.04	0	24.5	32.2	0	0	0	0	0	1.6	1.6	13.7	0	0	
xhui	1976	1	2.38	1.86	0	14.8	35	0	0	0	0	0	0.9	0.9	8.7	0	0	
xhui	1976	2	3.95	1.32	5.7	12.7	37.7	0	0	0	6.1	0	0.6	0.7	7.5	0	0	
xhui	1976	3	3.46	1.25	11.1	13.3	91.9	0	0	0	9.7	0	0.6	0.6	8.4	0	0	
xhui	1976	4	1.3	1.25	9.6	12.9	158.6	0	0	0	9.2	0	0.6	0.6	8.9	0	0	
xhui	1976	5	0.32	1.2	11.1	12.3	224.2	0	0	0	8.7	0	0.6	0.6	8.6	0	0	
xhui	1976	6	2.02	3.91	103.6	62.8	164.8	0	0	0	88.4	0.1	1.8	2	35.9	0	0	
xhui	1976	7	47.44	36.14	203.4	142.6	109.9	0	0	0	172.9	14.5	5.1	19.6	73.4	0	0	
xhui	1976	8	28.14	45.52	132.4	149.6	106.5	0	0	0	119.1	16.7	7.2	24	88.1	0	0	
xhui	1976	9	12.97	20.86	45.1	121.5	89.2	0	0	0	41.2	4.3	6.7	11	58.1	0	0	
xhui	1976	10	9.29	15.43	38.9	103.5	66	0	0	0	34.2	2.6	5.6	8.2	44	0	0	
xhui	1976	11	6.5	8.83	6.3	72.4	36.4	0	0	0	4.9	0.2	4.3	4.6	31.4	0	0	
xhui	1976	12	4.36	5.8	0.9	49.2	24	0	0	0	1.1	0	3	3	21.3	0	0	
xhui	1977	1	2.56	3.85	0.2	32	21.1	0	0	0	0.3	0	2	2	15.4	0	0	
xhui	1977	2	2.83	2.45	0.4	19.6	44.8	0	0	0	0.3	0	1.2	1.2	11.4	0	0	
xhui	1977	3	5.38	1.75	8.6	16.1	106.3	0	0	0	7.5	0	0.8	0.9	10.1	0	0	
xhui	1977	4	3.04	1.64	16.8	16.8	196.5	0	0	0	13	0	0.8	0.8	11.5	0	0	
xhui	1977	5	1.73	3.16	67	42.3	161	0	0	0	52	0.1	1.4	1.6	24.9	0	0	
xhui	1977	6	8.3	9.08	116	88.3	154	0	0	0	100.7	1.4	3.2	4.7	50	0	0	
xhui	1977	7	33.4	29.57	150.9	123	123.3	0	0	0	121.8	9.5	5.2	14.8	72.3	0	0	
xhui	1977	8	39.79	26.23	97.3	130.6	125.8	0	0	0	93.8	7.5	6.3	13.8	72.3	0	0	
xhui	1977	9	10.54	13.55	19.9	91.6	118.9	0	0	0	19.3	1.6	5.5	7.2	51.1	0	0	
xhui	1977	10	9.13	14.28	66.4	95.4	83.5	0	0	0	60.2	2.9	4.6	7.6	48.8	0	0	
xhui	1977	11	7.58	8.46	10.3	67	42	0	0	0	8.2	0.4	4	4.5	32	0	0	
xhui	1977	12	6.07	6.02	9.3	52.4	16.4	0	0	0	6.8	0.2	2.9	3.2	18.2	0	0	
xhui	1978	1	4.65	4.37	10	36.9	26.1	0	0	0	4.7	0.1	2.2	2.3	17.9	0	0	
xhui	1978	2	4.46	2.9	2.7	24.1	46.8	0	0	0	2.6	0	1.5	1.5	13.8	0	0	
xhui	1978	3	5.82	2.07	8.3	18.8	96.5	0	0	0	7.4	0	1	1.1	11.6	0	0	
xhui	1978	4	4.15	1.71	13.2	16.1	217.2	0	0	0	9.4	0	0.8	0.9	11.1	0	0	
xhui	1978	5	1.85	3.26	49.1	46.9	161.6	0	0	0	59.9	0.1	1.5	1.7	27.4	0	0	
xhui	1978	6	2.2	6.96	65.1	64.4	178.6	0	0	0	59.2	0.9	2.7	3.7	37.9	0	0	
xhui	1978	7	14.77	15.99	159	115.3	140.3	0	0	0	128.6	4	4.4	8.5	69.1	0	0	
xhui	1978	8	56.94	108.46	232	148.6	119.4	0	0	0	204.3	50.3	6.5	56.8	114.1	0	0	
xhui	1978	9	49.15	27.44	70.7	137.4	88.9	0	0	0	67.4	7	7.1	14.2	64.5	0	0	
xhui	1978	10	18.74	14.39	18.1	98.7	75.2	0	0	0	17	1.5	5.8	7.4	48.2	0	0	
xhui	1978	11	10.92	7.93	1.6	63.7	49.6	0	0	0	1.3	0	4	4.1	32.1	0	0	
xhui	1978	12	7.1	5.14	1.4	42.3	23.5	0	0	0	0.8	0	2.6	2.6	19.5	0	0	
xhui	1979	1	6.82	3.33	0	26.7	29.1	0	0	0	0	0	1.7	1.7	13.9	0	0	
xhui	1979	2	6.99	3.11	22.6	31.8	43.2	0	0	0	24.1	0.1	1.4	1.6	17.4	0	0	
xhui	1979	3	7.05	2.93	9.1	26.2	71.4	0	0	0	11.2	0	1.4	1.5	15.3	0	0	
xhui	1979	4	6.12	3.05	21.2	32.4	129.5	0	0	0	27.2	0.1	1.4	1.6	19.3	0	0	
xhui	1979	5	4.76	4.31	47.6	43.8	188.7	0	0	0	39.9	0.3	1.9	2.2	26.2	0	0	
xhui	1979	6	13.69	12.34	158	120.3	137.9	0	0	0	147.7	2.2	4	6.3	64.9	0	0	
xhui	1979	7	36.32	35.41	144.2	145.4	133.6	0	0	0	138	11.5	6.6	18.2	94.8	0	0	
xhui	1979	8	61.83	49.99	132.5	148.2	117.4	0	0	0	134.4	18.3	7.3	25.6	105.9	0	0	
xhui	1979	9	20.56	19.87	40.1	114.3	114.6	0	0	0	37.3	3.8	6.5	10.4	60.8	0	0	
xhui	1979	10	10.98	10.3	9.2	75.9	119.1	0	0	0	9.3	0.6	4.7	5.3	42.3	0	0	
xhui	1979	11	7.91	6.53	5.6	52.4	41.5	0	0	0	6.7	0.2	3.2	3.4	26.7	0	0	
xhui	1979	12	6.01	4.4	4.1	37	28.5	0	0	0	4	0	2.2	2.3	17.1	0	0	
