xhui	1967	1	4.58	2.48	0.2	16.7	19.7	0	0	0	0.5	0	1.3	1.3	12.5	0	0	
xhui	1967	2	5.33	1.39	1.3	9.6	30.8	0	0	0	1.3	0	0.7	0.7	7.6	0	0	
xhui	1967	3	6.35	1.11	12	11.4	66.5	0	0	0	11.7	0	0.5	0.5	9.3	0	0	
xhui	1967	4	3.58	0.94	2.4	6.5	136.1	0	0	0	3.2	0	0.5	0.5	7.6	0	0	
xhui	1967	5	1.99	0.97	18.4	12.2	185.1	0	0	0	18.4	0	0.5	0.5	12.1	0	0	
xhui	1967	6	4.6	2.73	57.1	40.2	159	0	0	0	60.2	0	1.4	1.4	30.8	0	0	
xhui	1967	7	10.15	6.48	98.3	83.4	131.4	0.1	0	0	106.8	0	3.4	3.4	60.1	0	0	
xhui	1967	8	7.27	9.94	94.5	101.1	97.5	0.1	0	0	92.1	0.1	5.1	5.3	69.1	0	0	
xhui	1967	9	8.95	11.72	67.3	111.6	81.5	0.1	0	0	89.2	0.3	5.9	6.3	72.3	0	0	
xhui	1967	10	8.59	9.95	15.5	75.1	49.5	0	0	0	16.4	0	5.2	5.3	47.6	0	0	
xhui	1967	11	5.43	6.35	2.4	45.7	32.4	0	0	0	4.1	0	3.4	3.4	30.1	0	0	
xhui	1967	12	2.98	3.8	0.5	26.7	19	0	0	0	1	0	2	2	17.9	0	0	
xhui	1968	1	2.39	2.21	1.6	15.5	22.8	0	0	0	1.5	0	1.1	1.1	11.6	0	0	
xhui	1968	2	2.15	1.58	8	14.9	24.4	0	0	0	11.3	0	0.8	0.8	11	0	0	
xhui	1968	3	3.85	1.35	8.8	11.2	67.6	0	0	0	6.4	0	0.7	0.7	9.3	0	0	
xhui	1968	4	3.8	1.19	13.4	12.3	120.6	0	0	0	12.9	0	0.6	0.6	11.2	0	0	
xhui	1968	5	1.91	1.97	36.4	26.6	163.8	0	0	0	37.2	0	1	1	21.8	0	0	
xhui	1968	6	5.55	4.39	81.4	57.8	139.9	0	0	0	76.5	0	2.3	2.3	42.9	0	0	
xhui	1968	7	37.73	9.54	167.3	120.6	111.2	0.4	0.7	0	152.2	0.1	5	5.1	84.3	0	0	
xhui	1968	8	11.95	13	62.9	110.4	117.8	0.1	0	0	68.9	0.5	6.5	7	72	0	0	
xhui	1968	9	6.73	10.72	59.8	85.9	83.8	0.1	0	0	39.8	0.2	5.5	5.7	58.5	0	0	
xhui	1968	10	4.59	7.1	3.9	47.9	69.6	0	0	0	1.3	0	3.7	3.7	35.5	0	0	
xhui	1968	11	3.86	3.99	1	27.2	33	0	0	0	1	0	2.1	2.1	19.6	0	0	
xhui	1968	12	3.22	2.23	0	14.6	24.5	0	0	0	0	0	1.1	1.1	11.5	0	0	
xhui	1969	1	1.75	1.2	0	8	37.6	0	0	0	0.3	0	0.6	0.6	6.3	0	0	
xhui	1969	2	1.93	0.64	0.2	4.2	50.2	0	0	0	0.3	0	0.3	0.3	3.7	0	0	
xhui	1969	3	2.28	0.62	10.6	7.8	107.2	0	0	0	10.7	0	0.3	0.3	6.7	0	0	
xhui	1969	4	3.1	1.02	18.1	12.2	133.3	0	0	0	15.6	0	0.5	0.5	10.6	0	0	
xhui	1969	5	1.42	1.53	21.9	17.7	196.1	0	0	0	21.7	0	0.8	0.8	15.4	0	0	
xhui	1969	6	0.54	2.52	43.8	30.8	242.3	0	0	0	39.7	0	1.3	1.3	25.2	0	0	
xhui	1969	7	13.36	6.96	152.3	100.2	174.1	0.1	0	0	142.6	0	3.6	3.6	69.5	0	0	
xhui	1969	8	33.69	15.56	143.9	143.7	115.9	0.4	0.2	0	152.2	1.8	6.8	8.7	100	0	0	
xhui	1969	9	10.56	14.34	48.3	106.8	116.9	0	0	0	40.1	0.5	7	7.6	69.4	0	0	
xhui	1969	10	6.3	9.08	5.6	63.5	86	0	0	0	4.7	0	4.7	4.8	43.2	0	0	
xhui	1969	11	2.88	5.38	2.9	37.9	43.7	0	0	0	2.7	0	2.8	2.8	25.4	0	0	
xhui	1969	12	3.08	3.16	0	21.8	23	0	0	0	0.2	0	1.6	1.6	14.6	0	0	
xhui	1970	1	2.77	1.83	0.6	12.7	18.4	0	0	0	1.4	0	0.9	0.9	9.5	0	0	
xhui	1970	2	2.26	1.18	4.7	9.4	22.6	0	0	0	4.6	0	0.6	0.6	7.2	0	0	
xhui	1970	3	4.29	1.11	11.5	11.8	59.2	0	0	0	12.5	0	0.6	0.6	9.6	0	0	
xhui	1970	4	6.06	3.19	61.1	48.6	56	0	0	0	72.1	0	1.7	1.7	33.6	0	0	
xhui	1970	5	2.09	4.73	24.2	40.2	137.7	0	0	0	25.3	0	2.5	2.5	31.1	0	0	
xhui	1970	6	2.55	4.72	57.2	48	130.2	0	0	0	46.2	0	2.4	2.4	36	0	0	
xhui	1970	7	8.92	8.33	138.6	107.1	92.5	0.2	0	0	133.8	0	4.3	4.4	70.3	0	0	
xhui	1970	8	135.9	108.19	236.9	150	80.2	1.7	2.3	0	217.4	51.4	7.2	58.6	115.9	0	0	
xhui	1970	9	26.76	16.59	62.7	127.4	67.3	0.2	0.1	0	57	0.9	7.8	8.7	70.8	0	0	
xhui	1970	10	15.14	12.6	37.3	97.3	49.7	0.1	0	0	30.8	0.2	6.3	6.6	54.3	0	0	
xhui	1970	11	9.17	8.26	0	56.9	30.7	0	0	0	0	0	4.3	4.3	36.1	0	0	
xhui	1970	12	7.32	4.9	1.9	34.4	15.4	0	0	0	1.4	0	2.5	2.5	21.3	0	0	
xhui	1971	1	4.7	2.9	0	19.4	15.9	0	0	0	0.1	0	1.5	1.5	13.6	0	0	
xhui	1971	2	5.3	1.64	0.9	11	33.9	0	0	0	1	0	0.8	0.8	8.5	0	0	
xhui	1971	3	5.78	0.87	0	5.1	84	0	0	0	0	0	0.4	0.4	5.4	0	0	
xhui	1971	4	4.11	0.89	15.5	11.7	95.7	0	0	0	16.5	0	0.4	0.4	9.4	0	0	
xhui	1971	5	1.37	1.24	13.9	11.8	164.6	0	0	0	10.6	0	0.6	0.6	9.9	0	0	
xhui	1971	6	1.03	2.38	50	33.3	140.6	0	0	0	47.4	0	1.2	1.2	24.6	0	0	
xhui	1971	7	34.97	16.74	219.2	137	128.8	0.5	0.1	0	206.8	4.2	4.7	9	94.1	0	0	
xhui	1971	8	24.93	20.36	108.4	139.4	111	0.3	0.1	0	98.8	3.3	7.7	11.1	85.4	0	0	
xhui	1971	9	10.37	14.28	41.5	108.3	94.1	0.1	0	0	37.9	0.5	6.9	7.4	61.5	0	0	
xhui	1971	10	5.83	9.99	16.3	74.5	76.1	0	0	0	16	0	5.1	5.2	44.5	0	0	
xhui	1971	11	2.6	6.52	6	46.5	36.2	0	0	0	5.4	0	3.4	3.4	30	0	0	
xhui	1971	12	2.55	3.92	0	26.5	21.4	0	0	0	0	0	2	2	18	0	0	
xhui	1972	1	2.2	2.23	0.5	15	19.6	0	0	0	0.7	0	1.1	1.1	11	0	0	
xhui	1972	2	2.64	1.31	2.2	9.5	35.9	0	0	0	2.7	0	0.6	0.6	7.5	0	0	
xhui	1972	3	3.21	0.85	9	6.8	69.5	0	0	0	4	0	0.4	0.4	6.2	0	0	
xhui	1972	4	1.41	0.7	8.2	6.7	115.2	0	0	0	7.1	0	0.3	0.3	6.8	0	0	
xhui	1972	5	0.97	2.47	59.5	39.1	168.4	0	0	0	63.2	0	1.2	1.2	29.6	0	0	
xhui	1972	6	1.73	4.96	51.6	52.6	131.5	0	0	0	55	0	2.5	2.5	38.9	0	0	
xhui	1972	7	16.49	9.87	161.5	120	106.4	0.3	0.2	0	152.8	0.3	4.8	5.2	80.1	0	0	
xhui	1972	8	30	29.89	160.2	144.4	100.8	0.7	0.2	0	156.1	10	7.4	17.5	114.2	0	0	
xhui	1972	9	13.65	13.22	24.8	94.1	90.3	0	0.1	0	20.6	0.2	6.7	7	63.8	0	0	
xhui	1972	10	5.21	8.57	21.2	65	58.6	0	0	0	20.1	0	4.4	4.5	44.7	0	0	
xhui	1972	11	3.79	5.4	0.6	36.4	35.5	0	0	0	0.3	0	2.8	2.8	26	0	0	
xhui	1972	12	3.47	3.07	0.3	21.2	16.2	0	0	0	0.6	0	1.6	1.6	14.1	0	0	
