xhui	1967	1	4.58	2.3	0.2	15.2	19.7	0	0	0	0.5	0	1.2	1.2	11.5	0	0	
xhui	1967	2	5.33	1.32	1.3	8.7	30.8	0	0	0	1.3	0	0.6	0.7	7	0	0	
xhui	1967	3	6.35	1.34	12	10.8	66.5	0	0	0	11.7	0.1	0.5	0.7	9	0	0	
xhui	1967	4	3.58	0.98	2.4	6.1	136.1	0	0	0	3.2	0	0.4	0.5	7.4	0	0	
xhui	1967	5	1.99	1.32	18.4	11.7	185.1	0	0	0	18.4	0.2	0.5	0.7	12	0	0	
xhui	1967	6	4.6	4.4	57.1	39	159	0	0	0	60.2	0.9	1.4	2.3	30.6	0	0	
xhui	1967	7	10.15	11.59	98.3	79.8	131.4	0.1	0	0	106.8	2.8	3.3	6.2	59.7	0	0	
xhui	1967	8	7.27	15.56	94.5	95.6	97.5	0.1	0	0	92.1	3.4	4.9	8.4	67.9	0	0	
xhui	1967	9	8.95	17.29	67.3	105	81.5	0.1	0	0	89.2	3.6	5.6	9.3	70.5	0	0	
xhui	1967	10	8.59	10.53	15.5	70	49.5	0	0	0	16.4	0.6	4.9	5.6	45.6	0	0	
xhui	1967	11	5.43	6.21	2.4	42.3	32.4	0	0	0	4.1	0.1	3.1	3.3	28.6	0	0	
xhui	1967	12	2.98	3.58	0.5	24.6	19	0	0	0	1	0	1.8	1.9	16.8	0	0	
xhui	1968	1	2.39	2.1	1.6	14.2	22.8	0	0	0	1.5	0	1.1	1.1	10.7	0	0	
xhui	1968	2	2.15	1.83	8	14	24.4	0	0	0	11.3	0.1	0.8	0.9	10.5	0	0	
xhui	1968	3	3.85	1.47	8.8	10.6	67.6	0	0	0	6.4	0.1	0.6	0.8	9	0	0	
xhui	1968	4	3.8	1.48	13.4	11.7	120.6	0	0	0	12.9	0.1	0.6	0.8	10.9	0	0	
xhui	1968	5	1.91	2.96	36.4	25.7	163.8	0	0	0	37.2	0.5	1	1.6	21.6	0	0	
xhui	1968	6	5.55	7.45	81.4	55.6	139.9	0	0	0	76.5	1.7	2.3	4	42.6	0	0	
xhui	1968	7	37.73	17.93	167.3	115.8	111.2	0.4	0.7	0	152.2	4.9	4.8	9.7	82.2	0	0	
xhui	1968	8	11.95	17.08	62.9	104.8	117.8	0.1	0	0	68.9	2.9	6.2	9.2	70.6	0	0	
xhui	1968	9	6.73	13.09	59.8	81	83.8	0.1	0	0	39.8	1.6	5.2	6.9	56.7	0	0	
xhui	1968	10	4.59	6.82	3.9	45	69.6	0	0	0	1.3	0	3.5	3.6	33.6	0	0	
xhui	1968	11	3.86	3.83	1	25.5	33	0	0	0	1	0	2	2	18.5	0	0	
xhui	1968	12	3.22	2.09	0	13.6	24.5	0	0	0	0	0	1.1	1.1	10.8	0	0	
xhui	1969	1	1.75	1.13	0	7.4	37.6	0	0	0	0.3	0	0.5	0.6	5.9	0	0	
xhui	1969	2	1.93	0.61	0.2	3.8	50.2	0	0	0	0.3	0	0.3	0.3	3.5	0	0	
xhui	1969	3	2.28	0.78	10.6	7.5	107.2	0	0	0	10.7	0.1	0.3	0.4	6.6	0	0	
xhui	1969	4	3.1	1.36	18.1	11.8	133.3	0	0	0	15.6	0.2	0.5	0.7	10.5	0	0	
xhui	1969	5	1.42	2.12	21.9	17.1	196.1	0	0	0	21.7	0.3	0.8	1.1	15.3	0	0	
xhui	1969	6	0.54	3.8	43.8	29.8	242.3	0	0	0	39.7	0.7	1.3	2	25	0	0	
xhui	1969	7	13.36	13.2	152.3	96.1	174.1	0.1	0	0	142.6	3.4	3.5	7	69.2	0	0	
xhui	1969	8	33.69	24.93	143.9	140.6	115.9	0.4	0.2	0	152.2	6.6	6.7	13.3	94.3	0	0	
xhui	1969	9	10.56	16.67	48.3	103.4	116.9	0	0	0	40.1	1.9	6.9	8.8	68.6	0	0	
xhui	1969	10	6.3	9.16	5.6	61.1	86	0	0	0	4.7	0.2	4.6	4.8	42.1	0	0	
xhui	1969	11	2.88	5.36	2.9	36.2	43.7	0	0	0	2.7	0	2.7	2.8	24.7	0	0	
xhui	1969	12	3.08	3.06	0	20.7	23	0	0	0	0.2	0	1.6	1.6	14.1	0	0	
xhui	1970	1	2.77	1.81	0.6	12.1	18.4	0	0	0	1.4	0	0.9	0.9	9.1	0	0	
xhui	1970	2	2.26	1.27	4.7	9	22.6	0	0	0	4.6	0	0.6	0.6	7	0	0	
xhui	1970	3	4.29	1.4	11.5	11.4	59.2	0	0	0	12.5	0.1	0.5	0.7	9.4	0	0	
xhui	1970	4	6.06	5.23	61.1	47.1	56	0	0	0	72.1	1.1	1.6	2.7	33.5	0	0	
xhui	1970	5	2.09	6.02	24.2	38.7	137.7	0	0	0	25.3	0.7	2.4	3.1	30.5	0	0	
xhui	1970	6	2.55	6.95	57.2	45.8	130.2	0	0	0	46.2	1.2	2.3	3.6	35.4	0	0	
xhui	1970	7	8.92	15.23	138.6	101.9	92.5	0.2	0	0	133.8	3.8	4.1	8	69.7	0	0	
xhui	1970	8	135.9	99.19	236.9	149.8	80.2	1.7	2.3	0	217.4	46.6	7.1	53.8	115.6	0	0	
xhui	1970	9	26.76	20.25	62.7	125.5	67.3	0.2	0.1	0	57	2.8	7.8	10.6	70.7	0	0	
xhui	1970	10	15.14	14.53	37.3	94.7	49.7	0.1	0	0	30.8	1.4	6.2	7.6	53.9	0	0	
xhui	1970	11	9.17	8.09	0	55.1	30.7	0	0	0	0	0	4.2	4.2	35.4	0	0	
xhui	1970	12	7.32	4.86	1.9	33.1	15.4	0	0	0	1.4	0	2.5	2.5	20.8	0	0	
xhui	1971	1	4.7	2.81	0	18.6	15.9	0	0	0	0.1	0	1.4	1.4	13.2	0	0	
xhui	1971	2	5.3	1.62	0.9	10.5	33.9	0	0	0	1	0	0.8	0.8	8.2	0	0	
xhui	1971	3	5.78	0.84	0	4.8	84	0	0	0	0	0	0.4	0.4	5.2	0	0	
xhui	1971	4	4.11	1.19	15.5	11.4	95.7	0	0	0	16.5	0.1	0.4	0.6	9.3	0	0	
xhui	1971	5	1.37	1.53	13.9	11.4	164.6	0	0	0	10.6	0.1	0.6	0.8	9.8	0	0	
xhui	1971	6	1.03	3.71	50	32.4	140.6	0	0	0	47.4	0.7	1.2	1.9	24.5	0	0	
xhui	1971	7	34.97	23.42	219.2	135.2	128.8	0.5	0.1	0	206.8	7.8	4.7	12.5	91.4	0	0	
xhui	1971	8	24.93	25.11	108.4	137.2	111	0.3	0.1	0	98.8	5.7	7.7	13.4	83.3	0	0	
xhui	1971	9	10.37	16.62	41.5	105.5	94.1	0.1	0	0	37.9	1.8	6.8	8.6	61	0	0	
xhui	1971	10	5.83	10.9	16.3	72	76.1	0	0	0	16	0.6	5	5.7	43.8	0	0	
xhui	1971	11	2.6	6.67	6	44.7	36.2	0	0	0	5.4	0.1	3.3	3.4	29.2	0	0	
xhui	1971	12	2.55	3.8	0	25.3	21.4	0	0	0	0	0	1.9	1.9	17.4	0	0	
xhui	1972	1	2.2	2.18	0.5	14.3	19.6	0	0	0	0.7	0	1.1	1.1	10.6	0	0	
xhui	1972	2	2.64	1.34	2.2	9	35.9	0	0	0	2.7	0	0.6	0.7	7.3	0	0	
xhui	1972	3	3.21	0.92	9	6.5	69.5	0	0	0	4	0	0.4	0.5	6.1	0	0	
xhui	1972	4	1.41	0.84	8.2	6.5	115.2	0	0	0	7.1	0	0.3	0.4	6.7	0	0	
xhui	1972	5	0.97	3.86	59.5	38.1	168.4	0	0	0	63.2	0.7	1.2	2	29.5	0	0	
xhui	1972	6	1.73	7.67	51.6	50.5	131.5	0	0	0	55	1.4	2.5	3.9	38.6	0	0	
xhui	1972	7	16.49	17.83	161.5	115.8	106.4	0.3	0.2	0	152.8	4.7	4.7	9.4	78.1	0	0	
xhui	1972	8	30	35.48	160.2	142.1	100.8	0.7	0.2	0	156.1	12.9	7.3	20.2	109.4	0	0	
xhui	1972	9	13.65	14.44	24.8	92	90.3	0	0.1	0	20.6	0.9	6.6	7.6	63.1	0	0	
xhui	1972	10	5.21	9.8	21.2	62.9	58.6	0	0	0	20.1	0.8	4.3	5.1	44	0	0	
xhui	1972	11	3.79	5.27	0.6	35.1	35.5	0	0	0	0.3	0	2.7	2.7	25.2	0	0	
xhui	1972	12	3.47	3	0.3	20.4	16.2	0	0	0	0.6	0	1.5	1.5	13.7	0	0	
xhui	1973	1	2.59	2.48	12.9	17.7	24.6	0	0	0	10.8	0.2	1	1.3	12.1	0	0	
xhui	1973	2	3.23	1.67	3.4	11.2	34.9	0	0	0	2.8	0	0.8	0.8	8.4	0	0	
xhui	1973	3	3.54	1.26	6.8	8.9	123.9	0	0	0	6.3	0	0.5	0.6	7.9	0	0	
xhui	1973	4	0.81	1.02	6.5	6.9	238.8	0	0	0	6.1	0	0.4	0.5	7.5	0	0	
xhui	1973	5	0.42	1.87	24.3	17.1	195.3	0	0	0	25.4	0.3	0.6	1	14.3	0	0	
xhui	1973	6	3.38	6.42	66.5	52.5	148.8	0	0	0	77.6	1.4	1.9	3.4	38.8	0	0	
xhui	1973	7	24.2	19.11	164	127.5	113.4	0	0	0	158.8	4.8	5.1	9.9	73.8	0	0	
xhui	1973	8	165.72	211.9	257.6	149.7	104.8	0	0	0	229.6	100.3	7.8	108.1	99.3	0	0	
xhui	1973	9	81.95	34.19	102	142	88	0	0	0	84.8	9.8	8.2	18.1	74.3	0	0	
xhui	1973	10	25.34	17.38	40.2	111.2	92.7	0	0	0	40.3	1.9	7.1	9.1	62	0	0	
xhui	1973	11	14.32	10.21	5.1	69.9	53.5	0	0	0	5	0.2	5.1	5.3	40.9	0	0	
xhui	1973	12	9.02	6.04	0	41.3	35.7	0	0	0	0	0	3.1	3.1	25.5	0	0	
xhui	1974	1	7.36	3.57	0.2	24.1	25	0	0	0	0.2	0	1.8	1.8	15.5	0	0	
xhui	1974	2	6.42	2.08	0.8	13.5	45	0	0	0	0.8	0	1	1	10.3	0	0	
xhui	1974	3	6.85	2.09	16.3	15.6	97.8	0	0	0	15.6	0.2	0.8	1	12.4	0	0	
xhui	1974	4	5.02	1.56	5.3	10.2	197	0	0	0	4.8	0	0.7	0.8	9.4	0	0	
xhui	1974	5	1.21	4.21	58.8	36.9	207.7	0	0	0	57.3	0.8	1.3	2.1	28.4	0	0	
xhui	1974	6	3.31	5.71	33.5	37.3	191.6	0	0	0	32.4	0.8	2.1	2.9	29.1	0	0	
xhui	1974	7	90.87	65.98	273.9	150	130.8	0	0	0	265.9	30.2	5.3	35.5	117.7	0	0	
xhui	1974	8	70.4	23.11	83.3	137.4	129.5	0	0	0	81.8	4	8.1	12.2	82.1	0	0	
xhui	1974	9	26.78	20.19	70	124.8	101.7	0	0	0	68.6	3.2	7.4	10.6	70.5	0	0	
xhui	1974	10	15.38	11.27	9.7	74.5	115.4	0	0	0	7.1	0.3	5.6	5.9	51.3	0	0	
xhui	1974	11	6.99	6.32	0.7	42.9	47.2	0	0	0	0.4	0	3.3	3.3	28.7	0	0	
xhui	1974	12	6.25	3.77	1.3	26	22	0	0	0	1.2	0	1.9	1.9	16.1	0	0	
xhui	1975	1	5.65	2.22	0.8	14.7	28.5	0	0	0	0.8	0	1.1	1.1	10.9	0	0	
xhui	1975	2	6.17	1.34	1.9	8.9	44.1	0	0	0	1.9	0	0.6	0.7	7	0	0	
xhui	1975	3	7.14	0.95	2.3	6.6	122.8	0	0	0	4.4	0	0.4	0.5	6.3	0	0	
xhui	1975	4	2.45	0.58	1.6	3.3	227.5	0	0	0	1.9	0	0.2	0.3	4.9	0	0	
xhui	1975	5	0.43	1.85	35	20.5	206.9	0	0	0	34.7	0.3	0.6	0.9	16.5	0	0	
xhui	1975	6	7.17	6.71	90.2	51.6	181.4	0	0	0	73.7	1.4	2	3.5	38.9	0	0	
xhui	1975	7	8.6	10.95	80.3	69.9	160.5	0	0	0	75.6	2.3	3.4	5.7	51.6	0	0	
xhui	1975	8	19.25	17.47	128.7	107.7	144.2	0	0	0	119.1	4.1	5	9.2	72	0	0	
xhui	1975	9	8.49	12.26	26.6	77.1	113.4	0	0	0	28.5	1.2	5.2	6.4	52.7	0	0	
xhui	1975	10	4.52	6.46	0	42.5	110.8	0	0	0	0.3	0	3.3	3.4	31.5	0	0	
xhui	1975	11	3.25	4.15	4.4	27.6	57.2	0	0	0	7.5	0.2	1.9	2.2	20.2	0	0	
xhui	1975	12	2.83	2.29	0	15.2	32.2	0	0	0	0	0	1.2	1.2	11.2	0	0	
xhui	1976	1	2.38	1.25	0	8.1	35	0	0	0	0	0	0.6	0.6	6.4	0	0	
xhui	1976	2	3.95	0.99	5.7	7.7	37.7	0	0	0	6.1	0	0.4	0.5	6	0	0	
xhui	1976	3	3.46	1.12	11.1	9.1	91.9	0	0	0	9.7	0.1	0.4	0.6	7.7	0	0	
xhui	1976	4	1.3	1.2	9.6	9.2	158.6	0	0	0	9.2	0.1	0.5	0.6	8.5	0	0	
xhui	1976	5	0.32	1.18	11.1	8.9	224.2	0	0	0	8.7	0.1	0.5	0.6	8.3	0	0	
xhui	1976	6	2.02	5.76	103.6	54.2	164.8	0	0	0	88.4	1.2	1.7	3	40	0	0	
xhui	1976	7	47.44	35.55	203.4	131.7	109.9	0	0	0	172.9	13.9	5.2	19.2	76.1	0	0	
xhui	1976	8	28.14	35.49	132.4	146.7	106.5	0	0	0	119.1	10.8	7.8	18.7	85.3	0	0	
xhui	1976	9	12.97	17.84	45.1	115.1	89.2	0	0	0	41.2	2	7.4	9.4	63.4	0	0	
xhui	1976	10	9.29	14.08	38.9	95.3	66	0	0	0	34.2	1.5	5.9	7.4	46.5	0	0	
xhui	1976	11	6.5	8.84	6.3	63	36.4	0	0	0	4.9	0.2	4.4	4.6	32.6	0	0	
xhui	1976	12	4.36	5.58	0.9	39.8	24	0	0	0	1.1	0	2.9	2.9	21.3	0	0	
xhui	1977	1	2.56	3.43	0.2	23.7	21.1	0	0	0	0.3	0	1.8	1.8	14.6	0	0	
xhui	1977	2	2.83	1.99	0.4	13	44.8	0	0	0	0.3	0	1	1	9.9	0	0	
xhui	1977	3	5.38	1.52	8.6	10.8	106.3	0	0	0	7.5	0.1	0.6	0.8	8.9	0	0	
xhui	1977	4	3.04	1.62	16.8	12	196.5	0	0	0	13	0.2	0.6	0.8	10.9	0	0	
xhui	1977	5	1.73	4.17	67	35	161	0	0	0	52	0.8	1.3	2.1	26.8	0	0	
xhui	1977	6	8.3	10.99	116	75.3	154	0	0	0	100.7	2.6	3.1	5.7	54.7	0	0	
xhui	1977	7	33.4	24.34	150.9	109.8	123.3	0	0	0	121.8	7	5.2	12.2	75	0	0	
xhui	1977	8	39.79	19.88	97.3	116.8	125.8	0	0	0	93.8	4.1	6.4	10.5	76.2	0	0	
xhui	1977	9	10.54	11.92	19.9	76.4	118.9	0	0	0	19.3	0.8	5.4	6.3	53.4	0	0	
xhui	1977	10	9.13	12.47	66.4	79.7	83.5	0	0	0	60.2	2.2	4.4	6.6	50.3	0	0	
xhui	1977	11	7.58	7.63	10.3	52.4	42	0	0	0	8.2	0.3	3.7	4	31.5	0	0	
xhui	1977	12	6.07	5.28	9.3	38.9	16.4	0	0	0	6.8	0.2	2.5	2.8	17.4	0	0	
xhui	1978	1	4.65	3.67	10	25.7	26.1	0	0	0	4.7	0.1	1.8	1.9	16	0	0	
xhui	1978	2	4.46	2.28	2.7	15.5	46.8	0	0	0	2.6	0	1.1	1.2	11.5	0	0	
xhui	1978	3	5.82	1.69	8.3	12.1	96.5	0	0	0	7.4	0.1	0.7	0.9	9.9	0	0	
xhui	1978	4	4.15	1.5	13.2	10.6	217.2	0	0	0	9.4	0.1	0.6	0.8	10	0	0	
xhui	1978	5	1.85	4.24	49.1	38.8	161.6	0	0	0	59.9	0.8	1.4	2.2	29.4	0	0	
xhui	1978	6	2.2	7.84	65.1	53.2	178.6	0	0	0	59.2	1.6	2.6	4.2	40.6	0	0	
xhui	1978	7	14.77	16.13	159	101.8	140.3	0	0	0	128.6	4.1	4.3	8.5	71.5	0	0	
xhui	1978	8	56.94	94.56	232	147.8	119.4	0	0	0	204.3	42.6	7	49.6	108.6	0	0	
xhui	1978	9	49.15	21.76	70.7	133.7	88.9	0	0	0	67.4	3.3	7.9	11.3	70.2	0	0	
xhui	1978	10	18.74	13.78	18.1	91	75.2	0	0	0	17	0.8	6.3	7.1	52.6	0	0	
xhui	1978	11	10.92	8.04	1.6	54.3	49.6	0	0	0	1.3	0	4.1	4.1	33.8	0	0	
xhui	1978	12	7.1	4.85	1.4	33.3	23.5	0	0	0	0.8	0	2.4	2.5	19.2	0	0	
xhui	1979	1	6.82	2.88	0	19	29.1	0	0	0	0	0	1.4	1.4	12.9	0	0	
xhui	1979	2	6.99	3.24	22.6	24.3	43.2	0	0	0	24.1	0.4	1.2	1.6	17.1	0	0	
xhui	1979	3	7.05	2.8	9.1	19.3	71.4	0	0	0	11.2	0.2	1.2	1.4	14.7	0	0	
xhui	1979	4	6.12	3.33	21.2	25.1	129.5	0	0	0	27.2	0.5	1.2	1.8	19.6	0	0	
xhui	1979	5	4.76	5	47.6	35.1	188.7	0	0	0	39.9	0.8	1.7	2.5	27.3	0	0	
xhui	1979	6	13.69	15.03	158	104.6	137.9	0	0	0	147.7	3.8	3.9	7.7	70.5	0	0	
xhui	1979	7	36.32	25.85	144.2	137.7	133.6	0	0	0	138	6.5	6.8	13.4	91.4	0	0	
xhui	1979	8	61.83	41.84	132.5	143.6	117.4	0	0	0	134.4	13.1	7.9	21.1	107.4	0	0	
xhui	1979	9	20.56	16.94	40.1	105	114.6	0	0	0	37.3	1.8	7	8.8	67	0	0	
xhui	1979	10	10.98	9.95	9.2	64.1	119.1	0	0	0	9.3	0.3	4.7	5.1	45	0	0	
xhui	1979	11	7.91	6.12	5.6	41	41.5	0	0	0	6.7	0.2	2.9	3.2	26.6	0	0	
xhui	1979	12	6.01	3.89	4.1	26.8	28.5	0	0	0	4	0.1	1.9	2	16.2	0	0	
