xhui	1967	1	4.58	2.31	0.2	18.4	19.7	0	0	0	0.5	0	1.2	1.2	10.8	0	0	
xhui	1967	2	5.33	1.44	1.3	11.7	30.8	0	0	0	1.3	0	0.7	0.7	7.2	0	0	
xhui	1967	3	6.35	1.25	12	13.9	66.5	0	0	0	11.7	0	0.6	0.6	8.8	0	0	
xhui	1967	4	3.58	1.08	2.4	8.9	136.1	0	0	0	3.2	0	0.5	0.5	7.7	0	0	
xhui	1967	5	1.99	1.15	18.4	15	185.1	0	0	0	18.4	0	0.6	0.6	11.6	0	0	
xhui	1967	6	4.6	3.11	57.1	45.8	159	0	0	0	60.2	0.1	1.5	1.6	27.7	0	0	
xhui	1967	7	10.15	9.48	98.3	93.4	131.4	0.1	0	0	106.8	1.6	3.5	5.1	54.1	0	0	
xhui	1967	8	7.27	17.91	94.5	112	97.5	0.1	0	0	92.1	4.5	5.1	9.7	63.7	0	0	
xhui	1967	9	8.95	21.75	67.3	122.3	81.5	0.1	0	0	89.2	5.8	5.9	11.8	67.1	0	0	
xhui	1967	10	8.59	12.12	15.5	87	49.5	0	0	0	16.4	1.2	5.2	6.5	45.1	0	0	
xhui	1967	11	5.43	7.14	2.4	57.4	32.4	0	0	0	4.1	0.1	3.6	3.8	30	0	0	
xhui	1967	12	2.98	4.47	0.5	36.9	19	0	0	0	1	0	2.3	2.4	19.1	0	0	
xhui	1968	1	2.39	2.86	1.6	23.4	22.8	0	0	0	1.5	0	1.5	1.5	13.4	0	0	
xhui	1968	2	2.15	2.2	8	21.3	24.4	0	0	0	11.3	0	1.1	1.1	12.2	0	0	
xhui	1968	3	3.85	1.79	8.8	16.3	67.6	0	0	0	6.4	0	0.9	0.9	10.4	0	0	
xhui	1968	4	3.8	1.58	13.4	16.7	120.6	0	0	0	12.9	0	0.8	0.8	11.6	0	0	
xhui	1968	5	1.91	2.43	36.4	32	163.8	0	0	0	37.2	0.1	1.2	1.3	20.6	0	0	
xhui	1968	6	5.55	5.83	81.4	66.2	139.9	0	0	0	76.5	0.6	2.4	3.1	39.1	0	0	
xhui	1968	7	37.73	17.5	167.3	129.1	111.2	0.4	0.7	0	152.2	4.6	4.9	9.5	79.8	0	0	
xhui	1968	8	11.95	21.75	62.9	120	117.8	0.1	0	0	68.9	5.6	6.2	11.8	66.1	0	0	
xhui	1968	9	6.73	15.84	59.8	97	83.8	0.1	0	0	39.8	2.9	5.4	8.4	54.3	0	0	
xhui	1968	10	4.59	7.56	3.9	59.7	69.6	0	0	0	1.3	0	3.9	4	34.6	0	0	
xhui	1968	11	3.86	4.67	1	37.4	33	0	0	0	1	0	2.4	2.4	20.8	0	0	
xhui	1968	12	3.22	2.85	0	22.4	24.5	0	0	0	0	0	1.5	1.5	13.4	0	0	
xhui	1969	1	1.75	1.71	0	13.6	37.6	0	0	0	0.3	0	0.9	0.9	8.2	0	0	
xhui	1969	2	1.93	1.03	0.2	8.2	50.2	0	0	0	0.3	0	0.5	0.5	5.2	0	0	
xhui	1969	3	2.28	0.92	10.6	11.1	107.2	0	0	0	10.7	0	0.4	0.4	7.3	0	0	
xhui	1969	4	3.1	1.27	18.1	15.5	133.3	0	0	0	15.6	0	0.6	0.6	10.5	0	0	
xhui	1969	5	1.42	1.81	21.9	21.6	196.1	0	0	0	21.7	0	0.9	0.9	14.7	0	0	
xhui	1969	6	0.54	3.01	43.8	36.3	242.3	0	0	0	39.7	0.1	1.4	1.6	23.4	0	0	
xhui	1969	7	13.36	9.92	152.3	111.1	174.1	0.1	0	0	142.6	1.5	3.7	5.3	62.4	0	0	
xhui	1969	8	33.69	32.38	143.9	146.2	115.9	0.4	0.2	0	152.2	11.1	6.4	17.6	99.4	0	0	
xhui	1969	9	10.56	19.95	48.3	113.6	116.9	0	0	0	40.1	4	6.5	10.5	62.2	0	0	
xhui	1969	10	6.3	9.51	5.6	73.2	86	0	0	0	4.7	0.3	4.7	5	40.1	0	0	
xhui	1969	11	2.88	5.9	2.9	47.5	43.7	0	0	0	2.7	0	3	3.1	25.2	0	0	
xhui	1969	12	3.08	3.7	0	30.1	23	0	0	0	0.2	0	1.9	1.9	15.6	0	0	
xhui	1970	1	2.77	2.38	0.6	19.2	18.4	0	0	0	1.4	0	1.2	1.2	11.1	0	0	
xhui	1970	2	2.26	1.64	4.7	14.4	22.6	0	0	0	4.6	0	0.8	0.8	8.5	0	0	
xhui	1970	3	4.29	1.5	11.5	16.1	59.2	0	0	0	12.5	0	0.7	0.8	10.1	0	0	
xhui	1970	4	6.06	3.77	61.1	55.4	56	0	0	0	72.1	0.2	1.8	2	30.7	0	0	
xhui	1970	5	2.09	5.95	24.2	48.2	137.7	0	0	0	25.3	0.5	2.6	3.1	29.4	0	0	
xhui	1970	6	2.55	6.58	57.2	57	130.2	0	0	0	46.2	0.8	2.6	3.4	34	0	0	
xhui	1970	7	8.92	14.28	138.6	118.6	92.5	0.2	0	0	133.8	3.1	4.4	7.5	64.6	0	0	
xhui	1970	8	135.9	129.79	236.9	150	80.2	1.7	2.3	0	217.4	63.3	6.7	70	116	0	0	
xhui	1970	9	26.76	24.8	62.7	129.9	67.3	0.2	0.1	0	57	5.9	7	13	64	0	0	
xhui	1970	10	15.14	16.07	37.3	102.5	49.7	0.1	0	0	30.8	2.6	5.8	8.4	49.6	0	0	
xhui	1970	11	9.17	8.01	0	64.8	30.7	0	0	0	0	0	4.2	4.2	33.6	0	0	
xhui	1970	12	7.32	5.21	1.9	42.4	15.4	0	0	0	1.4	0	2.7	2.7	21	0	0	
xhui	1971	1	4.7	3.31	0	26.3	15.9	0	0	0	0.1	0	1.7	1.7	14.4	0	0	
xhui	1971	2	5.3	2.07	0.9	16.5	33.9	0	0	0	1	0	1	1	9.8	0	0	
xhui	1971	3	5.78	1.23	0	9.1	84	0	0	0	0	0	0.6	0.6	6.7	0	0	
xhui	1971	4	4.11	1.2	15.5	15.4	95.7	0	0	0	16.5	0	0.6	0.6	9.6	0	0	
xhui	1971	5	1.37	1.5	13.9	15.3	164.6	0	0	0	10.6	0	0.7	0.8	10	0	0	
xhui	1971	6	1.03	2.78	50	38.7	140.6	0	0	0	47.4	0.1	1.3	1.4	22.6	0	0	
xhui	1971	7	34.97	21.85	219.2	140.3	128.8	0.5	0.1	0	206.8	7.3	4.5	11.8	93.3	0	0	
xhui	1971	8	24.93	32.54	108.4	141.7	111	0.3	0.1	0	98.8	10.4	7.1	17.5	80	0	0	
xhui	1971	9	10.37	19.32	41.5	113.3	94.1	0.1	0	0	37.9	3.6	6.4	10.1	56.1	0	0	
xhui	1971	10	5.83	11.44	16.3	82.1	76.1	0	0	0	16	1	4.9	6	41.2	0	0	
xhui	1971	11	2.6	6.95	6	55.1	36.2	0	0	0	5.4	0.2	3.4	3.6	28.7	0	0	
xhui	1971	12	2.55	4.3	0	34.5	21.4	0	0	0	0	0	2.2	2.2	18.4	0	0	
xhui	1972	1	2.2	2.7	0.5	21.5	19.6	0	0	0	0.7	0	1.4	1.4	12.2	0	0	
xhui	1972	2	2.64	1.74	2.2	14.5	35.9	0	0	0	2.7	0	0.9	0.9	8.8	0	0	
xhui	1972	3	3.21	1.2	9	10.7	69.5	0	0	0	4	0	0.6	0.6	7.2	0	0	
xhui	1972	4	1.41	0.98	8.2	9.9	115.2	0	0	0	7.1	0	0.5	0.5	7.4	0	0	
xhui	1972	5	0.97	2.79	59.5	44.8	168.4	0	0	0	63.2	0	1.3	1.4	26.8	0	0	
xhui	1972	6	1.73	6.7	51.6	60.6	131.5	0	0	0	55	0.8	2.6	3.4	35.7	0	0	
xhui	1972	7	16.49	16.94	161.5	128.2	106.4	0.3	0.2	0	152.8	4.1	4.7	8.9	76.3	0	0	
xhui	1972	8	30	44.44	160.2	146.6	100.8	0.7	0.2	0	156.1	17.9	6.9	24.9	112.7	0	0	
xhui	1972	9	13.65	15.83	24.8	102	90.3	0	0.1	0	20.6	2	6.2	8.3	56.8	0	0	
xhui	1972	10	5.21	10.56	21.2	74.9	58.6	0	0	0	20.1	1.1	4.4	5.5	41.6	0	0	
xhui	1972	11	3.79	5.79	0.6	46.2	35.5	0	0	0	0.3	0	3	3	25.8	0	0	
xhui	1972	12	3.47	3.64	0.3	29.7	16.2	0	0	0	0.6	0	1.9	1.9	15.2	0	0	
xhui	1973	1	2.59	2.8	12.9	25.5	24.6	0	0	0	10.8	0	1.3	1.4	13.4	0	0	
xhui	1973	2	3.23	2.09	3.4	17.2	34.9	0	0	0	2.8	0	1	1	10	0	0	
xhui	1973	3	3.54	1.52	6.8	13.8	123.9	0	0	0	6.3	0	0.7	0.8	9	0	0	
xhui	1973	4	0.81	1.2	6.5	10.9	238.8	0	0	0	6.1	0	0.6	0.6	8.3	0	0	
xhui	1973	5	0.42	1.62	24.3	21.6	195.3	0	0	0	25.4	0	0.8	0.8	13.8	0	0	
xhui	1973	6	3.38	4.6	66.5	61.6	148.8	0	0	0	77.6	0.3	2	2.4	35.2	0	0	
xhui	1973	7	24.2	17.67	164	140.6	113.4	0	0	0	158.8	4.1	5	9.2	70.5	0	0	
xhui	1973	8	165.72	234.83	257.6	150	104.8	0	0	0	229.6	113.6	7.3	121	99.3	0	0	
xhui	1973	9	81.95	38.32	102	143.6	88	0	0	0	84.8	12.8	7.4	20.2	70.9	0	0	
xhui	1973	10	25.34	20.02	40.2	116.9	92.7	0	0	0	40.3	3.9	6.5	10.5	56.5	0	0	
xhui	1973	11	14.32	10.06	5.1	78.5	53.5	0	0	0	5	0.3	4.9	5.2	38.2	0	0	
xhui	1973	12	9.02	6.2	0	50.3	35.7	0	0	0	0	0	3.2	3.2	24.9	0	0	
xhui	1974	1	7.36	3.99	0.2	32.2	25	0	0	0	0.2	0	2	2	16.2	0	0	
xhui	1974	2	6.42	2.53	0.8	20	45	0	0	0	0.8	0	1.3	1.3	11.7	0	0	
xhui	1974	3	6.85	2.12	16.3	21.5	97.8	0	0	0	15.6	0	1	1.1	13	0	0	
xhui	1974	4	5.02	1.8	5.3	15.1	197	0	0	0	4.8	0	0.9	0.9	10.3	0	0	
xhui	1974	5	1.21	3.16	58.8	44.4	207.7	0	0	0	57.3	0.1	1.5	1.6	26.3	0	0	
xhui	1974	6	3.31	5.32	33.5	46.3	191.6	0	0	0	32.4	0.4	2.2	2.7	27.8	0	0	
xhui	1974	7	90.87	77.64	273.9	150	130.8	0	0	0	265.9	36.6	4.9	41.5	120.7	0	0	
xhui	1974	8	70.4	30.17	83.3	141.9	129.5	0	0	0	81.8	8.5	7.3	15.9	73.9	0	0	
xhui	1974	9	26.78	25.4	70	132.3	101.7	0	0	0	68.6	6.5	6.9	13.4	64.8	0	0	
xhui	1974	10	15.38	11.5	9.7	85.9	115.4	0	0	0	7.1	0.6	5.5	6.1	47.3	0	0	
xhui	1974	11	6.99	6.71	0.7	54.2	47.2	0	0	0	0.4	0	3.5	3.5	28.5	0	0	
xhui	1974	12	6.25	4.36	1.3	36	22	0	0	0	1.2	0	2.2	2.3	17.1	0	0	
xhui	1975	1	5.65	2.82	0.8	22.6	28.5	0	0	0	0.8	0	1.4	1.4	12.7	0	0	
xhui	1975	2	6.17	1.8	1.9	14.8	44.1	0	0	0	1.9	0	0.9	0.9	8.8	0	0	
xhui	1975	3	7.14	1.25	2.3	11	122.8	0	0	0	4.4	0	0.6	0.6	7.5	0	0	
xhui	1975	4	2.45	0.85	1.6	6.6	227.5	0	0	0	1.9	0	0.4	0.4	5.9	0	0	
xhui	1975	5	0.43	1.54	35	24.9	206.9	0	0	0	34.7	0	0.7	0.8	15.5	0	0	
xhui	1975	6	7.17	4.88	90.2	60.7	181.4	0	0	0	73.7	0.4	2.1	2.5	35.2	0	0	
xhui	1975	7	8.6	10.4	80.3	83	160.5	0	0	0	75.6	1.8	3.6	5.4	47.8	0	0	
xhui	1975	8	19.25	19.08	128.7	124.2	144.2	0	0	0	119.1	4.8	5.2	10	67.8	0	0	
xhui	1975	9	8.49	14.6	26.6	93.9	113.4	0	0	0	28.5	2.1	5.4	7.6	51.1	0	0	
xhui	1975	10	4.52	7.27	0	57.4	110.8	0	0	0	0.3	0	3.8	3.8	32.9	0	0	
xhui	1975	11	3.25	4.95	4.4	39.9	57.2	0	0	0	7.5	0.1	2.4	2.6	22.4	0	0	
xhui	1975	12	2.83	3.07	0	24.5	32.2	0	0	0	0	0	1.6	1.6	13.7	0	0	
xhui	1976	1	2.38	1.87	0	14.8	35	0	0	0	0	0	0.9	0.9	8.7	0	0	
xhui	1976	2	3.95	1.33	5.7	12.6	37.7	0	0	0	6.1	0	0.6	0.7	7.5	0	0	
xhui	1976	3	3.46	1.26	11.1	13.3	91.9	0	0	0	9.7	0	0.6	0.6	8.4	0	0	
xhui	1976	4	1.3	1.26	9.6	12.9	158.6	0	0	0	9.2	0	0.6	0.6	8.9	0	0	
xhui	1976	5	0.32	1.21	11.1	12.3	224.2	0	0	0	8.7	0	0.6	0.6	8.6	0	0	
xhui	1976	6	2.02	3.93	103.6	62.8	164.8	0	0	0	88.4	0.1	1.8	2	35.9	0	0	
xhui	1976	7	47.44	36.15	203.4	142.6	109.9	0	0	0	172.9	14.4	5.1	19.6	73.4	0	0	
xhui	1976	8	28.14	45.53	132.4	149.6	106.5	0	0	0	119.1	16.6	7.3	24	88.1	0	0	
xhui	1976	9	12.97	20.93	45.1	121.5	89.2	0	0	0	41.2	4.2	6.8	11.1	58.1	0	0	
xhui	1976	10	9.29	15.48	38.9	103.5	66	0	0	0	34.2	2.5	5.6	8.2	44	0	0	
xhui	1976	11	6.5	8.9	6.3	72.3	36.4	0	0	0	4.9	0.2	4.4	4.7	31.3	0	0	
xhui	1976	12	4.36	5.85	0.9	49.1	24	0	0	0	1.1	0	3	3	21.2	0	0	
xhui	1977	1	2.56	3.88	0.2	32	21.1	0	0	0	0.3	0	2	2	15.4	0	0	
xhui	1977	2	2.83	2.47	0.4	19.5	44.8	0	0	0	0.3	0	1.3	1.3	11.4	0	0	
xhui	1977	3	5.38	1.76	8.6	16.1	106.3	0	0	0	7.5	0	0.9	0.9	10.1	0	0	
xhui	1977	4	3.04	1.65	16.8	16.8	196.5	0	0	0	13	0	0.8	0.8	11.4	0	0	
xhui	1977	5	1.73	3.17	67	42.3	161	0	0	0	52	0.1	1.4	1.6	24.9	0	0	
xhui	1977	6	8.3	9.06	116	88.3	154	0	0	0	100.7	1.4	3.2	4.7	50	0	0	
xhui	1977	7	33.4	29.49	150.9	123	123.3	0	0	0	121.8	9.4	5.3	14.7	72.3	0	0	
xhui	1977	8	39.79	26.15	97.3	130.6	125.8	0	0	0	93.8	7.4	6.3	13.8	72.4	0	0	
xhui	1977	9	10.54	13.62	19.9	91.5	118.9	0	0	0	19.3	1.6	5.6	7.2	51.1	0	0	
xhui	1977	10	9.13	14.28	66.4	95.4	83.5	0	0	0	60.2	2.9	4.7	7.6	48.8	0	0	
xhui	1977	11	7.58	8.52	10.3	67	42	0	0	0	8.2	0.4	4	4.5	32	0	0	
xhui	1977	12	6.07	6.06	9.3	52.4	16.4	0	0	0	6.8	0.2	3	3.2	18.2	0	0	
xhui	1978	1	4.65	4.41	10	36.8	26.1	0	0	0	4.7	0.1	2.2	2.3	17.8	0	0	
xhui	1978	2	4.46	2.92	2.7	24.1	46.8	0	0	0	2.6	0	1.5	1.5	13.8	0	0	
xhui	1978	3	5.82	2.09	8.3	18.8	96.5	0	0	0	7.4	0	1	1.1	11.6	0	0	
xhui	1978	4	4.15	1.72	13.2	16.1	217.2	0	0	0	9.4	0	0.8	0.9	11.1	0	0	
xhui	1978	5	1.85	3.27	49.1	46.9	161.6	0	0	0	59.9	0.1	1.5	1.7	27.4	0	0	
xhui	1978	6	2.2	6.96	65.1	64.4	178.6	0	0	0	59.2	0.9	2.8	3.7	37.9	0	0	
xhui	1978	7	14.77	15.95	159	115.3	140.3	0	0	0	128.6	3.9	4.5	8.5	69.1	0	0	
xhui	1978	8	56.94	108.46	232	148.6	119.4	0	0	0	204.3	50.2	6.6	56.8	114.1	0	0	
xhui	1978	9	49.15	27.47	70.7	137.3	88.9	0	0	0	67.4	7	7.2	14.2	64.5	0	0	
xhui	1978	10	18.74	14.47	18.1	98.6	75.2	0	0	0	17	1.5	5.9	7.5	48.2	0	0	
xhui	1978	11	10.92	8	1.6	63.6	49.6	0	0	0	1.3	0	4	4.1	32.1	0	0	
xhui	1978	12	7.1	5.19	1.4	42.3	23.5	0	0	0	0.8	0	2.6	2.6	19.5	0	0	
xhui	1979	1	6.82	3.36	0	26.6	29.1	0	0	0	0	0	1.7	1.7	13.9	0	0	
xhui	1979	2	6.99	3.12	22.6	31.8	43.2	0	0	0	24.1	0.1	1.4	1.6	17.3	0	0	
xhui	1979	3	7.05	2.95	9.1	26.1	71.4	0	0	0	11.2	0	1.4	1.5	15.3	0	0	
xhui	1979	4	6.12	3.06	21.2	32.4	129.5	0	0	0	27.2	0.1	1.4	1.6	19.3	0	0	
xhui	1979	5	4.76	4.32	47.6	43.8	188.7	0	0	0	39.9	0.3	1.9	2.2	26.2	0	0	
xhui	1979	6	13.69	12.29	158	120.3	137.9	0	0	0	147.7	2.1	4.1	6.3	64.9	0	0	
xhui	1979	7	36.32	35.27	144.2	145.4	133.6	0	0	0	138	11.4	6.6	18.1	94.8	0	0	
xhui	1979	8	61.83	49.86	132.5	148.2	117.4	0	0	0	134.4	18.1	7.4	25.5	106	0	0	
xhui	1979	9	20.56	19.94	40.1	114.2	114.6	0	0	0	37.3	3.8	6.6	10.4	60.8	0	0	
xhui	1979	10	10.98	10.37	9.2	75.8	119.1	0	0	0	9.3	0.6	4.7	5.4	42.3	0	0	
xhui	1979	11	7.91	6.58	5.6	52.3	41.5	0	0	0	6.7	0.2	3.2	3.4	26.7	0	0	
xhui	1979	12	6.01	4.43	4.1	36.9	28.5	0	0	0	4	0	2.2	2.3	17.1	0	0	
