zhangjiafen	1960-1-1	19.1	8.08	0	6.21	0.077	0.5	0	0.014	0.073	0.055	0.022	29.829	0.129	0.2
zhangjiafen	1960-1-2	20.4	8.08	0	6.017	0.076	0.5	0	0.014	0.073	0.053	0.022	29.674	0.126	0.199
zhangjiafen	1960-1-3	21.7	9.806	0	5.829	0.074	0.5	0	0.014	0.072	0.052	0.022	29.501	0.123	0.198
zhangjiafen	1960-1-4	21.9	11.224	0	5.644	0.073	0.5	0	0.013	0.072	0.051	0.022	29.322	0.12	0.197
zhangjiafen	1960-1-5	19.7	11.799	0	5.466	0.071	0.5	0	0.013	0.071	0.049	0.022	29.155	0.117	0.196
zhangjiafen	1960-1-6	16.8	11.655	0	5.292	0.07	0.5	0	0.013	0.071	0.048	0.022	28.972	0.113	0.194
zhangjiafen	1960-1-7	21.4	11.144	0	5.125	0.068	0.5	0	0.012	0.07	0.046	0.022	28.808	0.109	0.193
zhangjiafen	1960-1-8	19.4	10.538	0.005	4.965	0.067	0.5	0	0.012	0.07	0.045	0.022	28.622	0.108	0.192
zhangjiafen	1960-1-9	18.5	9.987	0	4.803	0.066	0.5	0	0.012	0.07	0.044	0.022	28.453	0.106	0.191
zhangjiafen	1960-1-10	17.9	9.532	0	4.644	0.065	0.5	0	0.012	0.069	0.044	0.022	28.277	0.104	0.19
zhangjiafen	1960-1-11	18.3	9.177	0	4.487	0.064	0.5	0	0.011	0.069	0.043	0.022	28.092	0.102	0.189
zhangjiafen	1960-1-12	19.3	8.912	0.01	4.342	0.064	0.5	0	0.011	0.069	0.042	0.022	27.918	0.102	0.187
zhangjiafen	1960-1-13	19.9	8.724	0.143	4.315	0.067	0.5	0.001	0.012	0.069	0.045	0.022	27.758	0.111	0.186
zhangjiafen	1960-1-14	19.8	8.613	0.331	4.444	0.074	0.5	0.003	0.015	0.069	0.052	0.021	27.611	0.133	0.185
zhangjiafen	1960-1-15	21.2	8.615	0.71	4.913	0.083	0.5	0.003	0.018	0.069	0.061	0.021	27.496	0.159	0.184
zhangjiafen	1960-1-16	20.3	8.726	0.117	4.776	0.087	0.5	0.001	0.019	0.069	0.065	0.021	27.392	0.17	0.183
zhangjiafen	1960-1-17	22.8	8.851	0.586	5.096	0.089	0.5	0.004	0.019	0.069	0.067	0.021	27.294	0.175	0.183
zhangjiafen	1960-1-18	23.9	8.997	0.528	5.341	0.093	0.5	0.004	0.021	0.069	0.071	0.021	27.207	0.186	0.182
zhangjiafen	1960-1-19	21.3	9.143	0.38	5.431	0.095	0.5	0.003	0.021	0.069	0.074	0.021	27.127	0.192	0.181
zhangjiafen	1960-1-20	19	9.284	0	5.147	0.094	0.5	0	0.021	0.069	0.073	0.021	27.045	0.19	0.181
zhangjiafen	1960-1-21	17.2	9.351	0.002	4.861	0.11	0.6	0	0.02	0.069	0.084	0.025	26.953	0.183	0.18
zhangjiafen	1960-1-22	13.7	9.351	0	4.584	0.106	0.6	0	0.02	0.069	0.081	0.025	26.856	0.176	0.18
zhangjiafen	1960-1-23	13.9	9.302	0	4.319	0.103	0.6	0	0.019	0.069	0.077	0.025	26.751	0.169	0.179
zhangjiafen	1960-1-24	12.7	9.225	0	4.066	0.099	0.6	0	0.018	0.069	0.074	0.025	26.64	0.162	0.178
zhangjiafen	1960-1-25	18.7	9.133	0	3.824	0.096	0.6	0	0.017	0.069	0.07	0.025	26.522	0.154	0.178
zhangjiafen	1960-1-26	18.2	9.038	0	3.593	0.092	0.6	0	0.016	0.069	0.067	0.025	26.398	0.147	0.177
zhangjiafen	1960-1-27	20.8	8.942	0	3.374	0.089	0.6	0	0.016	0.069	0.064	0.025	26.267	0.14	0.176
zhangjiafen	1960-1-28	19.5	8.849	0	3.167	0.085	0.6	0	0.015	0.069	0.06	0.025	26.131	0.133	0.175
zhangjiafen	1960-1-29	18.1	8.757	0	2.97	0.082	0.6	0	0.014	0.069	0.057	0.025	25.988	0.126	0.174
zhangjiafen	1960-1-30	18.8	8.667	0	2.785	0.079	0.6	0	0.013	0.069	0.054	0.025	25.839	0.119	0.173
zhangjiafen	1960-1-31	18.7	8.579	0	2.611	0.075	0.6	0	0.012	0.069	0.05	0.025	25.686	0.112	0.172
zhangjiafen	1960-2-1	23.6	8.491	0	2.408	0.132	1.1	0	0.012	0.069	0.087	0.045	25.504	0.105	0.171
zhangjiafen	1960-2-2	22.7	8.404	0	2.221	0.125	1.1	0	0.011	0.069	0.08	0.045	25.315	0.096	0.17
zhangjiafen	1960-2-3	23.2	8.316	0.018	2.064	0.12	1.1	0	0.01	0.069	0.075	0.045	25.123	0.09	0.169
zhangjiafen	1960-2-4	22.9	8.226	0	1.903	0.114	1.1	0	0.009	0.069	0.069	0.045	24.926	0.083	0.167
zhangjiafen	1960-2-5	24.1	8.137	0	1.756	0.107	1.1	0	0.008	0.069	0.063	0.045	24.721	0.075	0.166
zhangjiafen	1960-2-6	22.8	8.049	0	1.623	0.102	1.1	0	0.008	0.069	0.057	0.045	24.512	0.069	0.165
zhangjiafen	1960-2-7	21.3	7.964	0.067	1.554	0.102	1.1	0	0.008	0.069	0.058	0.044	24.305	0.07	0.163
zhangjiafen	1960-2-8	20.9	7.884	0.324	1.705	0.116	1.1	0.001	0.01	0.069	0.072	0.044	24.12	0.09	0.162
zhangjiafen	1960-2-9	18	7.849	0.207	1.718	0.125	1.1	0.001	0.011	0.069	0.081	0.044	23.948	0.101	0.161
zhangjiafen	1960-2-10	18.5	7.86	0.333	1.843	0.13	1.1	0.001	0.012	0.069	0.087	0.044	23.785	0.109	0.16
zhangjiafen	1960-2-11	21	7.91	0.034	1.667	0.131	1.1	0	0.012	0.069	0.087	0.044	23.624	0.11	0.159
zhangjiafen	1960-2-12	20	7.972	0	1.476	0.123	1.1	0	0.011	0.069	0.08	0.044	23.455	0.1	0.157
zhangjiafen	1960-2-13	20	8.012	0	1.305	0.115	1.1	0	0.01	0.068	0.071	0.043	23.277	0.09	0.156
zhangjiafen	1960-2-14	21.1	8.017	0	1.154	0.106	1.1	0	0.009	0.068	0.063	0.043	23.09	0.079	0.155
zhangjiafen	1960-2-15	24.4	7.984	0.17	1.176	0.104	1.1	0	0.009	0.068	0.061	0.043	22.901	0.077	0.154
zhangjiafen	1960-2-16	24.1	7.929	0.001	1.036	0.102	1.1	0	0.008	0.068	0.059	0.043	22.712	0.075	0.153
zhangjiafen	1960-2-17	29.3	7.867	0	0.915	0.093	1.1	0	0.007	0.068	0.05	0.043	22.514	0.064	0.151
zhangjiafen	1960-2-18	33.3	7.8	0	0.813	0.085	1.1	0	0.006	0.068	0.043	0.042	22.306	0.054	0.15
zhangjiafen	1960-2-19	29.7	7.726	0.135	0.843	0.086	1.1	0	0.006	0.068	0.044	0.042	22.102	0.055	0.149
zhangjiafen	1960-2-20	23.3	7.648	0	0.742	0.084	1.1	0	0.006	0.068	0.042	0.042	21.898	0.053	0.147
zhangjiafen	1960-2-21	20.2	7.574	0	0.651	0.091	1.3	0	0.005	0.068	0.042	0.049	21.679	0.045	0.146
zhangjiafen	1960-2-22	20	7.511	0	0.573	0.085	1.3	0	0.004	0.068	0.036	0.049	21.455	0.038	0.145
zhangjiafen	1960-2-23	17.9	7.456	0	0.504	0.091	1.5	0	0.004	0.068	0.035	0.056	21.219	0.032	0.143
zhangjiafen	1960-2-24	18.3	7.405	0	0.446	0.085	1.5	0	0.003	0.068	0.029	0.056	20.98	0.026	0.141
zhangjiafen	1960-2-25	19.4	7.354	0	0.397	0.08	1.5	0	0.002	0.068	0.024	0.056	20.739	0.022	0.14
zhangjiafen	1960-2-26	19.5	7.303	0	0.354	0.077	1.5	0	0.002	0.068	0.021	0.056	20.497	0.02	0.138
zhangjiafen	1960-2-27	18.6	7.251	0	0.316	0.074	1.5	0	0.002	0.068	0.019	0.055	20.254	0.017	0.137
zhangjiafen	1960-2-28	18.8	7.2	0	0.281	0.072	1.5	0	0.002	0.068	0.017	0.055	20.012	0.016	0.135
zhangjiafen	1960-2-29	19.4	7.152	0	0.25	0.07	1.5	0	0.002	0.068	0.015	0.055	19.77	0.014	0.133
zhangjiafen	1960-3-1	20.6	7.107	0.061	0.262	0.078	1.5	0	0.003	0.068	0.024	0.054	19.539	0.023	0.132
zhangjiafen	1960-3-2	19.4	7.072	0.559	0.67	0.144	1.8	0	0.007	0.068	0.079	0.065	19.341	0.064	0.13
zhangjiafen	1960-3-3	18.9	7.097	0.025	0.52	0.157	1.8	0	0.008	0.068	0.093	0.064	19.155	0.075	0.129
zhangjiafen	1960-3-4	18.9	7.171	0.053	0.422	0.144	1.8	0	0.007	0.068	0.08	0.064	18.96	0.065	0.128
zhangjiafen	1960-3-5	19.4	7.264	0.037	0.334	0.13	1.8	0	0.006	0.068	0.067	0.064	18.756	0.054	0.126
zhangjiafen	1960-3-6	21.2	7.339	0	0.239	0.114	1.8	0	0.005	0.068	0.051	0.063	18.541	0.041	0.125
zhangjiafen	1960-3-7	22.9	7.362	0.076	0.235	0.096	1.6	0	0.004	0.068	0.04	0.056	18.331	0.037	0.124
zhangjiafen	1960-3-8	22.9	7.34	0.034	0.19	0.095	1.6	0	0.004	0.068	0.039	0.056	18.121	0.036	0.122
zhangjiafen	1960-3-9	23.5	7.299	0	0.135	0.083	1.6	0	0.003	0.067	0.028	0.055	17.903	0.025	0.121
zhangjiafen	1960-3-10	24	7.248	0.184	0.233	0.097	1.6	0	0.004	0.067	0.042	0.055	17.7	0.039	0.119
zhangjiafen	1960-3-11	24	7.203	0	0.142	0.11	1.8	0	0.004	0.067	0.049	0.061	17.493	0.04	0.118
zhangjiafen	1960-3-12	21.7	7.17	0	0.09	0.086	1.7	0	0.003	0.067	0.028	0.058	17.275	0.024	0.117
zhangjiafen	1960-3-13	18.3	7.138	0	0.061	0.073	1.7	0	0.001	0.067	0.016	0.057	17.049	0.013	0.115
zhangjiafen	1960-3-14	19.4	7.098	0	0.047	0.065	1.7	0	0.001	0.067	0.008	0.057	16.817	0.007	0.114
zhangjiafen	1960-3-15	20	7.048	0	0.036	0.083	2.3	0	0	0.067	0.006	0.077	16.565	0.004	0.112
zhangjiafen	1960-3-16	21.2	6.994	0	0.03	0.077	2.2	0	0	0.067	0.004	0.073	16.317	0.003	0.11
zhangjiafen	1960-3-17	22.3	6.942	0.17	0.133	0.11	2.2	0	0.003	0.067	0.038	0.072	16.095	0.026	0.109
zhangjiafen	1960-3-18	22.3	6.905	0.394	0.374	0.173	2.5	0	0.006	0.067	0.092	0.081	15.893	0.054	0.107
zhangjiafen	1960-3-19	22.9	6.919	0.224	0.404	0.21	2.7	0	0.007	0.067	0.122	0.087	15.699	0.066	0.106
zhangjiafen	1960-3-20	23.5	6.99	0.405	0.657	0.116	1.4	0.001	0.008	0.067	0.071	0.045	15.556	0.074	0.105
zhangjiafen	1960-3-21	21.7	7.116	0.207	0.599	0.269	3	0	0.009	0.067	0.173	0.096	15.372	0.084	0.104
zhangjiafen	1960-3-22	20.6	7.277	1.91	2.176	0.262	2.2	0.003	0.014	0.067	0.192	0.07	15.257	0.124	0.102
zhangjiafen	1960-3-23	21.7	7.501	0	1.768	0.324	2.4	0	0.016	0.067	0.248	0.076	15.157	0.145	0.102
zhangjiafen	1960-3-24	20	7.737	0.113	1.519	0.287	2.3	0.001	0.015	0.067	0.214	0.073	15.048	0.132	0.101
zhangjiafen	1960-3-25	20	7.917	0.019	1.187	0.3	2.6	0	0.013	0.067	0.218	0.082	14.918	0.119	0.1
zhangjiafen	1960-3-26	19.4	8.019	0.06	0.948	0.261	2.5	0	0.012	0.067	0.183	0.078	14.778	0.105	0.099
zhangjiafen	1960-3-27	19.4	8.044	0	0.711	0.206	2.2	0	0.01	0.067	0.137	0.069	14.633	0.09	0.099
zhangjiafen	1960-3-28	19.4	8.007	0	0.504	0.199	2.4	0	0.008	0.067	0.124	0.074	14.469	0.075	0.098
zhangjiafen	1960-3-29	21.2	7.926	0	0.33	0.194	2.7	0	0.007	0.067	0.11	0.083	14.282	0.06	0.096
zhangjiafen	1960-3-30	20.6	7.819	0	0.215	0.134	2.2	0	0.005	0.067	0.066	0.067	14.096	0.044	0.095
zhangjiafen	1960-3-31	20	7.697	0	0.148	0.074	1.4	0	0.004	0.067	0.031	0.043	13.925	0.033	0.094
zhangjiafen	1960-4-1	19.4	7.569	0	0.046	0.231	4.9	0	0.003	0.067	0.083	0.148	13.642	0.025	0.093
zhangjiafen	1960-4-2	19.4	7.442	0	0.01	0.206	5.7	0	0.001	0.067	0.036	0.171	13.322	0.009	0.091
zhangjiafen	1960-4-3	20	7.316	0	0.005	0.111	3.6	0	0	0.067	0.004	0.107	13.061	0.002	0.089
zhangjiafen	1960-4-4	19.4	7.191	0	0.002	0.143	4.8	0	0	0.067	0.002	0.141	12.767	0.001	0.087
zhangjiafen	1960-4-5	19.4	7.073	0	0.002	0.148	5.1	0	0	0.067	0.001	0.148	12.468	0	0.085
zhangjiafen	1960-4-6	20	6.973	0	0.002	0.115	4	0	0	0.067	0	0.114	12.203	0	0.083
zhangjiafen	1960-4-7	19.4	6.896	0	0.001	0.13	4.6	0	0	0.067	0	0.13	11.924	0	0.081
zhangjiafen	1960-4-8	20	6.842	0	0.001	0.137	4.9	0	0	0.067	0	0.137	11.64	0	0.079
zhangjiafen	1960-4-9	19.4	6.805	0.009	0.002	0.151	5.2	0	0	0.067	0.007	0.144	11.354	0.002	0.078
zhangjiafen	1960-4-10	20	6.788	0.004	0.001	0.188	6.7	0	0	0.067	0.005	0.183	11.03	0.001	0.076
zhangjiafen	1960-4-11	18.9	6.775	0.054	0.016	0.2	6.2	0	0.001	0.067	0.034	0.167	10.73	0.008	0.074
zhangjiafen	1960-4-12	20	6.762	0.481	0.35	0.218	4.2	0	0.004	0.067	0.107	0.111	10.518	0.037	0.072
zhangjiafen	1960-4-13	20.6	6.819	0.027	0.201	0.262	4.8	0	0.005	0.067	0.136	0.126	10.296	0.041	0.07
zhangjiafen	1960-4-14	20	6.92	0	0.107	0.173	4	0	0.003	0.067	0.07	0.104	10.081	0.025	0.069
zhangjiafen	1960-4-15	20	6.993	0.013	0.052	0.168	4.5	0	0.002	0.067	0.052	0.116	9.848	0.017	0.067
zhangjiafen	1960-4-16	20	7.009	0	0.029	0.111	3.7	0	0.001	0.067	0.017	0.094	9.629	0.007	0.066
zhangjiafen	1960-4-17	20	6.973	0	0.018	0.104	3.8	0	0	0.067	0.008	0.095	9.405	0.003	0.064
zhangjiafen	1960-4-18	19.4	6.913	0.046	0.012	0.153	4.6	0	0.001	0.067	0.039	0.114	9.174	0.012	0.063
zhangjiafen	1960-4-19	20.6	6.865	0	0.007	0.088	3.4	0	0	0.067	0.005	0.083	8.964	0.002	0.061
zhangjiafen	1960-4-20	20	6.824	0	0.005	0.054	2.2	0	0	0.067	0.001	0.053	8.785	0.001	0.06
zhangjiafen	1960-4-21	20	6.788	0	0.002	0.102	4.2	0	0	0.067	0.002	0.101	8.559	0.001	0.059
zhangjiafen	1960-4-22	19.4	6.759	0	0.001	0.071	3	0	0	0.067	0.001	0.071	8.364	0	0.057
zhangjiafen	1960-4-23	19.4	6.737	0	0.001	0.15	6.4	0	0	0.067	0.001	0.149	8.092	0	0.056
zhangjiafen	1960-4-24	19.4	6.724	0	0.001	0.154	6.7	0	0	0.067	0	0.154	7.817	0	0.054
zhangjiafen	1960-4-25	18.9	6.715	0.062	0.007	0.236	8.1	0	0.001	0.067	0.054	0.183	7.525	0.01	0.052
zhangjiafen	1960-4-26	18.9	6.715	0	0.001	0.147	6.2	0	0	0.067	0.01	0.137	7.273	0.002	0.05
zhangjiafen	1960-4-27	18.9	6.722	0	0	0.091	4.2	0	0	0.067	0	0.091	7.066	0	0.048
zhangjiafen	1960-4-28	18.3	6.728	0	0	0.103	4.8	0	0	0.067	0	0.103	6.849	0	0.047
zhangjiafen	1960-4-29	17.2	6.731	0	0	0.099	4.7	0	0	0.067	0	0.099	6.638	0	0.046
zhangjiafen	1960-4-30	16.6	6.729	0	0	0.1	4.8	0	0	0.067	0	0.1	6.427	0	0.044
zhangjiafen	1960-5-1	16.1	6.723	0	0	0.092	4.5	0	0	0.067	0	0.092	6.225	0	0.043
zhangjiafen	1960-5-2	16.1	6.716	0.043	0.018	0.139	5.9	0	0.001	0.067	0.021	0.118	6.003	0.005	0.041
zhangjiafen	1960-5-3	15.6	6.727	0.075	0.019	0.144	4.5	0	0.002	0.067	0.056	0.089	5.826	0.019	0.04
zhangjiafen	1960-5-4	14.6	6.743	0	0.003	0.115	5	0	0.001	0.067	0.018	0.097	5.628	0.005	0.039
zhangjiafen	1960-5-5	15.1	6.75	0	0.001	0.068	3.5	0	0	0.067	0.001	0.067	5.458	0.001	0.038
zhangjiafen	1960-5-6	15.1	6.75	0	0.001	0.098	5.2	0	0	0.067	0.001	0.097	5.257	0	0.036
zhangjiafen	1960-5-7	15.1	6.747	0.017	0.002	0.134	6.5	0	0	0.067	0.015	0.119	5.039	0.003	0.035
zhangjiafen	1960-5-8	15.1	6.743	0.122	0.042	0.194	6.7	0	0.002	0.067	0.074	0.12	4.834	0.016	0.034
zhangjiafen	1960-5-9	15.1	6.766	1.382	1.042	0.418	6.3	0	0.008	0.067	0.307	0.111	4.694	0.07	0.032
zhangjiafen	1960-5-10	14.6	6.828	0	0.594	0.503	7.1	0	0.008	0.067	0.38	0.123	4.549	0.076	0.031
zhangjiafen	1960-5-11	14.6	6.921	0	0.315	0.36	7.1	0	0.005	0.067	0.239	0.121	4.378	0.048	0.03
zhangjiafen	1960-5-12	14.6	7.023	0	0.174	0.203	5.5	0	0.003	0.067	0.111	0.092	4.219	0.029	0.029
zhangjiafen	1960-5-13	14	7.104	0.249	0.177	0.299	6.1	0	0.005	0.067	0.199	0.1	4.072	0.048	0.028
zhangjiafen	1960-5-14	13.5	7.184	5.185	4.358	0.937	7.1	0.003	0.018	0.067	0.823	0.114	4.025	0.161	0.027
zhangjiafen	1960-5-15	14.6	7.38	0.372	3.228	1.415	8.6	0.002	0.022	0.065	1.278	0.137	3.995	0.2	0.027
zhangjiafen	1960-5-16	15.1	7.758	1.667	3.5	1.307	8.4	0.013	0.021	0.066	1.173	0.134	3.959	0.189	0.027
zhangjiafen	1960-5-17	14	8.198	0	2.532	0.868	6	0	0.02	0.066	0.773	0.095	3.947	0.176	0.026
zhangjiafen	1960-5-18	14.6	8.458	0.069	1.947	0.558	4.5	0.001	0.017	0.067	0.487	0.071	3.933	0.15	0.026
zhangjiafen	1960-5-19	13.5	8.586	0.486	1.658	0.72	6.3	0.003	0.015	0.067	0.62	0.1	3.877	0.138	0.026
zhangjiafen	1960-5-20	13	8.61	0.03	1.019	0.65	6.6	0	0.013	0.067	0.546	0.104	3.798	0.117	0.026
zhangjiafen	1960-5-21	12.5	8.533	0.096	0.596	0.539	7	0	0.01	0.067	0.431	0.109	3.685	0.088	0.025
zhangjiafen	1960-5-22	13	8.389	0	0.271	0.388	7.1	0	0.006	0.067	0.28	0.108	3.541	0.057	0.025
zhangjiafen	1960-5-23	12.5	8.198	0	0.153	0.158	4.5	0	0.003	0.067	0.09	0.067	3.412	0.029	0.024
zhangjiafen	1960-5-24	12.5	7.974	0.194	0.15	0.246	6	0	0.004	0.067	0.158	0.088	3.274	0.039	0.023
zhangjiafen	1960-5-25	11.5	7.776	1.742	1.29	0.592	7.1	0.001	0.011	0.067	0.491	0.102	3.183	0.1	0.022
zhangjiafen	1960-5-26	14.6	7.69	9.889	9.807	1.169	6.2	0.035	0.025	0.058	1.082	0.087	3.245	0.229	0.021
zhangjiafen	1960-5-27	20	8.1	0.487	8.537	1.533	6.5	0.009	0.031	0.037	1.44	0.093	3.371	0.277	0.022
zhangjiafen	1960-5-28	16.6	8.449	0	7.053	1.284	5.9	0	0.029	0.044	1.198	0.086	3.476	0.258	0.022
zhangjiafen	1960-5-29	14.6	8.557	0	5.461	1.439	7.3	0	0.026	0.052	1.331	0.108	3.528	0.235	0.023
zhangjiafen	1960-5-30	12	8.519	0.044	4.091	1.296	7.5	0.001	0.023	0.059	1.184	0.112	3.542	0.208	0.023
zhangjiafen	1960-5-31	12	8.474	1.248	4.022	1.203	7.5	0.012	0.022	0.061	1.09	0.112	3.539	0.194	0.023
zhangjiafen	1960-6-1	12	8.493	1.743	4.727	0.882	5.4	0.017	0.022	0.06	0.801	0.081	3.572	0.197	0.023
zhangjiafen	1960-6-2	12	8.679	1.732	5.471	0.802	4.6	0.022	0.023	0.058	0.733	0.069	3.631	0.209	0.023
zhangjiafen	1960-6-3	13	9.076	0.292	4.621	0.992	5.7	0.004	0.023	0.058	0.906	0.086	3.672	0.209	0.024
zhangjiafen	1960-6-4	13	9.38	0	3.538	0.971	6.2	0	0.021	0.061	0.877	0.094	3.681	0.188	0.024
zhangjiafen	1960-6-5	12	9.405	0.181	2.952	0.656	4.8	0.002	0.018	0.063	0.583	0.073	3.685	0.164	0.024
zhangjiafen	1960-6-6	12	9.225	0.535	2.804	0.572	4.4	0.003	0.017	0.064	0.506	0.067	3.686	0.156	0.024
zhangjiafen	1960-6-7	13	9.015	0.961	3.03	0.621	4.7	0.009	0.018	0.064	0.55	0.071	3.686	0.159	0.024
zhangjiafen	1960-6-8	13	8.896	0	2.423	0.502	4	0	0.017	0.064	0.442	0.061	3.687	0.15	0.024
zhangjiafen	1960-6-9	9.6	8.79	5.17	6.543	0.875	5.4	0.04	0.022	0.06	0.794	0.082	3.715	0.194	0.024
zhangjiafen	1960-6-10	10.5	9.04	2.884	8.407	0.76	3.7	0.048	0.027	0.048	0.704	0.056	3.828	0.242	0.024
zhangjiafen	1960-6-11	12.5	9.85	7.378	14.187	1.211	4.7	0.129	0.033	0.033	1.139	0.072	3.994	0.296	0.026
zhangjiafen	1960-6-12	15.1	11.726	3.283	15.434	1.658	5.6	0.097	0.037	0.021	1.57	0.088	4.19	0.332	0.027
zhangjiafen	1960-6-13	22.6	13.043	0.182	13.664	1.675	5.7	0.003	0.037	0.022	1.583	0.093	4.378	0.33	0.028
zhangjiafen	1960-6-14	25.4	13.004	0.756	13.02	1.099	3.9	0.011	0.035	0.024	1.034	0.065	4.578	0.319	0.029
zhangjiafen	1960-6-15	25	12.204	0.255	11.668	1.34	4.9	0.006	0.035	0.027	1.256	0.084	4.748	0.311	0.031
zhangjiafen	1960-6-16	19.5	10.846	2.483	12.533	1.301	4.8	0.056	0.034	0.028	1.218	0.083	4.913	0.308	0.032
zhangjiafen	1960-6-17	23.5	10.102	0.622	11.284	1.622	6	0.015	0.034	0.029	1.516	0.106	5.052	0.307	0.033
zhangjiafen	1960-6-18	20.5	9.624	0.389	10.194	1.231	4.8	0.009	0.033	0.036	1.144	0.086	5.189	0.293	0.034
zhangjiafen	1960-6-19	19.5	9.211	0	9.255	0.679	2.8	0	0.031	0.043	0.628	0.051	5.34	0.279	0.035
zhangjiafen	1960-6-20	16.5	8.873	0.088	8.087	1.041	4.5	0.002	0.03	0.048	0.958	0.083	5.441	0.268	0.036
zhangjiafen	1960-6-21	13.8	8.653	0.538	7.389	1.031	4.7	0.009	0.028	0.051	0.943	0.088	5.521	0.255	0.036
zhangjiafen	1960-6-22	15.6	8.616	0.184	6.186	1.226	5.9	0.002	0.027	0.054	1.115	0.111	5.562	0.243	0.037
zhangjiafen	1960-6-23	13.8	8.629	0.019	4.7	1.398	7.4	0	0.025	0.059	1.259	0.14	5.549	0.222	0.037
zhangjiafen	1960-6-24	12.7	8.653	0.48	3.865	1.228	7.3	0.005	0.022	0.061	1.09	0.138	5.511	0.198	0.037
zhangjiafen	1960-6-25	12.7	8.695	1.168	3.875	1.063	6.7	0.013	0.021	0.062	0.937	0.126	5.474	0.187	0.037
zhangjiafen	1960-6-26	13	8.779	10.003	12.055	1.576	6.9	0.081	0.03	0.049	1.447	0.129	5.525	0.266	0.036
zhangjiafen	1960-6-27	18.8	9.618	5.319	15.235	1.787	6.1	0.102	0.036	0.019	1.672	0.115	5.683	0.328	0.037
zhangjiafen	1960-6-28	32.3	12.908	0.914	14.34	1.507	5	0.025	0.037	0.019	1.412	0.095	5.866	0.335	0.038
zhangjiafen	1960-6-29	22.6	13.003	0.009	12.134	1.99	6.9	0	0.036	0.024	1.856	0.134	5.992	0.323	0.039
zhangjiafen	1960-6-30	17.5	11.174	1.652	11.973	1.54	5.6	0.039	0.034	0.032	1.43	0.11	6.119	0.31	0.04
zhangjiafen	1960-7-1	16	9.938	1.111	10.846	2.027	7.5	0.021	0.034	0.034	1.878	0.149	6.2	0.306	0.041
zhangjiafen	1960-7-2	14.5	9.253	0.031	9.087	1.594	6.3	0.001	0.032	0.039	1.468	0.126	6.283	0.289	0.041
zhangjiafen	1960-7-3	14.9	8.801	0	7.456	1.462	6.3	0	0.03	0.045	1.334	0.127	6.336	0.268	0.042
zhangjiafen	1960-7-4	14.9	8.467	3.127	8.546	1.86	8	0.041	0.03	0.047	1.697	0.162	6.353	0.269	0.042
zhangjiafen	1960-7-5	14.8	8.649	16.196	22.608	1.608	5.4	0.272	0.036	0.035	1.498	0.11	6.494	0.328	0.042
zhangjiafen	1960-7-6	107	19.958	4.299	24.55	1.83	5.3	0.222	0.041	0.032	1.721	0.109	6.684	0.373	0.043
zhangjiafen	1960-7-7	53.3	26.242	0	23.067	1.139	3.3	0	0.041	0.032	1.07	0.069	6.91	0.372	0.045
zhangjiafen	1960-7-8	28.9	19.777	0.066	21.301	1.53	4.6	0.002	0.04	0.034	1.432	0.098	7.091	0.359	0.046
zhangjiafen	1960-7-9	22.8	14.343	0.961	19.957	2.038	6.3	0.014	0.039	0.037	1.902	0.136	7.221	0.35	0.047
zhangjiafen	1960-7-10	20.5	11.257	5.248	22.28	2.575	7.6	0.11	0.041	0.028	2.41	0.165	7.344	0.365	0.048
zhangjiafen	1960-7-11	24.4	10.708	0.372	20.272	2.091	6.1	0.014	0.041	0.027	1.957	0.134	7.502	0.368	0.049
zhangjiafen	1960-7-12	32.1	11.087	5.363	23.256	1.93	5.5	0.154	0.042	0.023	1.808	0.122	7.682	0.375	0.05
zhangjiafen	1960-7-13	26.4	14.366	0	21.095	1.856	5.2	0	0.042	0.023	1.739	0.117	7.872	0.38	0.051
zhangjiafen	1960-7-14	22	13.813	1.563	20.745	1.478	4.3	0.124	0.041	0.025	1.38	0.098	8.065	0.368	0.052
zhangjiafen	1960-7-15	21.2	18.334	47.099	62.162	3.257	6.7	1.991	0.059	0.02	3.103	0.154	8.366	0.529	0.054
zhangjiafen	1960-7-16	264	111.66	1.145	59.708	2.924	5	0.111	0.068	0.02	2.807	0.117	8.786	0.613	0.056
zhangjiafen	1960-7-17	120	69.652	0	55.985	3.197	5.6	0	0.066	0.021	3.063	0.135	9.165	0.594	0.059
zhangjiafen	1960-7-18	57.6	39.064	0.172	52.703	2.936	5.3	0.012	0.064	0.022	2.806	0.13	9.525	0.573	0.061
zhangjiafen	1960-7-19	41.7	24.859	5.088	53.619	2.893	5.3	0.696	0.072	0.023	2.761	0.133	9.949	0.644	0.063
zhangjiafen	1960-7-20	105	61.647	1.738	52.122	2.488	4.6	0.224	0.064	0.025	2.371	0.118	10.317	0.577	0.066
zhangjiafen	1960-7-21	56.8	45.42	0.115	49.345	2.382	4.5	0.009	0.062	0.026	2.265	0.117	10.662	0.556	0.069
zhangjiafen	1960-7-22	45.1	25.351	2.034	48.632	2.082	4	0.166	0.06	0.027	1.976	0.106	11.003	0.544	0.071
zhangjiafen	1960-7-23	37	18.951	0	45.857	2.303	4.5	0	0.059	0.028	2.182	0.121	11.314	0.533	0.073
zhangjiafen	1960-7-24	35	16.122	2.694	45.535	2.428	4.8	0.137	0.058	0.028	2.297	0.131	11.604	0.524	0.075
zhangjiafen	1960-7-25	29	15.595	0.605	43.077	2.606	5.2	0.027	0.057	0.029	2.462	0.144	11.871	0.516	0.077
zhangjiafen	1960-7-26	27.4	15.235	1.348	41.742	2.161	4.4	0.082	0.056	0.029	2.039	0.123	12.145	0.505	0.079
zhangjiafen	1960-7-27	29	15.559	0.442	39.66	2.074	4.3	0.022	0.055	0.03	1.953	0.121	12.408	0.495	0.081
zhangjiafen	1960-7-28	24.2	15.295	3.367	39.76	2.629	5.5	0.25	0.054	0.03	2.472	0.157	12.627	0.49	0.083
zhangjiafen	1960-7-29	24.2	21.389	1.297	37.671	2.931	6.2	0.096	0.054	0.031	2.753	0.179	12.818	0.484	0.084
zhangjiafen	1960-7-30	24.2	21.922	5.201	39.085	3.062	6.5	0.377	0.054	0.031	2.874	0.189	12.995	0.482	0.085
zhangjiafen	1960-7-31	28.2	33.936	3.969	39.873	2.587	5.4	0.209	0.054	0.032	2.429	0.158	13.207	0.489	0.087
zhangjiafen	1960-8-1	27.4	31.576	0	37.374	2.091	4.4	0	0.054	0.032	1.961	0.13	13.441	0.483	0.088
zhangjiafen	1960-8-2	26.6	24.142	3.51	38.02	2.206	4.7	0.267	0.053	0.033	2.067	0.14	13.657	0.478	0.09
zhangjiafen	1960-8-3	34	27.72	0.385	35.847	2.134	4.6	0.036	0.053	0.033	1.996	0.138	13.868	0.473	0.091
zhangjiafen	1960-8-4	27.4	23.371	0.106	33.754	1.8	4	0.009	0.051	0.034	1.679	0.121	14.08	0.459	0.092
zhangjiafen	1960-8-5	24.2	18.512	0	31.433	1.962	4.5	0	0.05	0.036	1.825	0.137	14.259	0.446	0.094
zhangjiafen	1960-8-6	21	14.495	0.54	29.584	2.028	4.8	0.027	0.048	0.037	1.881	0.147	14.414	0.433	0.095
zhangjiafen	1960-8-7	20.5	12.609	8.54	35.291	1.956	4.5	0.522	0.049	0.037	1.818	0.138	14.586	0.444	0.096
zhangjiafen	1960-8-8	29	29	0.004	33.339	1.559	3.5	0	0.05	0.037	1.45	0.108	14.798	0.454	0.097
zhangjiafen	1960-8-9	23.4	25.508	0.053	31.769	1.213	2.8	0.004	0.049	0.038	1.126	0.087	15.016	0.443	0.099
zhangjiafen	1960-8-10	20	19.326	0.189	29.866	1.734	4.1	0.006	0.048	0.04	1.605	0.129	15.18	0.432	0.1
zhangjiafen	1960-8-11	19.5	14.998	5.511	32.836	1.984	4.6	0.214	0.049	0.038	1.839	0.145	15.335	0.439	0.101
zhangjiafen	1960-8-12	20.5	16.048	0.017	30.218	2.31	5.3	0.002	0.049	0.038	2.142	0.168	15.469	0.443	0.102
zhangjiafen	1960-8-13	19	16.076	0.602	28.219	2.272	5.4	0.025	0.048	0.039	2.1	0.172	15.584	0.429	0.103
zhangjiafen	1960-8-14	17	14.999	0.137	26.423	1.585	3.9	0.012	0.046	0.039	1.46	0.125	15.732	0.416	0.104
zhangjiafen	1960-8-15	15.6	13.953	2.958	27.617	1.297	3.2	0.108	0.046	0.039	1.194	0.103	15.899	0.414	0.105
zhangjiafen	1960-8-16	14.9	13.809	5.142	30.596	1.612	3.8	0.196	0.048	0.039	1.489	0.123	16.062	0.43	0.106
zhangjiafen	1960-8-17	13.8	16.022	0.147	28.427	1.976	4.6	0.007	0.048	0.039	1.826	0.149	16.201	0.434	0.107
zhangjiafen	1960-8-18	16.5	16.776	7.294	33.048	2.023	4.6	0.308	0.049	0.039	1.873	0.15	16.345	0.442	0.108
zhangjiafen	1960-8-19	16.5	20.51	1.246	32.123	1.718	3.8	0.074	0.05	0.04	1.594	0.125	16.525	0.453	0.109
zhangjiafen	1960-8-20	20	23.016	3.118	32.897	1.808	4	0.166	0.05	0.04	1.676	0.132	16.695	0.452	0.11
zhangjiafen	1960-8-21	20	22.816	5.698	35.866	2.044	4.4	0.317	0.051	0.041	1.899	0.146	16.86	0.463	0.111
zhangjiafen	1960-8-22	19	28.939	0.887	34.308	2.018	4.3	0.051	0.052	0.041	1.875	0.143	17.03	0.466	0.112
zhangjiafen	1960-8-23	19	27.792	0	31.475	2.512	5.5	0	0.051	0.041	2.327	0.184	17.146	0.455	0.114
zhangjiafen	1960-8-24	17.5	22.973	0	29.159	1.977	4.5	0	0.049	0.042	1.826	0.151	17.279	0.441	0.114
zhangjiafen	1960-8-25	16.5	18.448	0.405	27.304	1.914	4.5	0.021	0.048	0.042	1.762	0.152	17.399	0.429	0.115
zhangjiafen	1960-8-26	16	15.526	0	24.956	2.055	5	0	0.046	0.042	1.885	0.169	17.488	0.417	0.116
zhangjiafen	1960-8-27	15.6	13.444	4.591	27.821	1.151	2.8	0.206	0.046	0.043	1.056	0.095	17.651	0.417	0.117
zhangjiafen	1960-8-28	16.5	15.656	0.206	26.137	1.54	3.7	0.01	0.047	0.043	1.414	0.126	17.785	0.421	0.118
zhangjiafen	1960-8-29	17	16.033	0.584	24.673	1.701	4.2	0.033	0.046	0.043	1.558	0.144	17.891	0.412	0.119
zhangjiafen	1960-8-30	17	16.723	2.627	24.97	1.925	4.8	0.115	0.045	0.044	1.761	0.165	17.971	0.408	0.119
zhangjiafen	1960-8-31	17.5	17.129	0.743	23.746	1.628	4.1	0.031	0.045	0.044	1.487	0.141	18.07	0.405	0.12
zhangjiafen	1960-9-1	18.5	15.619	7.618	28.532	2.218	5.4	0.338	0.046	0.044	2.032	0.186	18.135	0.416	0.12
zhangjiafen	1960-9-2	25.8	24.449	0.619	26.495	2.349	5.6	0.03	0.047	0.044	2.155	0.194	18.2	0.424	0.121
zhangjiafen	1960-9-3	24.2	23.298	0	24.342	1.857	4.6	0	0.046	0.045	1.698	0.159	18.285	0.41	0.121
zhangjiafen	1960-9-4	21.8	18.586	0	22.066	2.016	5.2	0	0.044	0.045	1.835	0.181	18.334	0.396	0.122
zhangjiafen	1960-9-5	20	14.854	0	19.6	2.255	6.1	0	0.042	0.045	2.043	0.212	18.335	0.381	0.122
zhangjiafen	1960-9-6	19	12.481	0	17.932	1.402	4	0	0.04	0.046	1.263	0.139	18.391	0.364	0.122
zhangjiafen	1960-9-7	18	11.032	0	16.067	1.646	4.9	0	0.039	0.048	1.475	0.171	18.402	0.351	0.123
zhangjiafen	1960-9-8	18	10.145	1.849	16.342	1.279	3.9	0.049	0.038	0.048	1.143	0.136	18.439	0.344	0.123
zhangjiafen	1960-9-9	17.5	9.876	1.886	16.962	0.928	2.8	0.049	0.039	0.047	0.83	0.098	18.519	0.347	0.123
zhangjiafen	1960-9-10	18	10.533	0.464	16.111	1.026	3.1	0.012	0.039	0.048	0.918	0.108	18.586	0.347	0.123
zhangjiafen	1960-9-11	20	11.102	0.42	15.362	0.874	2.7	0.011	0.038	0.048	0.779	0.095	18.66	0.34	0.124
zhangjiafen	1960-9-12	18	11.241	4.422	18.783	0.536	1.6	0.132	0.039	0.048	0.48	0.056	18.782	0.351	0.124
zhangjiafen	1960-9-13	18.5	13.573	0.902	18.239	1.116	3.2	0.039	0.04	0.048	1.004	0.113	18.859	0.362	0.125
zhangjiafen	1960-9-14	18.5	13.994	0	16.779	1.19	3.5	0	0.039	0.048	1.066	0.124	18.915	0.354	0.126
zhangjiafen	1960-9-15	18	13.369	0	15.032	1.534	4.7	0	0.038	0.049	1.368	0.166	18.916	0.342	0.126
zhangjiafen	1960-9-16	17	12.429	0	13.432	1.395	4.5	0	0.036	0.05	1.236	0.159	18.908	0.327	0.126
zhangjiafen	1960-9-17	17	11.449	0	11.767	1.498	5.1	0	0.035	0.053	1.318	0.18	18.861	0.312	0.126
zhangjiafen	1960-9-18	16.5	10.596	0	10.451	1.133	4.1	0	0.033	0.056	0.988	0.145	18.831	0.296	0.126
zhangjiafen	1960-9-19	16	9.949	0	9.392	0.863	3.3	0	0.031	0.058	0.747	0.116	18.811	0.281	0.126
zhangjiafen	1960-9-20	16	9.517	0.085	8.279	1.046	4.2	0.001	0.03	0.061	0.898	0.148	18.746	0.268	0.125
zhangjiafen	1960-9-21	15.3	9.281	0.668	7.717	1.096	4.6	0.011	0.029	0.062	0.934	0.162	18.654	0.257	0.125
zhangjiafen	1960-9-22	14.9	9.517	11.181	17.169	1.382	4.7	0.163	0.035	0.052	1.217	0.165	18.627	0.314	0.124
zhangjiafen	1960-9-23	24.2	12.678	0.289	16.016	1.166	3.5	0.01	0.039	0.048	1.044	0.123	18.68	0.349	0.124
zhangjiafen	1960-9-24	28.2	13.672	0	14.554	1.221	3.8	0	0.038	0.049	1.087	0.133	18.711	0.338	0.125
zhangjiafen	1960-9-25	22.6	12.877	2.947	15.789	1.413	4.4	0.077	0.038	0.049	1.258	0.155	18.721	0.338	0.125
zhangjiafen	1960-9-26	21	12.881	4.944	18.905	1.429	4.2	0.152	0.039	0.049	1.282	0.148	18.755	0.355	0.125
zhangjiafen	1960-9-27	23.4	16.289	0.23	17.298	1.591	4.6	0.01	0.04	0.049	1.429	0.162	18.778	0.359	0.125
zhangjiafen	1960-9-28	22.5	16.371	13.004	27.758	1.816	4.8	0.468	0.043	0.049	1.647	0.169	18.821	0.386	0.125
zhangjiafen	1960-9-29	33	29.163	1.199	26.87	1.718	4.2	0.059	0.046	0.049	1.57	0.148	18.91	0.412	0.125
zhangjiafen	1960-9-30	28.2	27.727	0.981	25.629	1.886	4.7	0.051	0.045	0.049	1.72	0.166	18.973	0.405	0.126
zhangjiafen	1960-10-1	22.6	23.048	0	24.481	0.78	2	0	0.044	0.05	0.709	0.071	19.12	0.394	0.126
zhangjiafen	1960-10-2	20	18.487	0	23.636	0.458	1.2	0	0.043	0.051	0.416	0.043	19.287	0.387	0.127
zhangjiafen	1960-10-3	19.5	14.975	0.326	23.18	0.377	1	0.016	0.042	0.051	0.341	0.036	19.453	0.382	0.129
zhangjiafen	1960-10-4	19.5	12.85	0	22.156	0.668	1.8	0	0.042	0.052	0.604	0.064	19.584	0.377	0.13
zhangjiafen	1960-10-5	19	11.585	0	21.059	0.762	2.1	0	0.041	0.052	0.687	0.075	19.696	0.369	0.131
zhangjiafen	1960-10-6	18.5	10.765	0	19.99	0.743	2.1	0	0.04	0.053	0.668	0.076	19.796	0.361	0.131
zhangjiafen	1960-10-7	18.5	10.214	0.005	19.016	0.655	1.9	0	0.039	0.054	0.587	0.069	19.895	0.353	0.132
zhangjiafen	1960-10-8	17.5	9.86	0.369	18.623	0.407	1.2	0.013	0.039	0.055	0.363	0.043	20.011	0.347	0.133
zhangjiafen	1960-10-9	17.5	9.783	1.241	19.01	0.476	1.4	0.042	0.039	0.055	0.425	0.051	20.12	0.348	0.133
zhangjiafen	1960-10-10	17.5	10.699	0	18.322	0.339	1	0	0.039	0.055	0.302	0.036	20.241	0.347	0.134
zhangjiafen	1960-10-11	17.5	10.929	1.825	19.405	0.343	1	0.044	0.039	0.055	0.307	0.037	20.368	0.353	0.135
zhangjiafen	1960-10-12	17.5	11.111	6.415	24.951	0.263	0.7	0.207	0.042	0.053	0.237	0.026	20.536	0.382	0.136
zhangjiafen	1960-10-13	17.5	13.942	7.39	31.142	0.42	1	0.349	0.047	0.052	0.383	0.037	20.731	0.42	0.137
zhangjiafen	1960-10-14	21.8	25.707	0.36	30.476	0.569	1.3	0.02	0.048	0.052	0.521	0.048	20.928	0.435	0.138
zhangjiafen	1960-10-15	22.6	26.338	0.048	29.49	0.605	1.4	0.003	0.048	0.053	0.553	0.052	21.114	0.431	0.14
zhangjiafen	1960-10-16	20	21.706	0.889	29.465	0.429	1	0.048	0.047	0.053	0.391	0.037	21.31	0.427	0.141
zhangjiafen	1960-10-17	18.5	18.114	0	28.374	0.68	1.6	0	0.047	0.054	0.62	0.06	21.478	0.424	0.142
zhangjiafen	1960-10-18	17.5	15.663	0	27.416	0.543	1.3	0	0.046	0.054	0.494	0.049	21.649	0.417	0.143
zhangjiafen	1960-10-19	17	13.849	0	26.473	0.535	1.3	0	0.046	0.055	0.485	0.049	21.812	0.411	0.144
zhangjiafen	1960-10-20	17	12.516	0	25.582	0.485	1.2	0	0.045	0.056	0.44	0.046	21.971	0.406	0.145
zhangjiafen	1960-10-21	16.5	11.604	0	24.599	0.597	1.5	0	0.044	0.056	0.54	0.057	22.111	0.4	0.146
zhangjiafen	1960-10-22	16.5	11.032	0	23.633	0.586	1.5	0	0.044	0.057	0.529	0.057	22.243	0.393	0.147
zhangjiafen	1960-10-23	16	10.697	1.23	24.022	0.388	1	0.058	0.043	0.057	0.35	0.038	22.389	0.391	0.148
zhangjiafen	1960-10-24	16	11.73	0.134	23.264	0.502	1.3	0.007	0.043	0.058	0.452	0.05	22.522	0.389	0.149
zhangjiafen	1960-10-25	16	12.004	0.012	22.474	0.418	1.1	0.001	0.043	0.058	0.376	0.042	22.655	0.384	0.15
zhangjiafen	1960-10-26	16	11.81	0	21.752	0.337	0.9	0	0.042	0.059	0.302	0.035	22.788	0.378	0.151
zhangjiafen	1960-10-27	16	11.413	0	21.008	0.368	1	0	0.041	0.059	0.329	0.039	22.911	0.373	0.152
zhangjiafen	1960-10-28	16	11.006	0	20.244	0.398	1.1	0	0.041	0.06	0.356	0.043	23.024	0.367	0.153
zhangjiafen	1960-10-29	15.6	10.688	0	19.525	0.356	1	0	0.04	0.06	0.317	0.039	23.133	0.362	0.153
zhangjiafen	1960-10-30	15.6	10.471	0	18.819	0.35	1	0	0.04	0.06	0.311	0.039	23.235	0.356	0.154
zhangjiafen	1960-10-31	15.6	10.335	0	18.277	0.172	0.5	0	0.039	0.061	0.152	0.02	23.351	0.351	0.155
zhangjiafen	1960-11-1	15.6	10.252	0	17.264	0.711	2.1	0	0.038	0.061	0.628	0.082	23.397	0.346	0.156
zhangjiafen	1960-11-2	15.6	10.201	0	16.54	0.396	1.2	0	0.038	0.062	0.349	0.047	23.47	0.338	0.156
zhangjiafen	1960-11-3	16	10.161	0	15.859	0.356	1.1	0	0.037	0.062	0.312	0.043	23.54	0.332	0.156
zhangjiafen	1960-11-4	16.5	10.127	0	15.275	0.254	0.8	0	0.036	0.063	0.222	0.031	23.615	0.326	0.157
zhangjiafen	1960-11-5	16	10.095	0	14.593	0.373	1.2	0	0.036	0.063	0.326	0.047	23.667	0.32	0.157
zhangjiafen	1960-11-6	16	10.067	0	13.9	0.396	1.3	0	0.035	0.063	0.344	0.051	23.709	0.314	0.158
zhangjiafen	1960-11-7	15.6	10.039	0	13.223	0.387	1.3	0	0.034	0.064	0.335	0.051	23.744	0.307	0.158
zhangjiafen	1960-11-8	15.3	10.008	0	12.663	0.261	0.9	0	0.033	0.064	0.226	0.036	23.786	0.301	0.158
zhangjiafen	1960-11-9	14.9	9.975	0	12.114	0.256	0.9	0	0.033	0.064	0.221	0.036	23.823	0.295	0.159
zhangjiafen	1960-11-10	14.9	9.939	0	11.554	0.279	1	0	0.032	0.065	0.239	0.04	23.849	0.289	0.159
zhangjiafen	1960-11-11	14.9	9.904	0	10.96	0.327	1.2	0	0.031	0.065	0.279	0.048	23.861	0.283	0.159
zhangjiafen	1960-11-12	14.9	9.87	0	10.404	0.292	1.1	0	0.031	0.065	0.249	0.044	23.87	0.276	0.159
zhangjiafen	1960-11-13	14.9	9.835	0	9.797	0.363	1.4	0	0.03	0.066	0.307	0.055	23.859	0.27	0.159
zhangjiafen	1960-11-14	14.9	9.8	0	9.187	0.377	1.5	0	0.029	0.066	0.318	0.059	23.837	0.262	0.159
zhangjiafen	1960-11-15	14.5	9.764	0	8.679	0.269	1.1	0	0.028	0.066	0.225	0.044	23.823	0.255	0.159
zhangjiafen	1960-11-16	14.5	9.725	0	8.205	0.238	1	0	0.028	0.066	0.198	0.04	23.807	0.248	0.159
zhangjiafen	1960-11-17	14.9	9.681	0.92	8.613	0.266	1.1	0.008	0.028	0.067	0.222	0.043	23.792	0.254	0.159
zhangjiafen	1960-11-18	14.9	9.68	0.533	8.642	0.246	1	0.009	0.029	0.066	0.206	0.039	23.787	0.259	0.159
zhangjiafen	1960-11-19	15.3	9.743	0.217	8.302	0.317	1.3	0.005	0.029	0.066	0.266	0.051	23.769	0.258	0.159
zhangjiafen	1960-11-20	15.6	9.847	0.078	7.939	0.191	0.8	0.002	0.028	0.066	0.159	0.032	23.765	0.252	0.158
zhangjiafen	1960-11-21	14.9	9.942	0	7.491	0.21	0.9	0	0.027	0.066	0.174	0.036	23.75	0.246	0.158
zhangjiafen	1960-11-22	14.9	9.967	0.478	7.481	0.253	1.1	0.008	0.027	0.067	0.21	0.043	23.725	0.243	0.158
zhangjiafen	1960-11-23	14.5	10.091	0.041	7.05	0.249	1.1	0.001	0.027	0.067	0.206	0.043	23.695	0.239	0.158
zhangjiafen	1960-11-24	14.5	10.021	0	6.594	0.242	1.1	0	0.026	0.067	0.199	0.043	23.659	0.232	0.158
zhangjiafen	1960-11-25	13.4	9.878	0	6.189	0.192	0.9	0	0.025	0.067	0.156	0.035	23.623	0.224	0.158
zhangjiafen	1960-11-26	14.2	9.714	0	5.796	0.186	0.9	0	0.024	0.067	0.151	0.035	23.58	0.217	0.157
zhangjiafen	1960-11-27	10.3	9.565	0	5.417	0.181	0.9	0	0.023	0.068	0.145	0.035	23.53	0.21	0.157
zhangjiafen	1960-11-28	12	9.445	0	5.067	0.156	0.8	0	0.023	0.068	0.124	0.031	23.477	0.203	0.157
zhangjiafen	1960-11-29	13	9.35	0	4.729	0.151	0.8	0	0.022	0.068	0.119	0.031	23.419	0.197	0.157
zhangjiafen	1960-11-30	13	9.269	0	4.361	0.201	1.1	0	0.021	0.068	0.158	0.043	23.341	0.19	0.156
zhangjiafen	1960-12-1	13.8	9.196	0	4.035	0.158	0.9	0	0.02	0.068	0.123	0.035	23.265	0.182	0.156
zhangjiafen	1960-12-2	14.9	9.122	0	3.762	0.102	0.6	0	0.019	0.068	0.078	0.023	23.194	0.175	0.155
zhangjiafen	1960-12-3	13.4	9.046	0.017	3.516	0.099	0.6	0	0.019	0.068	0.075	0.023	23.117	0.169	0.155
zhangjiafen	1960-12-4	12	8.972	0	3.263	0.096	0.6	0	0.018	0.068	0.072	0.023	23.034	0.163	0.154
zhangjiafen	1960-12-5	12	8.898	0	3.02	0.092	0.6	0	0.017	0.068	0.069	0.023	22.946	0.156	0.154
zhangjiafen	1960-12-6	12.3	8.822	0	2.787	0.089	0.6	0	0.017	0.068	0.066	0.023	22.852	0.15	0.153
zhangjiafen	1960-12-7	11.6	8.746	0	2.564	0.086	0.6	0	0.016	0.068	0.063	0.023	22.752	0.144	0.152
zhangjiafen	1960-12-8	12.3	8.668	0.002	2.354	0.083	0.6	0	0.015	0.068	0.06	0.023	22.647	0.137	0.152
zhangjiafen	1960-12-9	13.8	8.591	0	2.152	0.08	0.6	0	0.015	0.068	0.057	0.023	22.536	0.131	0.151
zhangjiafen	1960-12-10	13.8	8.513	0	1.96	0.077	0.6	0	0.014	0.068	0.054	0.023	22.419	0.124	0.15
zhangjiafen	1960-12-11	12.7	8.436	0	1.779	0.074	0.6	0	0.013	0.068	0.051	0.023	22.296	0.117	0.149
zhangjiafen	1960-12-12	11.3	8.358	0	1.616	0.059	0.5	0	0.012	0.068	0.04	0.019	22.171	0.111	0.149
zhangjiafen	1960-12-13	10	8.279	0	1.455	0.068	0.6	0	0.012	0.068	0.045	0.023	22.038	0.104	0.148
zhangjiafen	1960-12-14	9.65	8.201	0	1.305	0.064	0.6	0	0.011	0.068	0.042	0.023	21.898	0.098	0.147
zhangjiafen	1960-12-15	9.2	8.123	0	1.165	0.061	0.6	0	0.01	0.068	0.039	0.023	21.753	0.091	0.146
zhangjiafen	1960-12-16	9.5	8.044	0	1.041	0.049	0.5	0	0.009	0.068	0.03	0.019	21.606	0.085	0.145
zhangjiafen	1960-12-17	7.82	7.966	0	0.92	0.056	0.6	0	0.009	0.068	0.033	0.022	21.451	0.079	0.144
zhangjiafen	1960-12-18	6.86	7.887	0	0.809	0.053	0.6	0	0.008	0.068	0.031	0.022	21.29	0.072	0.143
zhangjiafen	1960-12-19	6.38	7.809	0	0.707	0.05	0.6	0	0.007	0.068	0.028	0.022	21.125	0.066	0.142
zhangjiafen	1960-12-20	9.5	7.732	0	0.615	0.048	0.6	0	0.007	0.068	0.025	0.022	20.955	0.06	0.141
zhangjiafen	1960-12-21	8.14	7.655	0	0.535	0.038	0.5	0	0.006	0.068	0.019	0.018	20.784	0.055	0.14
zhangjiafen	1960-12-22	7.89	7.581	0	0.459	0.043	0.6	0	0.006	0.067	0.021	0.022	20.606	0.05	0.139
zhangjiafen	1960-12-23	7.89	7.509	0	0.391	0.04	0.6	0	0.005	0.067	0.018	0.022	20.423	0.044	0.137
zhangjiafen	1960-12-24	7.5	7.439	0	0.331	0.038	0.6	0	0.004	0.067	0.016	0.022	20.237	0.039	0.136
zhangjiafen	1960-12-25	7.02	7.373	0	0.278	0.036	0.6	0	0.004	0.067	0.014	0.022	20.048	0.035	0.135
zhangjiafen	1960-12-26	6.38	7.309	0	0.232	0.034	0.6	0	0.003	0.067	0.013	0.022	19.856	0.03	0.134
zhangjiafen	1960-12-27	6.7	7.248	0	0.194	0.027	0.5	0	0.003	0.067	0.009	0.018	19.665	0.026	0.132
zhangjiafen	1960-12-28	7.34	7.19	0	0.16	0.031	0.6	0	0.002	0.067	0.009	0.021	19.467	0.022	0.131
zhangjiafen	1960-12-29	7.18	7.135	0	0.133	0.024	0.5	0	0.002	0.067	0.006	0.018	19.271	0.019	0.13
zhangjiafen	1960-12-30	7.02	7.083	0	0.11	0.023	0.5	0	0.002	0.067	0.005	0.018	19.074	0.016	0.128
zhangjiafen	1960-12-31	5.9	7.034	0	0.091	0.022	0.5	0	0.001	0.067	0.004	0.018	18.875	0.013	0.127
