zhangjiafen	1961-1-1	7.53	6.989	0.013	0.081	0.048	1.1	0	0.001	0.067	0.01	0.038	18.657	0.013	0.126
zhangjiafen	1961-1-2	10.1	6.949	0	0.06	0.046	1.1	0	0.001	0.067	0.008	0.038	18.438	0.011	0.124
zhangjiafen	1961-1-3	10.3	6.916	0.006	0.051	0.044	1.1	0	0.001	0.067	0.006	0.038	18.218	0.008	0.123
zhangjiafen	1961-1-4	8.8	6.888	0	0.039	0.043	1.1	0	0.001	0.067	0.005	0.038	17.999	0.007	0.121
zhangjiafen	1961-1-5	7.46	6.863	0	0.03	0.041	1.1	0	0.001	0.067	0.003	0.037	17.779	0.005	0.12
zhangjiafen	1961-1-6	6.8	6.838	0	0.024	0.04	1.1	0	0	0.067	0.002	0.037	17.56	0.003	0.118
zhangjiafen	1961-1-7	6.54	6.815	0	0.02	0.039	1.1	0	0	0.067	0.002	0.037	17.341	0.002	0.117
zhangjiafen	1961-1-8	6.8	6.793	0	0.016	0.038	1.1	0	0	0.067	0.001	0.037	17.124	0.002	0.115
zhangjiafen	1961-1-9	6.78	6.774	0	0.014	0.038	1.1	0	0	0.067	0.001	0.036	16.908	0.001	0.114
zhangjiafen	1961-1-10	7.18	6.758	0	0.011	0.037	1.1	0	0	0.067	0.001	0.036	16.693	0.001	0.112
zhangjiafen	1961-1-11	5.08	6.746	0	0.01	0.037	1.1	0	0	0.067	0.001	0.036	16.48	0.001	0.111
zhangjiafen	1961-1-12	5.32	6.736	0	0.009	0.036	1.1	0	0	0.067	0.001	0.036	16.268	0.001	0.109
zhangjiafen	1961-1-13	7.34	6.729	0	0.008	0.036	1.1	0	0	0.067	0	0.035	16.058	0.001	0.108
zhangjiafen	1961-1-14	8.63	6.724	0	0.007	0.036	1.1	0	0	0.067	0	0.035	15.85	0	0.107
zhangjiafen	1961-1-15	8.2	6.719	0	0.006	0.035	1.1	0	0	0.067	0	0.035	15.643	0	0.105
zhangjiafen	1961-1-16	7.63	6.716	0	0.006	0.035	1.1	0	0	0.067	0	0.035	15.438	0	0.104
zhangjiafen	1961-1-17	7.63	6.714	0	0.005	0.035	1.1	0	0	0.067	0	0.034	15.234	0	0.102
zhangjiafen	1961-1-18	8.68	6.712	0	0.005	0.034	1.1	0	0	0.067	0	0.034	15.032	0	0.101
zhangjiafen	1961-1-19	8.68	6.71	0	0.005	0.034	1.1	0	0	0.067	0	0.034	14.831	0	0.1
zhangjiafen	1961-1-20	8.86	6.709	0	0.005	0.034	1.1	0	0	0.067	0	0.034	14.632	0	0.098
zhangjiafen	1961-1-21	10.8	6.708	0	0.005	0.037	1.2	0	0	0.067	0	0.037	14.432	0	0.097
zhangjiafen	1961-1-22	9.79	6.707	0	0.004	0.036	1.2	0	0	0.067	0	0.036	14.233	0	0.095
zhangjiafen	1961-1-23	9.46	6.706	0.108	0.076	0.051	1.2	0	0.002	0.067	0.015	0.036	14.055	0.019	0.094
zhangjiafen	1961-1-24	10.1	6.744	0.044	0.071	0.056	1.2	0	0.003	0.067	0.021	0.036	13.884	0.025	0.093
zhangjiafen	1961-1-25	10.1	6.807	0	0.037	0.05	1.2	0	0.002	0.067	0.015	0.036	13.708	0.018	0.092
zhangjiafen	1961-1-26	9.46	6.857	0	0.018	0.043	1.2	0	0.001	0.067	0.008	0.035	13.525	0.01	0.09
zhangjiafen	1961-1-27	9.94	6.875	0	0.009	0.039	1.2	0	0	0.067	0.004	0.035	13.339	0.004	0.089
zhangjiafen	1961-1-28	10.5	6.858	0	0.006	0.036	1.2	0	0	0.067	0.002	0.035	13.151	0.002	0.088
zhangjiafen	1961-1-29	11	6.823	0	0.005	0.035	1.2	0	0	0.067	0	0.035	12.963	0	0.087
zhangjiafen	1961-1-30	8.86	6.785	0	0.005	0.034	1.2	0	0	0.067	0	0.034	12.776	0	0.085
zhangjiafen	1961-1-31	7.57	6.754	0	0.005	0.034	1.2	0	0	0.067	0	0.034	12.591	0	0.084
zhangjiafen	1961-2-1	5.14	6.732	0	0.005	0.037	1.3	0	0	0.067	0	0.037	12.405	0	0.083
zhangjiafen	1961-2-2	7.06	6.718	0	0.005	0.036	1.3	0	0	0.067	0	0.036	12.22	0	0.081
zhangjiafen	1961-2-3	7.18	6.71	0.084	0.053	0.052	1.3	0	0.002	0.067	0.016	0.036	12.055	0.018	0.08
zhangjiafen	1961-2-4	6.08	6.727	0.527	0.466	0.086	1.3	0	0.006	0.067	0.05	0.036	11.93	0.057	0.079
zhangjiafen	1961-2-5	6.14	6.804	0.603	0.892	0.114	1.3	0.001	0.01	0.067	0.079	0.036	11.837	0.088	0.079
zhangjiafen	1961-2-6	6.24	6.963	0	0.705	0.119	1.3	0	0.01	0.067	0.084	0.035	11.749	0.093	0.078
zhangjiafen	1961-2-7	5.98	7.157	0	0.542	0.108	1.3	0	0.009	0.067	0.073	0.035	11.651	0.082	0.077
zhangjiafen	1961-2-8	7.92	7.327	0	0.403	0.097	1.3	0	0.008	0.067	0.062	0.035	11.542	0.069	0.076
zhangjiafen	1961-2-9	8.84	7.435	0	0.289	0.086	1.3	0	0.006	0.067	0.051	0.035	11.422	0.057	0.075
zhangjiafen	1961-2-10	8.94	7.476	0	0.199	0.075	1.3	0	0.005	0.067	0.04	0.035	11.291	0.046	0.075
zhangjiafen	1961-2-11	8.94	7.459	0	0.13	0.065	1.3	0	0.004	0.067	0.031	0.034	11.151	0.035	0.074
zhangjiafen	1961-2-12	9.07	7.399	0	0.08	0.056	1.3	0	0.003	0.067	0.022	0.034	11.002	0.025	0.073
zhangjiafen	1961-2-13	9.65	7.314	0	0.047	0.049	1.3	0	0.002	0.067	0.015	0.034	10.846	0.017	0.072
zhangjiafen	1961-2-14	9.65	7.216	0	0.026	0.043	1.3	0	0.001	0.067	0.009	0.034	10.686	0.011	0.07
zhangjiafen	1961-2-15	8.39	7.116	0	0.014	0.039	1.3	0	0.001	0.067	0.005	0.033	10.522	0.006	0.069
zhangjiafen	1961-2-16	10.9	7.023	0	0.008	0.036	1.3	0	0	0.067	0.003	0.033	10.357	0.003	0.068
zhangjiafen	1961-2-17	9.83	6.941	0	0.005	0.034	1.3	0	0	0.067	0.001	0.033	10.192	0.002	0.067
zhangjiafen	1961-2-18	9.23	6.873	0	0.003	0.033	1.3	0	0	0.067	0.001	0.033	10.027	0.001	0.066
zhangjiafen	1961-2-19	9.46	6.821	0	0.003	0.033	1.3	0	0	0.067	0	0.032	9.863	0	0.065
zhangjiafen	1961-2-20	8.99	6.781	0	0.003	0.032	1.3	0	0	0.067	0	0.032	9.7	0	0.063
zhangjiafen	1961-2-21	8.97	6.753	0	0.003	0.034	1.4	0	0	0.067	0	0.034	9.537	0	0.062
zhangjiafen	1961-2-22	9.39	6.733	0	0.003	0.034	1.4	0	0	0.067	0	0.034	9.375	0	0.061
zhangjiafen	1961-2-23	9.77	6.72	0	0.003	0.041	1.7	0	0	0.067	0	0.041	9.207	0	0.06
zhangjiafen	1961-2-24	10.5	6.712	0	0.003	0.04	1.7	0	0	0.067	0	0.04	9.041	0	0.059
zhangjiafen	1961-2-25	10.6	6.708	0	0.003	0.04	1.7	0	0	0.067	0	0.04	8.876	0	0.057
zhangjiafen	1961-2-26	10.6	6.705	0	0.003	0.04	1.7	0	0	0.067	0	0.04	8.713	0	0.056
zhangjiafen	1961-2-27	11.4	6.704	0	0.003	0.039	1.7	0	0	0.067	0	0.039	8.552	0	0.055
zhangjiafen	1961-2-28	10.7	6.704	0	0.003	0.039	1.7	0	0	0.067	0	0.039	8.392	0	0.054
zhangjiafen	1961-3-1	11	6.704	0	0.003	0.032	1.4	0	0	0.067	0	0.032	8.24	0	0.053
zhangjiafen	1961-3-2	10.5	6.703	0	0.003	0.038	1.7	0	0	0.067	0	0.038	8.083	0	0.052
zhangjiafen	1961-3-3	9.59	6.703	0.003	0.004	0.038	1.7	0	0	0.067	0.001	0.038	7.929	0.001	0.051
zhangjiafen	1961-3-4	9.55	6.704	0.006	0.007	0.039	1.7	0	0	0.067	0.002	0.037	7.776	0.002	0.049
zhangjiafen	1961-3-5	9.37	6.705	0	0.003	0.039	1.7	0	0	0.067	0.002	0.037	7.625	0.001	0.048
zhangjiafen	1961-3-6	9.37	6.708	0	0.003	0.037	1.7	0	0	0.067	0	0.036	7.475	0	0.047
zhangjiafen	1961-3-7	9.66	6.711	0	0.003	0.032	1.5	0	0	0.067	0	0.032	7.33	0	0.046
zhangjiafen	1961-3-8	10.7	6.713	0	0.003	0.031	1.5	0	0	0.067	0	0.031	7.186	0	0.045
zhangjiafen	1961-3-9	11.4	6.712	0	0.003	0.031	1.5	0	0	0.067	0	0.031	7.044	0	0.044
zhangjiafen	1961-3-10	12.2	6.71	0.091	0.068	0.043	1.5	0	0.001	0.067	0.013	0.031	6.915	0.012	0.043
zhangjiafen	1961-3-11	12.9	6.734	0.663	0.589	0.107	1.7	0	0.007	0.067	0.072	0.035	6.832	0.062	0.044
zhangjiafen	1961-3-12	14.4	6.83	0.06	0.479	0.117	1.6	0	0.009	0.067	0.084	0.032	6.766	0.077	0.043
zhangjiafen	1961-3-13	15.1	6.976	0.002	0.337	0.104	1.6	0	0.007	0.067	0.072	0.032	6.69	0.066	0.042
zhangjiafen	1961-3-14	13.6	7.119	0	0.223	0.089	1.6	0	0.006	0.067	0.057	0.032	6.602	0.052	0.041
zhangjiafen	1961-3-15	14.4	7.22	0.294	0.371	0.124	2.1	0	0.006	0.067	0.082	0.042	6.51	0.057	0.042
zhangjiafen	1961-3-16	13.6	7.282	0	0.235	0.116	2	0	0.006	0.067	0.076	0.039	6.418	0.056	0.041
zhangjiafen	1961-3-17	14.4	7.309	6.957	6.716	0.307	2	0.007	0.02	0.066	0.267	0.039	6.452	0.182	0.042
zhangjiafen	1961-3-18	16.6	7.546	1.649	7.626	0.484	2.3	0.028	0.027	0.051	0.438	0.045	6.557	0.244	0.043
zhangjiafen	1961-3-19	17.3	8.043	0	6.877	0.527	2.5	0	0.027	0.051	0.477	0.05	6.657	0.244	0.043
zhangjiafen	1961-3-20	12.9	8.333	0	6.402	0.241	1.2	0	0.026	0.054	0.217	0.024	6.768	0.233	0.044
zhangjiafen	1961-3-21	12.2	8.418	0	5.686	0.522	2.7	0	0.025	0.056	0.467	0.055	6.837	0.224	0.045
zhangjiafen	1961-3-22	12.2	8.395	0	5.128	0.364	2	0	0.024	0.058	0.323	0.041	6.904	0.212	0.045
zhangjiafen	1961-3-23	12.9	8.355	0	4.572	0.38	2.2	0	0.022	0.06	0.334	0.045	6.953	0.2	0.045
zhangjiafen	1961-3-24	13.6	8.333	0.499	4.541	0.352	2.1	0.005	0.022	0.061	0.308	0.043	6.998	0.194	0.046
zhangjiafen	1961-3-25	13.6	8.42	0.213	4.196	0.395	2.4	0.002	0.021	0.062	0.345	0.05	7.031	0.191	0.046
zhangjiafen	1961-3-26	15.1	8.489	0.13	3.808	0.362	2.3	0.001	0.02	0.063	0.314	0.048	7.056	0.182	0.046
zhangjiafen	1961-3-27	15.1	8.536	0	3.35	0.311	2.1	0	0.019	0.064	0.268	0.044	7.074	0.171	0.046
zhangjiafen	1961-3-28	13.6	8.545	0.003	2.918	0.305	2.2	0	0.018	0.065	0.259	0.046	7.077	0.159	0.046
zhangjiafen	1961-3-29	15.1	8.521	0	2.498	0.308	2.4	0	0.016	0.066	0.258	0.05	7.062	0.147	0.046
zhangjiafen	1961-3-30	15.1	8.473	0	2.156	0.236	2	0	0.015	0.066	0.194	0.042	7.042	0.133	0.046
zhangjiafen	1961-3-31	15.8	8.411	0	1.916	0.13	1.2	0	0.013	0.067	0.106	0.025	7.026	0.121	0.045
zhangjiafen	1961-4-1	15.8	8.336	0	1.4	0.497	4.9	0	0.012	0.067	0.395	0.102	6.925	0.112	0.045
zhangjiafen	1961-4-2	14.4	8.256	0	0.939	0.484	5.7	0	0.01	0.067	0.367	0.117	6.786	0.09	0.044
zhangjiafen	1961-4-3	14.4	8.155	0	0.692	0.246	3.6	0	0.008	0.067	0.173	0.073	6.671	0.068	0.043
zhangjiafen	1961-4-4	13.6	8.024	0.315	0.685	0.338	4.8	0.001	0.008	0.067	0.242	0.096	6.537	0.072	0.043
zhangjiafen	1961-4-5	12.9	7.898	0	0.42	0.314	5.1	0	0.007	0.067	0.212	0.101	6.387	0.06	0.041
zhangjiafen	1961-4-6	12.9	7.771	0	0.278	0.182	4	0	0.004	0.067	0.104	0.078	6.239	0.037	0.04
zhangjiafen	1961-4-7	12.2	7.633	0.304	0.364	0.25	4.6	0.001	0.006	0.067	0.161	0.089	6.094	0.051	0.04
zhangjiafen	1961-4-8	12.2	7.52	0	0.193	0.235	4.9	0	0.005	0.067	0.142	0.093	5.937	0.042	0.038
zhangjiafen	1961-4-9	11.4	7.423	0	0.105	0.169	5.2	0	0.002	0.067	0.072	0.098	5.756	0.02	0.036
zhangjiafen	1961-4-10	10.7	7.324	0	0.045	0.176	6.7	0	0.001	0.067	0.052	0.124	5.542	0.011	0.035
zhangjiafen	1961-4-11	10.7	7.219	0	0.018	0.135	6.2	0	0.001	0.067	0.023	0.112	5.335	0.005	0.033
zhangjiafen	1961-4-12	10.7	7.115	0	0.009	0.079	4.1	0	0	0.067	0.007	0.072	5.166	0.003	0.032
zhangjiafen	1961-4-13	10.7	7.021	0	0.003	0.088	4.8	0	0	0.067	0.004	0.083	4.987	0.001	0.03
zhangjiafen	1961-4-14	11.4	6.939	0	0.001	0.069	4	0	0	0.067	0.002	0.068	4.824	0.001	0.029
zhangjiafen	1961-4-15	10.7	6.873	0	0.001	0.076	4.5	0	0	0.067	0.001	0.075	4.655	0	0.027
zhangjiafen	1961-4-16	10.7	6.821	0	0	0.06	3.7	0	0	0.067	0	0.06	4.502	0	0.026
zhangjiafen	1961-4-17	9.95	6.782	0	0	0.061	3.8	0	0	0.067	0	0.061	4.35	0	0.024
zhangjiafen	1961-4-18	9.95	6.753	0	0	0.072	4.6	0	0	0.067	0	0.072	4.187	0	0.023
zhangjiafen	1961-4-19	10.7	6.734	0	0	0.052	3.4	0	0	0.067	0	0.052	4.046	0	0.022
zhangjiafen	1961-4-20	10.7	6.721	0	0	0.033	2.2	0	0	0.067	0	0.033	3.925	0	0.02
zhangjiafen	1961-4-21	11.4	6.714	0	0	0.061	4.1	0	0	0.067	0	0.061	3.778	0	0.019
zhangjiafen	1961-4-22	12.2	6.709	0.516	0.356	0.147	3	0	0.006	0.067	0.104	0.043	3.697	0.051	0.022
zhangjiafen	1961-4-23	12.2	6.76	1.927	1.665	0.586	6.4	0.002	0.012	0.067	0.495	0.091	3.626	0.111	0.023
zhangjiafen	1961-4-24	13.6	6.957	0.006	1.003	0.643	6.7	0	0.013	0.067	0.548	0.095	3.559	0.115	0.021
zhangjiafen	1961-4-25	14.4	7.23	0	0.48	0.572	8.1	0	0.009	0.067	0.458	0.113	3.441	0.081	0.018
zhangjiafen	1961-4-26	12.9	7.451	0	0.25	0.276	6.2	0	0.005	0.067	0.192	0.085	3.319	0.044	0.015
zhangjiafen	1961-4-27	10.7	7.535	0.017	0.162	0.135	4.2	0	0.003	0.067	0.079	0.056	3.208	0.027	0.014
zhangjiafen	1961-4-28	9.95	7.489	0	0.093	0.118	4.8	0	0.002	0.067	0.055	0.063	3.082	0.017	0.013
zhangjiafen	1961-4-29	9.66	7.37	0.005	0.056	0.092	4.7	0	0.001	0.067	0.032	0.06	2.953	0.01	0.012
zhangjiafen	1961-4-30	9.08	7.229	0.005	0.03	0.084	4.8	0	0.001	0.067	0.024	0.06	2.823	0.007	0.01
zhangjiafen	1961-5-1	9.08	7.098	0.262	0.171	0.136	4.1	0	0.003	0.067	0.086	0.05	2.726	0.031	0.011
zhangjiafen	1961-5-2	9.08	7.004	2.128	1.759	0.483	5.5	0.001	0.012	0.067	0.418	0.065	2.686	0.109	0.017
zhangjiafen	1961-5-3	9.08	7.067	0	1.25	0.417	4.1	0	0.014	0.067	0.369	0.049	2.681	0.127	0.017
zhangjiafen	1961-5-4	9.08	7.252	0	0.801	0.39	4.6	0	0.012	0.067	0.336	0.055	2.648	0.104	0.015
zhangjiafen	1961-5-5	9.08	7.447	0	0.542	0.212	3.2	0	0.009	0.067	0.174	0.038	2.61	0.078	0.012
zhangjiafen	1961-5-6	9.08	7.571	0	0.292	0.25	4.8	0	0.007	0.067	0.194	0.056	2.537	0.059	0.009
zhangjiafen	1961-5-7	8.5	7.605	0	0.133	0.207	6	0	0.004	0.067	0.139	0.068	2.429	0.034	0.006
zhangjiafen	1961-5-8	7.63	7.549	0.021	0.063	0.149	6.2	0	0.002	0.067	0.08	0.068	2.308	0.019	0.004
zhangjiafen	1961-5-9	7.05	7.437	0	0.032	0.089	5.8	0	0.001	0.067	0.027	0.062	2.183	0.007	0.003
zhangjiafen	1961-5-10	6.91	7.293	0.104	0.032	0.164	6.5	0	0.002	0.067	0.097	0.067	2.066	0.022	0.005
zhangjiafen	1961-5-11	6.91	7.159	0.345	0.157	0.247	6.5	0	0.005	0.067	0.182	0.065	1.97	0.041	0.006
zhangjiafen	1961-5-12	6.97	7.079	0	0.061	0.132	5.1	0	0.003	0.067	0.083	0.049	1.878	0.024	0
zhangjiafen	1961-5-13	7.34	7.032	0.675	0.467	0.262	5.6	0	0.006	0.067	0.21	0.052	1.805	0.055	0.009
zhangjiafen	1961-5-14	7.63	7.036	0.246	0.344	0.364	6.5	0	0.008	0.067	0.304	0.06	1.737	0.068	0.008
zhangjiafen	1961-5-15	7.92	7.087	0.29	0.295	0.38	7.9	0	0.006	0.067	0.308	0.072	1.651	0.057	0.003
zhangjiafen	1961-5-16	7.92	7.146	1.103	0.862	0.513	7.7	0.001	0.009	0.067	0.445	0.068	1.594	0.084	0.006
zhangjiafen	1961-5-17	7.63	7.261	4.096	4.121	0.696	5.5	0.008	0.018	0.067	0.648	0.048	1.632	0.163	0.01
zhangjiafen	1961-5-18	7.92	7.617	3.289	6.447	0.722	4.1	0.032	0.024	0.059	0.686	0.037	1.746	0.22	0.01
zhangjiafen	1961-5-19	7.92	8.335	1.343	6.434	1.125	5.8	0.022	0.026	0.05	1.07	0.055	1.867	0.238	0.011
zhangjiafen	1961-5-20	7.63	9.026	0	5.145	1.099	6	0	0.025	0.053	1.039	0.06	1.968	0.225	0.011
zhangjiafen	1961-5-21	8.21	9.207	0	3.951	1.04	6.4	0	0.022	0.059	0.973	0.067	2.032	0.201	0.011
zhangjiafen	1961-5-22	8.21	9.072	0.787	3.627	0.968	6.5	0.007	0.021	0.062	0.899	0.069	2.075	0.185	0.012
zhangjiafen	1961-5-23	7.63	8.898	0.355	3.253	0.579	4.2	0.004	0.019	0.063	0.535	0.045	2.126	0.171	0.012
zhangjiafen	1961-5-24	7.63	8.767	0.034	2.477	0.697	5.5	0	0.017	0.065	0.638	0.06	2.148	0.157	0.012
zhangjiafen	1961-5-25	7.63	8.662	0	1.709	0.698	6.5	0	0.015	0.066	0.628	0.071	2.133	0.133	0.011
zhangjiafen	1961-5-26	7.63	8.555	1.853	2.797	0.658	5.7	0.009	0.016	0.066	0.596	0.061	2.136	0.144	0.013
zhangjiafen	1961-5-27	7.34	8.494	1.927	3.734	0.846	6	0.014	0.02	0.064	0.781	0.065	2.17	0.176	0.014
zhangjiafen	1961-5-28	7.92	8.618	0	2.839	0.76	5.4	0	0.02	0.064	0.701	0.059	2.21	0.176	0.013
zhangjiafen	1961-5-29	8.5	8.771	0	1.942	0.808	6.7	0	0.017	0.066	0.734	0.074	2.207	0.15	0.013
zhangjiafen	1961-5-30	7.63	8.827	0	1.233	0.662	6.9	0	0.013	0.067	0.586	0.076	2.171	0.118	0.011
zhangjiafen	1961-5-31	7.92	8.748	0	0.734	0.493	6.9	0	0.009	0.067	0.418	0.075	2.104	0.085	0.01
zhangjiafen	1961-6-1	7.92	8.565	0.091	0.536	0.278	5.1	0	0.007	0.067	0.224	0.054	2.036	0.062	0.009
zhangjiafen	1961-6-2	7.92	8.334	9.153	8.771	0.72	4.3	0.009	0.023	0.063	0.675	0.045	2.124	0.209	0.013
zhangjiafen	1961-6-3	9.08	8.306	1.854	9.144	1.209	5.3	0.029	0.03	0.038	1.151	0.058	2.286	0.272	0.014
zhangjiafen	1961-6-4	12.2	8.709	0	7.605	1.312	5.9	0	0.03	0.041	1.244	0.068	2.428	0.266	0.015
zhangjiafen	1961-6-5	9.95	8.844	0	6.473	0.913	4.5	0	0.027	0.047	0.859	0.054	2.556	0.245	0.015
zhangjiafen	1961-6-6	9.37	8.72	0.057	5.541	0.788	4.2	0.001	0.025	0.053	0.736	0.052	2.662	0.228	0.016
zhangjiafen	1961-6-7	8.79	8.521	0.956	5.483	0.814	4.5	0.012	0.024	0.056	0.757	0.057	2.752	0.22	0.017
zhangjiafen	1961-6-8	9.08	8.442	0.016	4.657	0.658	3.8	0	0.023	0.058	0.608	0.049	2.839	0.211	0.018
zhangjiafen	1961-6-9	9.95	8.443	0	3.703	0.807	5.1	0	0.021	0.061	0.74	0.067	2.886	0.193	0.018
zhangjiafen	1961-6-10	9.08	8.447	0.732	3.747	0.525	3.5	0.004	0.02	0.064	0.479	0.046	2.942	0.184	0.018
zhangjiafen	1961-6-11	8.79	8.468	0	2.974	0.636	4.4	0	0.02	0.065	0.577	0.059	2.977	0.178	0.019
zhangjiafen	1961-6-12	8.79	8.485	0.989	3.131	0.709	5.2	0.008	0.019	0.065	0.639	0.07	2.991	0.167	0.018
zhangjiafen	1961-6-13	8.79	8.569	0.954	3.218	0.746	5.4	0.006	0.019	0.064	0.673	0.073	3.005	0.169	0.019
zhangjiafen	1961-6-14	9.37	8.738	0.063	2.666	0.486	3.7	0.001	0.018	0.064	0.436	0.05	3.033	0.161	0.018
zhangjiafen	1961-6-15	9.95	8.799	12.548	13.866	1.035	4.6	0.078	0.03	0.042	0.972	0.062	3.177	0.268	0.02
zhangjiafen	1961-6-16	12.9	9.577	0	12.319	1.256	4.5	0	0.035	0.019	1.193	0.063	3.393	0.319	0.021
zhangjiafen	1961-6-17	11.4	9.693	0.157	10.712	1.504	5.7	0.005	0.034	0.023	1.421	0.082	3.569	0.304	0.022
zhangjiafen	1961-6-18	10.7	9.281	1.022	10.323	1.131	4.5	0.023	0.032	0.028	1.064	0.067	3.742	0.292	0.023
zhangjiafen	1961-6-19	10.7	8.738	1.18	10.528	0.673	2.7	0.022	0.032	0.029	0.632	0.041	3.937	0.289	0.025
zhangjiafen	1961-6-20	9.66	8.442	0	9.226	1.053	4.3	0	0.032	0.03	0.986	0.067	4.098	0.284	0.026
zhangjiafen	1961-6-21	9.08	8.153	0	7.988	1.01	4.4	0	0.03	0.036	0.939	0.07	4.234	0.269	0.027
zhangjiafen	1961-6-22	8.5	7.871	4.81	11.161	1.332	5.5	0.083	0.031	0.032	1.242	0.089	4.365	0.281	0.028
zhangjiafen	1961-6-23	8.79	8.385	3.834	12.807	1.879	6.9	0.079	0.034	0.025	1.765	0.114	4.508	0.31	0.029
zhangjiafen	1961-6-24	18.3	9.665	2.033	12.645	1.917	6.8	0.037	0.036	0.021	1.802	0.114	4.663	0.32	0.03
zhangjiafen	1961-6-25	25.9	11.416	0.65	11.326	1.717	6.3	0.015	0.035	0.024	1.609	0.108	4.81	0.311	0.031
zhangjiafen	1961-6-26	12.2	10.565	6.96	16.005	1.893	6.5	0.137	0.036	0.019	1.779	0.113	4.973	0.328	0.032
zhangjiafen	1961-6-27	14.4	10.68	6.865	20.434	1.927	5.8	0.209	0.04	0.015	1.824	0.103	5.185	0.363	0.033
zhangjiafen	1961-6-28	24.3	13.365	5.22	23.407	1.698	4.7	0.204	0.043	0.015	1.612	0.086	5.438	0.388	0.035
zhangjiafen	1961-6-29	20.8	17.04	1.92	22.512	2.402	6.5	0.097	0.044	0.015	2.28	0.121	5.659	0.394	0.036
zhangjiafen	1961-6-30	18.1	19.179	0	20.302	1.886	5.3	0	0.042	0.017	1.785	0.101	5.885	0.382	0.038
zhangjiafen	1961-7-1	15.8	17.746	1.431	19.132	2.272	6.6	0.044	0.041	0.017	2.144	0.129	6.072	0.372	0.039
zhangjiafen	1961-7-2	15.1	17.425	0.289	17.269	1.853	5.6	0.011	0.04	0.019	1.742	0.111	6.262	0.36	0.04
zhangjiafen	1961-7-3	12.9	13.62	2.032	17.179	1.778	5.5	0.061	0.039	0.019	1.668	0.111	6.443	0.353	0.042
zhangjiafen	1961-7-4	15.8	12.613	5.088	19.471	2.379	7.1	0.158	0.04	0.018	2.233	0.145	6.6	0.364	0.043
zhangjiafen	1961-7-5	45.9	17.503	6.129	23.344	1.717	4.8	0.213	0.043	0.019	1.618	0.099	6.821	0.383	0.044
zhangjiafen	1961-7-6	19.7	17.538	1.248	22.457	1.737	4.7	0.06	0.044	0.019	1.638	0.099	7.05	0.392	0.045
zhangjiafen	1961-7-7	22.1	16.505	0.122	21.167	1.043	2.9	0.006	0.043	0.02	0.981	0.062	7.304	0.383	0.047
zhangjiafen	1961-7-8	18.9	14.245	0	19.413	1.429	4.1	0	0.041	0.021	1.339	0.09	7.518	0.373	0.049
zhangjiafen	1961-7-9	15.1	12.086	1.619	18.789	1.905	5.6	0.056	0.041	0.022	1.78	0.124	7.686	0.366	0.05
zhangjiafen	1961-7-10	15.8	10.779	0	16.349	2.197	6.7	0	0.039	0.024	2.047	0.15	7.816	0.354	0.051
zhangjiafen	1961-7-11	15.8	9.862	1.128	15.5	1.682	5.4	0.04	0.038	0.027	1.56	0.122	7.954	0.339	0.052
zhangjiafen	1961-7-12	12.2	9.912	0.101	13.882	1.464	4.9	0.004	0.036	0.03	1.353	0.112	8.086	0.327	0.053
zhangjiafen	1961-7-13	10.7	9.556	0	12.341	1.3	4.6	0	0.035	0.034	1.194	0.106	8.204	0.312	0.054
zhangjiafen	1961-7-14	9.66	9.027	0.374	11.442	1.022	3.8	0.008	0.033	0.037	0.934	0.088	8.323	0.299	0.055
zhangjiafen	1961-7-15	9.37	8.552	1.585	11.211	1.587	6	0.042	0.033	0.039	1.447	0.14	8.383	0.294	0.055
zhangjiafen	1961-7-16	9.37	8.68	5.893	15.465	1.252	4.4	0.141	0.035	0.035	1.149	0.103	8.502	0.313	0.056
zhangjiafen	1961-7-17	29.8	14.274	2.934	16.537	1.516	4.9	0.088	0.037	0.03	1.4	0.116	8.636	0.336	0.057
zhangjiafen	1961-7-18	18.1	14.343	9.41	23.681	1.615	4.7	0.355	0.041	0.027	1.504	0.112	8.807	0.367	0.058
zhangjiafen	1961-7-19	70	25.753	5.593	26.881	1.795	4.7	0.264	0.045	0.026	1.682	0.113	9.011	0.402	0.059
zhangjiafen	1961-7-20	49.1	29.845	0	24.946	1.584	4.1	0	0.045	0.026	1.484	0.1	9.231	0.406	0.06
zhangjiafen	1961-7-21	31	22.225	0.876	23.942	1.502	4	0.036	0.044	0.027	1.404	0.098	9.439	0.396	0.062
zhangjiafen	1961-7-22	18.1	17.413	18.458	39.709	1.514	3.5	0.769	0.05	0.023	1.427	0.087	9.713	0.446	0.063
zhangjiafen	1961-7-23	28.9	41.314	0.404	37.748	1.905	4	0.022	0.054	0.024	1.804	0.101	10.009	0.485	0.065
zhangjiafen	1961-7-24	30.7	32.845	0.182	35.552	1.95	4.2	0.009	0.053	0.024	1.843	0.108	10.284	0.474	0.067
zhangjiafen	1961-7-25	20.5	23.757	2.471	35.388	2.109	4.6	0.126	0.052	0.025	1.99	0.12	10.538	0.468	0.069
zhangjiafen	1961-7-26	16.6	18.884	4.634	37.513	1.816	3.9	0.269	0.053	0.026	1.714	0.103	10.813	0.473	0.07
zhangjiafen	1961-7-27	17.3	22.417	1.317	36.534	1.787	3.8	0.081	0.053	0.026	1.686	0.101	11.089	0.476	0.072
zhangjiafen	1961-7-28	15.8	23.075	3.384	37.033	2.307	4.9	0.18	0.053	0.027	2.175	0.132	11.332	0.476	0.074
zhangjiafen	1961-7-29	14.4	23.677	0.361	34.437	2.563	5.5	0.021	0.052	0.028	2.412	0.15	11.549	0.471	0.076
zhangjiafen	1961-7-30	13.6	20.919	0.474	31.912	2.611	5.8	0.04	0.051	0.028	2.451	0.16	11.741	0.457	0.077
zhangjiafen	1961-7-31	13.6	19.49	0.352	29.788	2.083	4.8	0.034	0.049	0.029	1.95	0.134	11.944	0.443	0.078
zhangjiafen	1961-8-1	11.4	17.654	16.77	43.735	1.607	3.4	0.783	0.053	0.029	1.511	0.096	12.215	0.475	0.08
zhangjiafen	1961-8-2	54.4	29.702	3.384	44.559	1.859	3.6	0.233	0.057	0.03	1.757	0.102	12.515	0.513	0.081
zhangjiafen	1961-8-3	36.7	38.238	0.497	42.757	1.8	3.5	0.034	0.057	0.03	1.699	0.101	12.811	0.511	0.083
zhangjiafen	1961-8-4	14.4	33.991	0	40.729	1.561	3.1	0	0.056	0.031	1.471	0.09	13.105	0.501	0.085
zhangjiafen	1961-8-5	9.95	25.914	0.001	38.566	1.723	3.5	0	0.054	0.032	1.62	0.103	13.373	0.49	0.087
zhangjiafen	1961-8-6	9.08	19.602	0	36.369	1.775	3.7	0	0.053	0.033	1.665	0.11	13.62	0.479	0.089
zhangjiafen	1961-8-7	8.79	15.46	6.701	40.556	1.65	3.4	0.428	0.054	0.033	1.548	0.102	13.878	0.484	0.091
zhangjiafen	1961-8-8	9.66	18.392	0.904	39.604	1.334	2.7	0.058	0.055	0.034	1.252	0.082	14.161	0.492	0.093
zhangjiafen	1961-8-9	22.8	21.747	10.991	48.269	1.084	2.1	0.738	0.057	0.034	1.02	0.064	14.479	0.511	0.094
zhangjiafen	1961-8-10	14.4	40.439	2.4	48.297	1.675	3.1	0.199	0.059	0.035	1.579	0.096	14.786	0.534	0.097
zhangjiafen	1961-8-11	14.4	43.034	0.45	46.355	1.875	3.5	0.038	0.059	0.036	1.765	0.11	15.071	0.529	0.099
zhangjiafen	1961-8-12	13.6	35.788	0.028	43.787	2.149	4.1	0.002	0.058	0.037	2.019	0.13	15.322	0.518	0.1
zhangjiafen	1961-8-13	12.9	27.516	7.574	48.129	2.223	4.2	0.562	0.058	0.037	2.089	0.134	15.572	0.523	0.102
zhangjiafen	1961-8-14	12.2	34.593	1.439	47.344	1.614	3	0.116	0.059	0.038	1.518	0.096	15.864	0.531	0.104
zhangjiafen	1961-8-15	14.4	36.08	1.242	46.636	1.335	2.5	0.11	0.059	0.039	1.254	0.081	16.166	0.527	0.106
zhangjiafen	1961-8-16	14.4	30.259	1.343	45.811	1.591	3	0.095	0.058	0.039	1.492	0.098	16.443	0.523	0.108
zhangjiafen	1961-8-17	13.6	28.305	5.651	48.683	1.935	3.6	0.375	0.059	0.04	1.816	0.119	16.703	0.529	0.11
zhangjiafen	1961-8-18	12.9	32.114	1.767	47.935	1.904	3.5	0.135	0.059	0.041	1.788	0.117	16.969	0.534	0.111
zhangjiafen	1961-8-19	12.9	32.019	0.176	46.001	1.611	3	0.013	0.059	0.041	1.511	0.101	17.241	0.527	0.113
zhangjiafen	1961-8-20	13.6	26.484	2.395	46.08	1.65	3.1	0.19	0.058	0.042	1.545	0.105	17.501	0.522	0.115
zhangjiafen	1961-8-21	13.6	23.415	11.797	54.579	1.887	3.4	0.922	0.061	0.043	1.771	0.116	17.771	0.545	0.117
zhangjiafen	1961-8-22	12.9	43.474	14.546	65.306	1.989	3.3	1.28	0.066	0.043	1.875	0.113	18.091	0.595	0.118
zhangjiafen	1961-8-23	15.8	96.562	0.02	62.176	2.61	4.2	0.002	0.068	0.044	2.464	0.146	18.397	0.616	0.121
zhangjiafen	1961-8-24	17.3	73.17	0	59.504	2.127	3.5	0	0.067	0.045	2.005	0.122	18.707	0.6	0.123
zhangjiafen	1961-8-25	12.9	46.778	0.413	57.268	2.088	3.5	0.033	0.065	0.045	1.965	0.123	19	0.587	0.125
zhangjiafen	1961-8-26	11.4	32.475	1.888	56.246	2.24	3.8	0.161	0.064	0.046	2.105	0.135	19.271	0.578	0.127
zhangjiafen	1961-8-27	14.4	29.796	0.224	54.667	1.223	2.1	0.021	0.063	0.047	1.148	0.075	19.59	0.57	0.128
zhangjiafen	1961-8-28	12.9	23.03	2.061	54.408	1.621	2.8	0.172	0.063	0.048	1.52	0.101	19.877	0.566	0.131
zhangjiafen	1961-8-29	12.9	24.019	0.932	52.909	1.84	3.2	0.083	0.062	0.048	1.724	0.116	20.141	0.562	0.133
zhangjiafen	1961-8-30	12.2	21.2	9.463	58.885	2.171	3.7	0.814	0.064	0.049	2.035	0.135	20.396	0.573	0.134
zhangjiafen	1961-8-31	28.1	41.692	2.926	59.157	1.866	3.1	0.248	0.065	0.05	1.751	0.114	20.686	0.589	0.136
zhangjiafen	1961-9-1	34	55.049	0	56.328	2.326	3.9	0	0.065	0.05	2.181	0.145	20.936	0.583	0.138
zhangjiafen	1961-9-2	15.1	37.434	4.747	57.778	2.373	4	0.43	0.064	0.051	2.224	0.149	21.176	0.58	0.14
zhangjiafen	1961-9-3	18	37.759	1.909	57.023	1.963	3.3	0.179	0.065	0.051	1.839	0.124	21.441	0.581	0.141
zhangjiafen	1961-9-4	18.9	36.439	0.174	54.511	2.173	3.7	0.017	0.064	0.052	2.033	0.14	21.679	0.573	0.143
zhangjiafen	1961-9-5	15.8	29.099	0	51.531	2.526	4.4	0	0.062	0.053	2.359	0.167	21.873	0.559	0.145
zhangjiafen	1961-9-6	12.9	23.064	4.048	53.07	1.652	2.9	0.351	0.062	0.053	1.542	0.111	22.118	0.554	0.146
zhangjiafen	1961-9-7	12.2	24.778	1.239	51.722	1.997	3.5	0.107	0.062	0.054	1.863	0.134	22.338	0.555	0.147
zhangjiafen	1961-9-8	11.4	29.934	0	49.651	1.573	2.8	0	0.061	0.054	1.465	0.108	22.573	0.546	0.149
zhangjiafen	1961-9-9	11.4	25.38	0	48.028	1.104	2	0	0.06	0.055	1.026	0.078	22.826	0.536	0.15
zhangjiafen	1961-9-10	10.7	20.598	0	46.332	1.196	2.2	0	0.059	0.055	1.11	0.086	23.06	0.528	0.152
zhangjiafen	1961-9-11	9.95	17.256	0.195	44.943	1.07	2	0.015	0.058	0.056	0.992	0.078	23.292	0.52	0.154
zhangjiafen	1961-9-12	9.95	15.28	0.105	43.883	0.634	1.2	0.008	0.057	0.057	0.587	0.047	23.546	0.513	0.155
zhangjiafen	1961-9-13	9.95	14.238	0	42.211	1.2	2.3	0	0.056	0.057	1.108	0.091	23.748	0.507	0.157
zhangjiafen	1961-9-14	9.95	13.428	0	40.477	1.281	2.5	0	0.055	0.058	1.181	0.099	23.93	0.498	0.158
zhangjiafen	1961-9-15	9.66	12.841	0	38.363	1.706	3.4	0	0.054	0.058	1.571	0.136	24.066	0.489	0.16
zhangjiafen	1961-9-16	9.66	12.426	0.289	36.661	1.57	3.2	0.017	0.053	0.059	1.442	0.128	24.197	0.479	0.16
zhangjiafen	1961-9-17	9.66	12.269	0.522	35	1.78	3.7	0.029	0.052	0.059	1.631	0.148	24.299	0.47	0.161
zhangjiafen	1961-9-18	9.95	12.48	0.404	33.576	1.414	3	0.023	0.051	0.059	1.293	0.121	24.419	0.462	0.162
zhangjiafen	1961-9-19	9.66	12.883	0.016	32.118	1.062	2.3	0.001	0.05	0.059	0.969	0.093	24.558	0.454	0.163
zhangjiafen	1961-9-20	9.66	13.037	0.002	30.389	1.356	3	0	0.049	0.06	1.235	0.121	24.659	0.445	0.164
zhangjiafen	1961-9-21	9.66	12.824	0.753	29.285	1.461	3.3	0.043	0.049	0.06	1.328	0.134	24.739	0.438	0.164
zhangjiafen	1961-9-22	9.66	12.737	1.865	29.219	1.492	3.4	0.095	0.048	0.06	1.354	0.138	24.81	0.434	0.165
zhangjiafen	1961-9-23	11.4	16.865	0	27.763	1.081	2.5	0	0.048	0.06	0.98	0.102	24.912	0.429	0.165
zhangjiafen	1961-9-24	10.7	15.476	0.008	26.272	1.14	2.7	0	0.047	0.061	1.03	0.11	24.995	0.421	0.166
zhangjiafen	1961-9-25	9.95	13.677	0	24.628	1.317	3.2	0	0.046	0.061	1.186	0.131	25.049	0.411	0.167
zhangjiafen	1961-9-26	9.66	12.563	0.609	23.682	1.206	3	0.024	0.045	0.061	1.083	0.122	25.102	0.403	0.167
zhangjiafen	1961-9-27	9.95	12.149	21.814	42.681	1.53	3.3	0.915	0.051	0.061	1.395	0.135	25.194	0.455	0.167
zhangjiafen	1961-9-28	30.5	39.883	16.006	55.041	1.922	3.5	1.271	0.06	0.061	1.779	0.143	25.358	0.537	0.168
zhangjiafen	1961-9-29	62.6	102.809	1.731	54.41	1.731	3	0.121	0.063	0.062	1.608	0.123	25.573	0.569	0.169
zhangjiafen	1961-9-30	34	69.441	1.818	53.654	1.956	3.4	0.13	0.063	0.062	1.815	0.14	25.766	0.565	0.17
zhangjiafen	1961-10-1	26.2	46.539	0	51.612	1.535	2.7	0	0.062	0.063	1.423	0.112	25.977	0.557	0.172
zhangjiafen	1961-10-2	22.9	32.061	0	50.177	0.895	1.6	0	0.061	0.063	0.828	0.067	26.221	0.547	0.173
zhangjiafen	1961-10-3	22.1	23.863	0	48.863	0.773	1.4	0	0.06	0.064	0.714	0.058	26.463	0.539	0.175
zhangjiafen	1961-10-4	21.3	19.203	0.001	47.067	1.307	2.4	0	0.059	0.064	1.206	0.101	26.653	0.532	0.176
zhangjiafen	1961-10-5	20.5	16.501	0	45.108	1.497	2.8	0	0.058	0.065	1.379	0.118	26.814	0.522	0.178
zhangjiafen	1961-10-6	19.7	14.907	0	43.191	1.467	2.8	0	0.057	0.065	1.349	0.118	26.963	0.511	0.179
zhangjiafen	1961-10-7	18.1	13.961	0	41.456	1.284	2.5	0	0.056	0.066	1.178	0.106	27.113	0.501	0.18
zhangjiafen	1961-10-8	17.3	13.393	0	40.17	0.807	1.6	0	0.055	0.066	0.739	0.068	27.29	0.492	0.181
zhangjiafen	1961-10-9	15.1	13.043	0.331	39.078	0.946	1.9	0.019	0.054	0.067	0.865	0.081	27.447	0.486	0.182
zhangjiafen	1961-10-10	14.4	13.089	5.011	42.611	0.657	1.3	0.331	0.055	0.067	0.601	0.056	27.634	0.492	0.183
zhangjiafen	1961-10-11	15.8	20.404	0	41.399	0.717	1.4	0	0.055	0.067	0.657	0.06	27.821	0.499	0.184
zhangjiafen	1961-10-12	17.3	22.08	0	40.389	0.506	1	0	0.055	0.068	0.463	0.043	28.018	0.493	0.185
zhangjiafen	1961-10-13	16.6	20.091	0	39.208	0.7	1.4	0	0.054	0.068	0.639	0.06	28.189	0.487	0.187
zhangjiafen	1961-10-14	15.8	17.584	0	37.911	0.838	1.7	0	0.053	0.069	0.764	0.074	28.339	0.48	0.188
zhangjiafen	1961-10-15	15.8	15.626	0	36.546	0.921	1.9	0	0.053	0.069	0.839	0.083	28.471	0.473	0.189
zhangjiafen	1961-10-16	15.1	14.318	0.014	35.435	0.668	1.4	0.001	0.052	0.069	0.607	0.061	28.617	0.466	0.19
zhangjiafen	1961-10-17	15.1	13.521	0.447	34.407	1.037	2.2	0.023	0.051	0.07	0.941	0.096	28.721	0.46	0.191
zhangjiafen	1961-10-18	15.8	13.45	0	33.146	0.835	1.8	0	0.05	0.07	0.756	0.079	28.834	0.454	0.191
zhangjiafen	1961-10-19	15.8	13.37	1.623	33.435	0.831	1.8	0.082	0.05	0.07	0.752	0.079	28.945	0.451	0.192
zhangjiafen	1961-10-20	16.6	14.139	0.54	32.736	0.783	1.7	0.03	0.05	0.07	0.708	0.075	29.057	0.451	0.193
zhangjiafen	1961-10-21	16.6	14.918	2.746	34.002	0.927	2	0.138	0.05	0.071	0.839	0.088	29.157	0.453	0.194
zhangjiafen	1961-10-22	16.6	18.281	0	32.659	0.928	2	0	0.05	0.071	0.84	0.088	29.257	0.453	0.194
zhangjiafen	1961-10-23	16.6	18.374	0	31.587	0.638	1.4	0	0.05	0.071	0.576	0.062	29.374	0.446	0.195
zhangjiafen	1961-10-24	15.8	17.001	0.424	30.772	0.81	1.8	0.019	0.049	0.072	0.731	0.08	29.468	0.441	0.196
zhangjiafen	1961-10-25	15.1	15.832	1.908	31.471	0.674	1.5	0.113	0.049	0.072	0.608	0.066	29.574	0.44	0.196
zhangjiafen	1961-10-26	15.1	18.294	0	30.499	0.538	1.2	0	0.049	0.072	0.484	0.053	29.69	0.439	0.197
zhangjiafen	1961-10-27	15.1	17.366	1.748	31.157	0.582	1.3	0.077	0.049	0.072	0.524	0.058	29.801	0.439	0.198
zhangjiafen	1961-10-28	15.8	16.905	0	30.067	0.671	1.5	0	0.049	0.073	0.604	0.067	29.901	0.438	0.199
zhangjiafen	1961-10-29	15.1	16.312	0.545	29.586	0.574	1.3	0.029	0.048	0.073	0.516	0.058	30.004	0.433	0.199
zhangjiafen	1961-10-30	15.8	15.909	0.929	29.441	0.616	1.4	0.041	0.048	0.073	0.553	0.063	30.099	0.431	0.2
zhangjiafen	1961-10-31	15.8	15.678	0	28.729	0.262	0.6	0	0.048	0.073	0.235	0.027	30.227	0.429	0.201
zhangjiafen	1961-11-1	15.8	15.2	0.397	27.626	1.123	2.6	0.023	0.047	0.074	1.006	0.117	30.26	0.424	0.202
zhangjiafen	1961-11-2	15.1	15.127	0	26.595	0.635	1.5	0	0.046	0.074	0.568	0.067	30.334	0.417	0.202
zhangjiafen	1961-11-3	14.4	14.447	0	25.619	0.582	1.4	0	0.046	0.074	0.52	0.063	30.406	0.411	0.202
zhangjiafen	1961-11-4	13.6	13.727	0	24.804	0.409	1	0	0.045	0.074	0.364	0.045	30.49	0.405	0.203
zhangjiafen	1961-11-5	12.9	13.162	0	23.823	0.604	1.5	0	0.044	0.074	0.537	0.068	30.544	0.4	0.203
zhangjiafen	1961-11-6	12.9	12.778	0	22.826	0.633	1.6	0	0.044	0.075	0.561	0.072	30.587	0.393	0.204
zhangjiafen	1961-11-7	13.6	12.531	0	21.848	0.62	1.6	0	0.043	0.075	0.548	0.072	30.623	0.387	0.204
zhangjiafen	1961-11-8	13.6	12.372	0	21.023	0.456	1.2	0	0.042	0.075	0.402	0.054	30.67	0.38	0.204
zhangjiafen	1961-11-9	13.6	12.262	0	20.245	0.411	1.1	0	0.042	0.075	0.361	0.05	30.716	0.375	0.204
zhangjiafen	1961-11-10	13.6	12.179	0	19.449	0.441	1.2	0	0.041	0.075	0.386	0.054	30.751	0.369	0.205
zhangjiafen	1961-11-11	12.9	12.108	0	18.604	0.505	1.4	0	0.04	0.075	0.441	0.063	30.77	0.363	0.205
zhangjiafen	1961-11-12	12.9	12.043	0.153	17.954	0.46	1.3	0.004	0.04	0.075	0.402	0.059	30.789	0.358	0.205
zhangjiafen	1961-11-13	12.9	11.997	0.076	17.121	0.592	1.7	0.003	0.039	0.075	0.515	0.077	30.783	0.352	0.205
zhangjiafen	1961-11-14	12.2	12.127	0	16.177	0.646	1.9	0	0.038	0.075	0.56	0.086	30.761	0.345	0.205
zhangjiafen	1961-11-15	12.2	12.036	0	15.43	0.431	1.3	0	0.037	0.075	0.372	0.059	30.759	0.337	0.205
zhangjiafen	1961-11-16	11.4	11.915	0	14.7	0.422	1.3	0	0.037	0.075	0.363	0.059	30.751	0.331	0.205
zhangjiafen	1961-11-17	11.4	11.802	0.089	14.043	0.445	1.4	0.003	0.036	0.075	0.381	0.063	30.732	0.325	0.205
zhangjiafen	1961-11-18	11.4	11.762	0	13.345	0.404	1.3	0	0.035	0.075	0.345	0.059	30.711	0.318	0.205
zhangjiafen	1961-11-19	10.7	11.699	0.171	12.75	0.487	1.6	0.004	0.035	0.075	0.415	0.072	30.671	0.312	0.205
zhangjiafen	1961-11-20	10.7	11.629	0.018	12.174	0.298	1	0.001	0.034	0.075	0.253	0.045	30.652	0.306	0.204
zhangjiafen	1961-11-21	10.7	11.559	0	11.57	0.32	1.1	0	0.033	0.075	0.271	0.05	30.623	0.3	0.204
zhangjiafen	1961-11-22	10.7	11.467	0	10.933	0.37	1.3	0	0.033	0.075	0.311	0.059	30.578	0.293	0.204
zhangjiafen	1961-11-23	10.7	11.359	0	10.29	0.388	1.4	0	0.032	0.075	0.325	0.063	30.522	0.286	0.204
zhangjiafen	1961-11-24	9.95	11.249	0	9.667	0.377	1.4	0	0.031	0.075	0.314	0.063	30.459	0.279	0.203
zhangjiafen	1961-11-25	10.7	11.141	0	9.127	0.288	1.1	0	0.03	0.075	0.239	0.049	30.403	0.271	0.203
zhangjiafen	1961-11-26	10.7	11.036	1.699	10.244	0.293	1.1	0.031	0.031	0.075	0.244	0.049	30.352	0.276	0.203
zhangjiafen	1961-11-27	10.7	11.504	0.733	10.393	0.302	1.1	0.015	0.032	0.075	0.253	0.049	30.31	0.285	0.202
zhangjiafen	1961-11-28	10.7	11.76	0	9.876	0.245	0.9	0	0.031	0.075	0.204	0.04	30.275	0.282	0.202
zhangjiafen	1961-11-29	10.7	11.782	0	9.371	0.239	0.9	0	0.031	0.075	0.199	0.04	30.233	0.275	0.202
zhangjiafen	1961-11-30	9.95	11.644	0	8.794	0.337	1.3	0	0.03	0.075	0.279	0.058	30.167	0.269	0.202
zhangjiafen	1961-12-1	10.7	11.421	0.02	8.254	0.327	1.3	0	0.029	0.074	0.269	0.058	30.095	0.261	0.201
zhangjiafen	1961-12-2	9.95	11.173	0.669	8.438	0.224	0.9	0.015	0.029	0.074	0.183	0.04	30.038	0.258	0.201
zhangjiafen	1961-12-3	9.95	11.184	0.377	8.318	0.248	1	0.008	0.029	0.074	0.203	0.045	29.975	0.257	0.2
zhangjiafen	1961-12-4	9.66	11.187	0.318	8.166	0.221	0.9	0.008	0.028	0.074	0.18	0.04	29.914	0.253	0.2
zhangjiafen	1961-12-5	9.66	11.152	0	7.715	0.216	0.9	0	0.028	0.074	0.176	0.04	29.849	0.248	0.199
zhangjiafen	1961-12-6	9.08	11.088	0	7.276	0.211	0.9	0	0.027	0.074	0.17	0.04	29.777	0.241	0.199
zhangjiafen	1961-12-7	8.79	10.973	0.158	7.003	0.206	0.9	0.004	0.026	0.074	0.165	0.04	29.7	0.235	0.199
zhangjiafen	1961-12-8	9.08	10.816	0	6.588	0.2	0.9	0	0.025	0.074	0.16	0.04	29.617	0.229	0.198
zhangjiafen	1961-12-9	9.37	10.648	0	6.187	0.195	0.9	0	0.025	0.074	0.155	0.04	29.528	0.222	0.197
zhangjiafen	1961-12-10	9.37	10.486	0	5.8	0.189	0.9	0	0.024	0.074	0.149	0.04	29.432	0.214	0.197
zhangjiafen	1961-12-11	8.5	10.329	0	5.427	0.183	0.9	0	0.023	0.073	0.143	0.04	29.329	0.207	0.196
zhangjiafen	1961-12-12	8.21	10.178	0	5.083	0.157	0.8	0	0.022	0.073	0.122	0.035	29.225	0.2	0.196
zhangjiafen	1961-12-13	7.51	10.037	0	4.737	0.172	0.9	0	0.021	0.073	0.132	0.04	29.11	0.192	0.195
zhangjiafen	1961-12-14	6.89	9.909	0	4.406	0.166	0.9	0	0.021	0.073	0.126	0.04	28.988	0.185	0.194
zhangjiafen	1961-12-15	6.45	9.792	0.003	4.092	0.16	0.9	0	0.02	0.073	0.12	0.039	28.86	0.177	0.193
zhangjiafen	1961-12-16	6.22	9.684	0.075	3.874	0.138	0.8	0.001	0.019	0.073	0.103	0.035	28.73	0.17	0.192
zhangjiafen	1961-12-17	6.9	9.617	0	3.581	0.15	0.9	0	0.018	0.073	0.111	0.039	28.591	0.164	0.192
zhangjiafen	1961-12-18	6.77	9.508	0	3.303	0.144	0.9	0	0.017	0.072	0.105	0.039	28.444	0.156	0.191
zhangjiafen	1961-12-19	6.89	9.395	0.016	3.054	0.139	0.9	0	0.017	0.072	0.1	0.039	28.292	0.149	0.19
zhangjiafen	1961-12-20	6.5	9.284	0	2.802	0.133	0.9	0	0.016	0.072	0.094	0.039	28.134	0.141	0.189
zhangjiafen	1961-12-21	6.53	9.176	0	2.576	0.113	0.8	0	0.015	0.072	0.079	0.035	27.974	0.133	0.188
zhangjiafen	1961-12-22	6.75	9.068	0	2.353	0.122	0.9	0	0.014	0.072	0.083	0.039	27.802	0.126	0.186
zhangjiafen	1961-12-23	6.17	8.961	0	2.143	0.117	0.9	0	0.013	0.072	0.078	0.039	27.625	0.118	0.185
zhangjiafen	1961-12-24	5.52	8.854	0	1.948	0.111	0.9	0	0.012	0.071	0.073	0.038	27.442	0.111	0.184
zhangjiafen	1961-12-25	5.83	8.746	0	1.765	0.106	0.9	0	0.011	0.071	0.068	0.038	27.252	0.103	0.183
zhangjiafen	1961-12-26	6.86	8.638	0	1.596	0.101	0.9	0	0.011	0.071	0.063	0.038	27.057	0.096	0.182
zhangjiafen	1961-12-27	7.62	8.531	0	1.445	0.086	0.8	0	0.01	0.071	0.052	0.034	26.862	0.089	0.18
zhangjiafen	1961-12-28	7.2	8.426	0	1.299	0.092	0.9	0	0.009	0.071	0.054	0.038	26.657	0.083	0.179
zhangjiafen	1961-12-29	7.28	8.323	0	1.17	0.078	0.8	0	0.009	0.07	0.044	0.034	26.452	0.077	0.178
zhangjiafen	1961-12-30	6.75	8.222	0	1.051	0.074	0.8	0	0.008	0.07	0.041	0.033	26.242	0.071	0.176
zhangjiafen	1961-12-31	6.77	8.123	0	0.941	0.071	0.8	0	0.007	0.07	0.037	0.033	26.029	0.065	0.175
