zhangjiafen	1962-1-1	6.48	8.028	0	0.84	0.067	0.8	0	0.007	0.07	0.034	0.033	25.812	0.06	0.174
zhangjiafen	1962-1-2	6.14	7.936	0	0.748	0.064	0.8	0	0.006	0.07	0.031	0.033	25.592	0.055	0.172
zhangjiafen	1962-1-3	5.98	7.847	0	0.665	0.061	0.8	0	0.006	0.07	0.028	0.033	25.368	0.05	0.171
zhangjiafen	1962-1-4	7.02	7.761	0	0.588	0.059	0.8	0	0.005	0.07	0.026	0.033	25.142	0.045	0.169
zhangjiafen	1962-1-5	6.31	7.68	0	0.519	0.056	0.8	0	0.005	0.069	0.023	0.033	24.914	0.041	0.168
zhangjiafen	1962-1-6	6.48	7.602	0	0.457	0.054	0.8	0	0.004	0.069	0.021	0.032	24.684	0.037	0.166
zhangjiafen	1962-1-7	7.37	7.529	0.072	0.45	0.059	0.8	0	0.005	0.069	0.026	0.032	24.465	0.047	0.165
zhangjiafen	1962-1-8	7.54	7.473	1.155	1.441	0.086	0.8	0.001	0.011	0.069	0.054	0.032	24.298	0.098	0.163
zhangjiafen	1962-1-9	8.5	7.503	0.337	1.566	0.103	0.8	0.001	0.014	0.069	0.071	0.032	24.161	0.126	0.162
zhangjiafen	1962-1-10	7.38	7.615	0.021	1.378	0.102	0.8	0	0.014	0.069	0.07	0.032	24.024	0.125	0.161
zhangjiafen	1962-1-11	7.75	7.764	0	1.184	0.097	0.8	0	0.013	0.069	0.065	0.032	23.88	0.116	0.16
zhangjiafen	1962-1-12	7.37	7.894	0	1.006	0.091	0.8	0	0.012	0.069	0.06	0.032	23.727	0.107	0.159
zhangjiafen	1962-1-13	7.92	7.979	0	0.844	0.086	0.8	0	0.011	0.068	0.054	0.032	23.566	0.098	0.158
zhangjiafen	1962-1-14	7.56	8.012	0	0.697	0.08	0.8	0	0.01	0.068	0.049	0.032	23.397	0.088	0.157
zhangjiafen	1962-1-15	7.2	7.999	0	0.567	0.075	0.8	0	0.009	0.068	0.043	0.031	23.22	0.079	0.156
zhangjiafen	1962-1-16	5.68	7.951	0	0.452	0.069	0.8	0	0.008	0.068	0.038	0.031	23.034	0.069	0.155
zhangjiafen	1962-1-17	5.38	7.878	0.004	0.358	0.064	0.8	0	0.007	0.068	0.033	0.031	22.841	0.059	0.154
zhangjiafen	1962-1-18	6.27	7.789	0	0.275	0.058	0.8	0	0.006	0.068	0.027	0.031	22.64	0.05	0.152
zhangjiafen	1962-1-19	6.64	7.691	0	0.207	0.053	0.8	0	0.005	0.068	0.022	0.031	22.431	0.041	0.151
zhangjiafen	1962-1-20	6.84	7.59	0.04	0.188	0.051	0.8	0	0.004	0.068	0.02	0.031	22.219	0.036	0.15
zhangjiafen	1962-1-21	7.76	7.49	0	0.134	0.054	0.9	0	0.003	0.068	0.019	0.034	22	0.031	0.148
zhangjiafen	1962-1-22	8.7	7.395	0	0.096	0.048	0.9	0	0.003	0.068	0.014	0.034	21.774	0.023	0.147
zhangjiafen	1962-1-23	7.16	7.301	0	0.069	0.043	0.9	0	0.002	0.068	0.009	0.034	21.542	0.015	0.145
zhangjiafen	1962-1-24	6.8	7.213	0	0.051	0.04	0.9	0	0.001	0.068	0.007	0.034	21.307	0.011	0.144
zhangjiafen	1962-1-25	8.53	7.132	0	0.039	0.038	0.9	0	0.001	0.068	0.004	0.034	21.071	0.007	0.142
zhangjiafen	1962-1-26	7.38	7.058	0	0.029	0.037	0.9	0	0.001	0.068	0.003	0.034	20.835	0.005	0.14
zhangjiafen	1962-1-27	7.38	6.994	0	0.023	0.036	0.9	0	0	0.068	0.002	0.033	20.599	0.004	0.139
zhangjiafen	1962-1-28	7.38	6.938	0	0.017	0.035	0.9	0	0	0.067	0.002	0.033	20.364	0.003	0.137
zhangjiafen	1962-1-29	8.08	6.89	0	0.014	0.034	0.9	0	0	0.067	0.001	0.033	20.131	0.002	0.136
zhangjiafen	1962-1-30	7.71	6.851	0	0.011	0.034	0.9	0	0	0.067	0.001	0.033	19.898	0.002	0.134
zhangjiafen	1962-1-31	8.47	6.819	0	0.009	0.033	0.9	0	0	0.067	0.001	0.033	19.666	0.001	0.133
zhangjiafen	1962-2-1	6.77	6.793	0	0.007	0.033	0.9	0	0	0.067	0.001	0.032	19.437	0.001	0.131
zhangjiafen	1962-2-2	6.49	6.773	0	0.006	0.033	0.9	0	0	0.067	0	0.032	19.208	0.001	0.13
zhangjiafen	1962-2-3	6.62	6.758	0	0.005	0.032	0.9	0	0	0.067	0	0.032	18.981	0	0.128
zhangjiafen	1962-2-4	7.04	6.746	0	0.005	0.032	0.9	0	0	0.067	0	0.032	18.756	0	0.127
zhangjiafen	1962-2-5	6.77	6.737	0	0.004	0.032	0.9	0	0	0.067	0	0.032	18.532	0	0.125
zhangjiafen	1962-2-6	6.9	6.73	0	0.004	0.031	0.9	0	0	0.067	0	0.031	18.31	0	0.124
zhangjiafen	1962-2-7	6.9	6.724	0.444	0.366	0.06	0.9	0	0.005	0.067	0.029	0.031	18.137	0.047	0.122
zhangjiafen	1962-2-8	7.19	6.76	0.33	0.571	0.076	0.9	0	0.008	0.067	0.044	0.031	17.99	0.072	0.121
zhangjiafen	1962-2-9	6.62	6.854	2.234	2.581	0.111	0.9	0.003	0.014	0.067	0.08	0.031	17.899	0.127	0.12
zhangjiafen	1962-2-10	7.19	7.13	1.134	3.412	0.141	0.9	0.005	0.019	0.067	0.11	0.031	17.85	0.168	0.119
zhangjiafen	1962-2-11	7.47	7.576	0	3.1	0.147	0.9	0	0.02	0.067	0.116	0.031	17.809	0.176	0.119
zhangjiafen	1962-2-12	7.03	7.974	0.172	2.969	0.143	0.9	0.001	0.019	0.067	0.112	0.031	17.763	0.171	0.119
zhangjiafen	1962-2-13	7.79	8.257	0	2.678	0.138	0.9	0	0.018	0.067	0.108	0.031	17.712	0.165	0.118
zhangjiafen	1962-2-14	8.28	8.419	0	2.403	0.132	0.9	0	0.017	0.067	0.102	0.031	17.652	0.156	0.118
zhangjiafen	1962-2-15	7.48	8.49	0	2.144	0.126	0.9	0	0.016	0.067	0.095	0.031	17.584	0.148	0.118
zhangjiafen	1962-2-16	9.25	8.501	0	1.9	0.12	0.9	0	0.015	0.067	0.089	0.031	17.508	0.139	0.117
zhangjiafen	1962-2-17	8.98	8.473	0.557	2.209	0.121	0.9	0.002	0.016	0.067	0.09	0.031	17.434	0.14	0.117
zhangjiafen	1962-2-18	7.9	8.477	0	1.964	0.12	0.9	0	0.015	0.067	0.09	0.03	17.36	0.139	0.116
zhangjiafen	1962-2-19	7.73	8.455	0.149	1.879	0.116	0.9	0.001	0.015	0.067	0.086	0.03	17.28	0.133	0.116
zhangjiafen	1962-2-20	8.39	8.409	0	1.656	0.112	0.9	0	0.014	0.067	0.081	0.03	17.195	0.127	0.115
zhangjiafen	1962-2-21	7.9	8.349	0	1.441	0.117	1	0	0.013	0.067	0.084	0.034	17.097	0.118	0.115
zhangjiafen	1962-2-22	7.57	8.281	1.446	2.624	0.134	1	0.005	0.016	0.067	0.101	0.034	17.024	0.141	0.114
zhangjiafen	1962-2-23	7.41	8.291	0	2.316	0.175	1.2	0	0.017	0.067	0.135	0.04	16.96	0.156	0.113
zhangjiafen	1962-2-24	7.79	8.304	0.551	2.558	0.174	1.2	0.003	0.017	0.067	0.134	0.04	16.895	0.155	0.113
zhangjiafen	1962-2-25	8.64	8.348	0	2.256	0.172	1.2	0	0.017	0.067	0.132	0.04	16.828	0.153	0.113
zhangjiafen	1962-2-26	8.28	8.396	0	1.974	0.163	1.2	0	0.016	0.067	0.123	0.04	16.752	0.143	0.112
zhangjiafen	1962-2-27	7.27	8.417	0	1.713	0.153	1.2	0	0.015	0.067	0.114	0.04	16.666	0.133	0.112
zhangjiafen	1962-2-28	7.75	8.399	0.434	1.887	0.152	1.2	0.002	0.015	0.067	0.112	0.04	16.579	0.131	0.111
zhangjiafen	1962-3-1	8.09	8.382	0.549	2.04	0.318	2.4	0.002	0.015	0.067	0.239	0.079	16.462	0.139	0.111
zhangjiafen	1962-3-2	7.62	8.367	0	1.614	0.373	2.9	0	0.015	0.067	0.277	0.095	16.324	0.134	0.11
zhangjiafen	1962-3-3	7.65	8.333	0	1.245	0.335	2.9	0	0.013	0.067	0.24	0.095	16.17	0.117	0.109
zhangjiafen	1962-3-4	11.7	8.272	0.067	0.99	0.303	2.9	0	0.011	0.067	0.208	0.095	16.003	0.102	0.108
zhangjiafen	1962-3-5	10.7	8.193	0	0.717	0.271	2.9	0	0.01	0.067	0.177	0.094	15.823	0.088	0.107
zhangjiafen	1962-3-6	10.7	8.094	0	0.5	0.234	2.9	0	0.008	0.067	0.141	0.093	15.627	0.07	0.105
zhangjiafen	1962-3-7	10.8	7.972	0	0.35	0.172	2.5	0	0.006	0.067	0.092	0.08	15.429	0.053	0.104
zhangjiafen	1962-3-8	10.7	7.831	0	0.24	0.148	2.5	0	0.004	0.067	0.068	0.08	15.219	0.039	0.103
zhangjiafen	1962-3-9	10.8	7.679	0.091	0.22	0.147	2.5	0	0.004	0.067	0.068	0.079	15.011	0.04	0.101
zhangjiafen	1962-3-10	10.8	7.54	0.047	0.166	0.141	2.5	0	0.004	0.067	0.063	0.078	14.802	0.037	0.1
zhangjiafen	1962-3-11	8.89	7.421	0.091	0.15	0.16	2.9	0	0.004	0.067	0.069	0.09	14.581	0.035	0.099
zhangjiafen	1962-3-12	10.2	7.326	0	0.077	0.134	2.7	0	0.003	0.067	0.051	0.084	14.361	0.028	0.097
zhangjiafen	1962-3-13	10.9	7.248	0	0.042	0.106	2.7	0	0.001	0.067	0.024	0.083	14.128	0.013	0.096
zhangjiafen	1962-3-14	10.9	7.172	0.053	0.05	0.11	2.7	0	0.002	0.067	0.028	0.082	13.9	0.015	0.094
zhangjiafen	1962-3-15	12.9	7.097	0.102	0.078	0.16	3.6	0	0.002	0.067	0.052	0.109	13.653	0.021	0.093
zhangjiafen	1962-3-16	9.5	7.03	0	0.035	0.139	3.5	0	0.002	0.067	0.034	0.105	13.405	0.014	0.091
zhangjiafen	1962-3-17	7.67	6.977	0	0.021	0.115	3.5	0	0.001	0.067	0.011	0.104	13.149	0.005	0.089
zhangjiafen	1962-3-18	8.89	6.938	2.18	1.781	0.422	4.1	0	0.012	0.067	0.302	0.12	12.98	0.106	0.088
zhangjiafen	1962-3-19	8.89	7.019	0.951	2.117	0.573	4.3	0.005	0.016	0.067	0.448	0.125	12.847	0.146	0.086
zhangjiafen	1962-3-20	8.89	7.267	0	1.745	0.282	2.2	0	0.015	0.067	0.218	0.064	12.77	0.139	0.086
zhangjiafen	1962-3-21	7.67	7.569	0	1.184	0.563	4.8	0	0.014	0.067	0.424	0.139	12.604	0.125	0.085
zhangjiafen	1962-3-22	8.28	7.811	0.096	0.919	0.349	3.5	0	0.011	0.067	0.249	0.101	12.454	0.102	0.084
zhangjiafen	1962-3-23	8.28	7.938	0.057	0.657	0.335	3.8	0	0.01	0.067	0.226	0.109	12.281	0.086	0.083
zhangjiafen	1962-3-24	8.89	7.958	0.29	0.664	0.298	3.6	0.001	0.009	0.067	0.196	0.102	12.108	0.078	0.082
zhangjiafen	1962-3-25	8.89	7.905	0.132	0.503	0.332	4.2	0	0.008	0.067	0.213	0.118	11.916	0.073	0.081
zhangjiafen	1962-3-26	8.89	7.814	0.089	0.364	0.276	4	0	0.007	0.067	0.164	0.112	11.717	0.06	0.079
zhangjiafen	1962-3-27	8.89	7.701	0	0.214	0.207	3.6	0	0.005	0.067	0.107	0.1	11.516	0.043	0.078
zhangjiafen	1962-3-28	8.89	7.583	0	0.116	0.179	3.9	0	0.003	0.067	0.071	0.107	11.292	0.027	0.077
zhangjiafen	1962-3-29	8.89	7.466	0	0.054	0.164	4.3	0	0.002	0.067	0.047	0.117	11.049	0.016	0.075
zhangjiafen	1962-3-30	8.89	7.351	0	0.025	0.115	3.5	0	0.001	0.067	0.021	0.094	10.823	0.009	0.073
zhangjiafen	1962-3-31	8.89	7.24	2.711	2.435	0.233	2.2	0	0.013	0.067	0.175	0.058	10.739	0.113	0.072
zhangjiafen	1962-4-1	12.9	7.254	4.138	5.44	1.051	6.1	0.027	0.022	0.065	0.889	0.162	10.637	0.196	0.072
zhangjiafen	1962-4-2	14.4	7.763	0	4.065	1.334	7.2	0	0.023	0.061	1.144	0.19	10.525	0.21	0.071
zhangjiafen	1962-4-3	8.28	8.277	0	3.246	0.739	4.6	0	0.02	0.064	0.618	0.121	10.45	0.181	0.07
zhangjiafen	1962-4-4	8.28	8.563	0	2.368	0.86	6	0	0.018	0.066	0.703	0.157	10.318	0.16	0.069
zhangjiafen	1962-4-5	8.28	8.643	0	1.603	0.792	6.5	0	0.015	0.067	0.623	0.169	10.146	0.132	0.069
zhangjiafen	1962-4-6	10.2	8.599	0	1.123	0.498	5	0	0.011	0.067	0.369	0.129	9.986	0.103	0.067
zhangjiafen	1962-4-7	16.7	8.478	0.461	1.055	0.564	5.8	0.001	0.011	0.067	0.416	0.148	9.806	0.102	0.066
zhangjiafen	1962-4-8	17.5	8.336	2.018	2.346	0.728	6.1	0.008	0.015	0.067	0.574	0.154	9.651	0.132	0.065
zhangjiafen	1962-4-9	15.2	8.34	0	1.545	0.82	6.6	0	0.015	0.067	0.654	0.166	9.492	0.138	0.064
zhangjiafen	1962-4-10	12.9	8.387	0	0.831	0.829	8.4	0	0.012	0.067	0.621	0.209	9.257	0.104	0.063
zhangjiafen	1962-4-11	11.5	8.363	0.103	0.463	0.598	7.8	0	0.008	0.067	0.406	0.191	9.011	0.074	0.061
zhangjiafen	1962-4-12	10.2	8.234	0	0.26	0.287	5.2	0	0.005	0.067	0.161	0.126	8.803	0.045	0.06
zhangjiafen	1962-4-13	10.2	8.032	0	0.121	0.262	6.1	0	0.003	0.067	0.116	0.146	8.559	0.028	0.058
zhangjiafen	1962-4-14	8.89	7.803	0	0.059	0.167	5	0	0.002	0.067	0.05	0.118	8.332	0.014	0.057
zhangjiafen	1962-4-15	8.89	7.578	0	0.023	0.16	5.6	0	0.001	0.067	0.03	0.13	8.087	0.008	0.055
zhangjiafen	1962-4-16	8.89	7.375	0	0.009	0.119	4.7	0	0	0.067	0.011	0.108	7.863	0.004	0.054
zhangjiafen	1962-4-17	8.28	7.204	1.031	0.82	0.274	4.8	0	0.006	0.066	0.166	0.108	7.685	0.05	0.052
zhangjiafen	1962-4-18	8.28	7.144	0	0.566	0.341	5.8	0	0.006	0.066	0.212	0.129	7.49	0.051	0.051
zhangjiafen	1962-4-19	8.28	7.148	0	0.457	0.177	4.2	0	0.003	0.066	0.085	0.092	7.309	0.027	0.05
zhangjiafen	1962-4-20	7.67	7.133	0	0.4	0.099	2.8	0	0.002	0.066	0.038	0.061	7.152	0.018	0.048
zhangjiafen	1962-4-21	7.67	7.081	0	0.329	0.169	5.2	0	0.002	0.066	0.057	0.112	6.941	0.014	0.047
zhangjiafen	1962-4-22	7.67	7.009	0	0.283	0.114	3.8	0	0.001	0.066	0.033	0.08	6.76	0.011	0.046
zhangjiafen	1962-4-23	8.28	6.935	0	0.212	0.231	8.1	0	0.001	0.067	0.062	0.169	6.49	0.01	0.045
zhangjiafen	1962-4-24	8.28	6.87	0	0.154	0.224	8.5	0	0.001	0.067	0.05	0.174	6.214	0.008	0.043
zhangjiafen	1962-4-25	8.28	6.82	0	0.102	0.252	10.3	0	0.001	0.067	0.047	0.206	5.907	0.006	0.041
zhangjiafen	1962-4-26	8.28	6.785	0	0.07	0.18	7.9	0	0	0.067	0.026	0.154	5.652	0.004	0.039
zhangjiafen	1962-4-27	8.28	6.765	0	0.053	0.114	5.3	0	0	0.067	0.014	0.101	5.451	0.004	0.037
zhangjiafen	1962-4-28	7.67	6.755	0	0.037	0.125	6	0	0	0.067	0.013	0.112	5.239	0.003	0.036
zhangjiafen	1962-4-29	7.06	6.748	0	0.024	0.12	6	0	0	0.067	0.01	0.109	5.031	0.002	0.034
zhangjiafen	1962-4-30	7.06	6.742	2.467	1.956	0.531	6	0	0.011	0.066	0.424	0.107	4.924	0.101	0.033
zhangjiafen	1962-5-1	7.06	6.836	9.153	9.797	1.112	5.9	0.059	0.025	0.056	1.008	0.104	4.953	0.221	0.033
zhangjiafen	1962-5-2	9.5	7.71	2.542	10.22	1.907	7.8	0.041	0.031	0.04	1.769	0.138	5.021	0.28	0.033
zhangjiafen	1962-5-3	10.9	9.132	0.081	8.702	1.4	5.9	0.002	0.03	0.043	1.295	0.106	5.112	0.273	0.033
zhangjiafen	1962-5-4	10.9	9.543	0	7.127	1.413	6.5	0	0.028	0.048	1.296	0.117	5.163	0.251	0.034
zhangjiafen	1962-5-5	10.2	9.165	0	6.057	0.901	4.6	0	0.025	0.053	0.818	0.083	5.221	0.228	0.034
zhangjiafen	1962-5-6	8.89	8.643	0	4.72	1.233	6.9	0	0.023	0.057	1.107	0.126	5.212	0.208	0.035
zhangjiafen	1962-5-7	8.89	8.288	0.935	4.16	1.424	8.5	0.007	0.022	0.06	1.269	0.155	5.16	0.197	0.035
zhangjiafen	1962-5-8	7.06	8.233	0.023	2.819	1.336	8.9	0	0.02	0.063	1.174	0.161	5.078	0.177	0.034
zhangjiafen	1962-5-9	7.06	8.317	0	1.826	0.995	8.3	0	0.015	0.065	0.846	0.149	4.968	0.139	0.034
zhangjiafen	1962-5-10	7.06	8.391	0.726	1.561	1.021	9.4	0.002	0.014	0.066	0.854	0.167	4.828	0.126	0.033
zhangjiafen	1962-5-11	7.06	8.409	0.596	1.275	0.928	9.3	0.003	0.013	0.066	0.765	0.163	4.682	0.115	0.032
zhangjiafen	1962-5-12	6.45	8.355	0	0.766	0.555	7.2	0	0.009	0.067	0.431	0.124	4.544	0.084	0.031
zhangjiafen	1962-5-13	6.45	8.218	0	0.413	0.444	8	0	0.006	0.067	0.309	0.135	4.366	0.055	0.03
zhangjiafen	1962-5-14	6.45	8.028	0.029	0.195	0.383	9.3	0	0.004	0.067	0.229	0.154	4.152	0.035	0.029
zhangjiafen	1962-5-15	6.16	7.827	0.101	0.08	0.43	11.3	0	0.004	0.067	0.248	0.182	3.907	0.032	0.028
zhangjiafen	1962-5-16	6.16	7.637	0	0.025	0.23	11.1	0	0.001	0.067	0.057	0.173	3.648	0.007	0.026
zhangjiafen	1962-5-17	6.45	7.455	2.11	1.56	0.596	7.8	0.001	0.01	0.066	0.479	0.117	3.528	0.088	0.024
zhangjiafen	1962-5-18	7.06	7.388	0.255	1.274	0.518	5.9	0	0.011	0.065	0.432	0.087	3.454	0.102	0.023
zhangjiafen	1962-5-19	6.45	7.425	0.066	0.787	0.607	8.3	0	0.009	0.066	0.486	0.121	3.327	0.082	0.023
zhangjiafen	1962-5-20	6.16	7.484	0.076	0.501	0.455	8.6	0	0.006	0.066	0.333	0.122	3.171	0.054	0.021
zhangjiafen	1962-5-21	6.16	7.513	0	0.319	0.3	9.2	0	0.003	0.066	0.173	0.127	2.983	0.026	0.02
zhangjiafen	1962-5-22	5.58	7.486	2.168	1.713	0.791	9.4	0.001	0.011	0.067	0.666	0.125	2.873	0.1	0.019
zhangjiafen	1962-5-23	5.58	7.565	0.032	1.169	0.54	6	0	0.012	0.067	0.462	0.078	2.817	0.108	0.018
zhangjiafen	1962-5-24	5.58	7.712	0.45	0.909	0.695	7.9	0	0.012	0.067	0.593	0.102	2.738	0.107	0.018
zhangjiafen	1962-5-25	5.87	7.816	2.798	2.589	1.074	9.4	0.007	0.016	0.066	0.954	0.119	2.676	0.142	0.018
zhangjiafen	1962-5-26	5.58	7.985	1.444	2.866	1.077	8.1	0.01	0.018	0.065	0.976	0.102	2.656	0.164	0.018
zhangjiafen	1962-5-27	8.89	8.316	1.023	2.645	1.162	8.6	0.004	0.019	0.065	1.055	0.107	2.633	0.167	0.017
zhangjiafen	1962-5-28	7.67	8.55	0	1.674	0.915	7.8	0	0.016	0.066	0.818	0.097	2.598	0.145	0.017
zhangjiafen	1962-5-29	7.06	8.575	0	0.858	0.842	9.5	0	0.012	0.067	0.725	0.117	2.505	0.107	0.016
zhangjiafen	1962-5-30	5.87	8.456	0	0.375	0.56	9.8	0	0.007	0.067	0.442	0.118	2.37	0.064	0.015
zhangjiafen	1962-5-31	5.87	8.251	0.682	0.539	0.578	9.9	0.001	0.007	0.067	0.463	0.114	2.241	0.067	0.014
zhangjiafen	1962-6-1	5.58	8.023	0	0.285	0.321	7.7	0	0.005	0.067	0.235	0.086	2.12	0.044	0.011
zhangjiafen	1962-6-2	5.58	7.789	0.19	0.243	0.263	6.5	0	0.005	0.067	0.193	0.07	2.016	0.043	0.01
zhangjiafen	1962-6-3	5.87	7.598	0	0.106	0.22	8.1	0	0.003	0.067	0.135	0.084	1.881	0.024	0.008
zhangjiafen	1962-6-4	5.87	7.443	2.024	1.432	0.681	8.9	0.001	0.011	0.067	0.593	0.088	1.81	0.095	0.01
zhangjiafen	1962-6-5	5.58	7.411	0.886	1.548	0.691	6.8	0.002	0.014	0.067	0.625	0.066	1.795	0.13	0.011
zhangjiafen	1962-6-6	5.58	7.539	2.031	2.71	0.753	6.3	0.009	0.017	0.067	0.691	0.062	1.808	0.153	0.011
zhangjiafen	1962-6-7	5.87	7.847	0.742	2.473	0.86	6.7	0.006	0.018	0.066	0.793	0.066	1.828	0.163	0.011
zhangjiafen	1962-6-8	7.06	8.232	2.854	4.355	0.811	5.7	0.019	0.02	0.064	0.754	0.057	1.875	0.179	0.011
zhangjiafen	1962-6-9	6.45	8.635	0.683	3.734	1.163	7.6	0.009	0.021	0.06	1.086	0.077	1.916	0.19	0.011
zhangjiafen	1962-6-10	7.06	8.946	0	2.901	0.707	5.3	0	0.018	0.063	0.652	0.055	1.953	0.165	0.011
zhangjiafen	1962-6-11	7.06	9.049	0.94	2.904	0.826	6.6	0.01	0.017	0.063	0.757	0.069	1.965	0.155	0.011
zhangjiafen	1962-6-12	7.06	9.043	8.991	10.129	1.512	7.9	0.078	0.026	0.05	1.43	0.082	2.052	0.232	0.012
zhangjiafen	1962-6-13	10.9	9.8	0.561	8.632	1.839	8.2	0.016	0.029	0.039	1.751	0.088	2.175	0.263	0.013
zhangjiafen	1962-6-14	10.9	10.296	0.021	7.34	1.109	5.5	0	0.026	0.045	1.048	0.061	2.295	0.238	0.013
zhangjiafen	1962-6-15	9.5	10.121	0.588	6.441	1.309	7	0.013	0.025	0.048	1.229	0.08	2.375	0.222	0.013
zhangjiafen	1962-6-16	8.89	9.741	0	5.156	1.145	6.8	0	0.022	0.052	1.066	0.079	2.431	0.2	0.013
zhangjiafen	1962-6-17	8.28	9.287	0	3.817	1.255	8.6	0	0.019	0.056	1.154	0.101	2.435	0.174	0.012
zhangjiafen	1962-6-18	7.67	8.886	0	2.926	0.817	6.8	0	0.016	0.06	0.737	0.079	2.427	0.142	0.011
zhangjiafen	1962-6-19	8.28	8.575	1.921	4.166	0.532	4	0.015	0.018	0.061	0.486	0.046	2.468	0.162	0.015
zhangjiafen	1962-6-20	8.89	8.466	1.615	4.632	0.996	6.5	0.022	0.021	0.058	0.921	0.076	2.505	0.186	0.015
zhangjiafen	1962-6-21	9.5	8.621	4.275	7.475	1.205	6.6	0.06	0.024	0.054	1.127	0.078	2.577	0.22	0.016
zhangjiafen	1962-6-22	13.7	9.398	11.925	16.755	2.127	8.4	0.295	0.032	0.036	2.026	0.101	2.714	0.292	0.017
zhangjiafen	1962-6-23	17.5	14.013	15.3	27.472	3.601	10.5	0.649	0.046	0.016	3.47	0.131	2.968	0.418	0.018
zhangjiafen	1962-6-24	28.1	34.249	10.211	32.739	4.171	10.3	0.418	0.049	0.011	4.036	0.135	3.244	0.442	0.02
zhangjiafen	1962-6-25	54.6	49.518	2.607	30.88	3.968	9.5	0.134	0.05	0.011	3.836	0.132	3.525	0.446	0.021
zhangjiafen	1962-6-26	33.6	42.659	0.75	27.335	3.926	9.8	0.037	0.048	0.013	3.783	0.143	3.774	0.428	0.023
zhangjiafen	1962-6-27	28.3	30.026	0.311	24.014	3.307	8.8	0.009	0.045	0.014	3.174	0.134	4.006	0.405	0.025
zhangjiafen	1962-6-28	26.6	20.331	0	21.207	2.495	7.1	0	0.042	0.016	2.383	0.111	4.233	0.381	0.026
zhangjiafen	1962-6-29	17.5	14.586	0	17.755	3.212	9.8	0	0.04	0.019	3.054	0.158	4.387	0.359	0.028
zhangjiafen	1962-6-30	14.4	11.273	2.401	17.317	2.474	8	0.117	0.038	0.023	2.342	0.132	4.546	0.342	0.029
zhangjiafen	1962-7-1	19.9	10.493	1.322	16.337	1.993	6.6	0.046	0.037	0.023	1.883	0.111	4.718	0.335	0.03
zhangjiafen	1962-7-2	15.2	10.859	1.572	15.941	1.658	5.6	0.039	0.037	0.024	1.563	0.096	4.897	0.329	0.031
zhangjiafen	1962-7-3	24.1	11.234	4.157	17.985	1.718	5.6	0.117	0.038	0.022	1.62	0.097	5.084	0.339	0.032
zhangjiafen	1962-7-4	24.7	13.2	3.479	18.771	2.316	7.2	0.114	0.039	0.022	2.188	0.128	5.254	0.352	0.033
zhangjiafen	1962-7-5	52.9	15.964	2.677	19.479	1.567	4.8	0.095	0.04	0.022	1.48	0.087	5.466	0.356	0.035
zhangjiafen	1962-7-6	23.1	16.052	1.751	19.305	1.564	4.7	0.045	0.04	0.021	1.477	0.087	5.685	0.363	0.036
zhangjiafen	1962-7-7	17.7	14.691	4.762	22.512	1.002	2.9	0.192	0.042	0.017	0.948	0.055	5.949	0.374	0.038
zhangjiafen	1962-7-8	29.3	15.581	42.335	60.764	2.006	4.1	1.602	0.055	0.015	1.926	0.079	6.314	0.499	0.04
zhangjiafen	1962-7-9	132	65.042	6.842	63.022	3.316	5.6	0.703	0.068	0.016	3.204	0.112	6.754	0.61	0.042
zhangjiafen	1962-7-10	92.6	84.487	0.571	59.047	3.945	6.7	0.068	0.067	0.017	3.806	0.139	7.158	0.605	0.045
zhangjiafen	1962-7-11	49.6	62.411	0	55.381	3.137	5.5	0	0.065	0.018	3.019	0.118	7.557	0.583	0.048
zhangjiafen	1962-7-12	29.9	41.092	0.682	52.757	2.719	4.9	0.067	0.063	0.019	2.611	0.108	7.944	0.565	0.05
zhangjiafen	1962-7-13	22.4	28.352	5.461	54.675	2.547	4.6	0.476	0.062	0.02	2.443	0.104	8.328	0.562	0.053
zhangjiafen	1962-7-14	21.6	31.712	1.046	52.973	2.107	3.8	0.105	0.062	0.021	2.018	0.088	8.726	0.562	0.056
zhangjiafen	1962-7-15	23.3	30.863	11.244	59.333	3.409	6	0.978	0.064	0.022	3.266	0.143	9.079	0.576	0.058
zhangjiafen	1962-7-16	32.4	57.7	13.92	68.675	2.669	4.4	1.328	0.069	0.022	2.562	0.107	9.509	0.619	0.061
zhangjiafen	1962-7-17	40.6	102.294	2.571	67.234	3.13	5	0.293	0.071	0.023	3.005	0.125	9.94	0.642	0.063
zhangjiafen	1962-7-18	34.1	82.792	9.386	72.084	2.984	4.7	0.948	0.072	0.024	2.864	0.12	10.381	0.652	0.066
zhangjiafen	1962-7-19	40.6	93.526	3.075	71.143	3.03	4.7	0.372	0.074	0.025	2.908	0.123	10.827	0.663	0.069
zhangjiafen	1962-7-20	34.1	74.755	0.002	67.926	2.607	4.1	0	0.072	0.026	2.497	0.109	11.269	0.65	0.072
zhangjiafen	1962-7-21	27.5	49.255	1.375	66.071	2.501	4	0.132	0.071	0.028	2.392	0.109	11.693	0.635	0.075
zhangjiafen	1962-7-22	29.1	36.896	4.968	67.623	2.249	3.6	0.562	0.07	0.029	2.149	0.1	12.121	0.634	0.078
zhangjiafen	1962-7-23	33.2	42.311	12.897	76.067	2.598	4	1.231	0.074	0.029	2.485	0.113	12.561	0.663	0.081
zhangjiafen	1962-7-24	54.8	86.89	14.122	84.882	2.957	4.3	1.68	0.079	0.031	2.834	0.124	13.037	0.714	0.084
zhangjiafen	1962-7-25	97.7	146.885	12.648	91.959	3.313	4.6	1.539	0.086	0.032	3.178	0.135	13.554	0.77	0.087
zhangjiafen	1962-7-26	106	203.796	2.103	90.158	2.845	3.9	0.298	0.088	0.033	2.728	0.117	14.104	0.79	0.09
zhangjiafen	1962-7-27	77.1	93.082	2.183	88.485	2.821	3.9	0.29	0.086	0.034	2.702	0.119	14.634	0.777	0.094
zhangjiafen	1962-7-28	69	57.4	0.52	84.746	3.498	4.9	0.071	0.084	0.036	3.345	0.152	15.107	0.758	0.098
zhangjiafen	1962-7-29	57.5	40.233	1.77	81.772	3.856	5.5	0.243	0.082	0.037	3.683	0.174	15.532	0.736	0.101
zhangjiafen	1962-7-30	45.6	36.063	6.376	82.628	4.045	5.8	0.84	0.082	0.038	3.859	0.186	15.943	0.738	0.104
zhangjiafen	1962-7-31	61	63.064	3.144	81.387	3.344	4.8	0.388	0.081	0.039	3.188	0.156	16.37	0.728	0.106
zhangjiafen	1962-8-1	63.3	56.947	1.199	78.303	3.512	5.1	0.147	0.079	0.04	3.344	0.168	16.768	0.714	0.109
zhangjiafen	1962-8-2	44.6	46.275	0	74.011	3.707	5.5	0	0.077	0.041	3.524	0.183	17.123	0.691	0.112
zhangjiafen	1962-8-3	34.1	34.728	0	69.909	3.545	5.4	0	0.074	0.042	3.363	0.182	17.451	0.666	0.114
zhangjiafen	1962-8-4	29.9	25.872	0.122	66.453	3.008	4.7	0.016	0.071	0.042	2.848	0.16	17.775	0.643	0.116
zhangjiafen	1962-8-5	29.1	20.838	3.47	65.721	3.347	5.3	0.335	0.07	0.043	3.165	0.182	18.063	0.631	0.119
zhangjiafen	1962-8-6	27.5	21.661	8.243	69.055	3.574	5.6	0.819	0.071	0.044	3.381	0.194	18.343	0.638	0.12
zhangjiafen	1962-8-7	27.3	41.799	4.104	68.812	3.356	5.2	0.455	0.072	0.045	3.174	0.181	18.64	0.646	0.122
zhangjiafen	1962-8-8	64	59.863	0.71	66.269	2.62	4.1	0.069	0.071	0.045	2.475	0.144	18.964	0.638	0.124
zhangjiafen	1962-8-9	30	50.536	0	63.683	2.008	3.2	0	0.069	0.046	1.894	0.113	19.301	0.623	0.126
zhangjiafen	1962-8-10	24.3	36.733	0	60.23	2.95	4.8	0	0.067	0.047	2.778	0.172	19.561	0.607	0.129
zhangjiafen	1962-8-11	19.9	26.787	0	56.541	3.231	5.4	0	0.065	0.048	3.036	0.194	19.777	0.588	0.13
zhangjiafen	1962-8-12	17.5	20.56	1.387	53.769	3.615	6.2	0.132	0.064	0.048	3.391	0.225	19.944	0.572	0.132
zhangjiafen	1962-8-13	18.3	23.809	0.459	50.172	3.631	6.4	0.041	0.062	0.048	3.398	0.233	20.085	0.555	0.133
zhangjiafen	1962-8-14	17.5	20.457	0	47.216	2.528	4.6	0	0.06	0.049	2.36	0.168	20.271	0.537	0.134
zhangjiafen	1962-8-15	16.7	16.246	0.021	44.76	2.032	3.8	0.002	0.058	0.049	1.893	0.139	20.471	0.523	0.135
zhangjiafen	1962-8-16	15.2	13.652	0.025	42.037	2.346	4.5	0.002	0.057	0.05	2.18	0.166	20.628	0.51	0.136
zhangjiafen	1962-8-17	13.7	12.405	1.075	39.935	2.745	5.4	0.078	0.055	0.05	2.545	0.2	20.739	0.498	0.138
zhangjiafen	1962-8-18	12.9	13.065	0	36.932	2.665	5.4	0	0.054	0.05	2.465	0.2	20.835	0.485	0.138
zhangjiafen	1962-8-19	12.2	13.113	0	34.434	2.144	4.5	0	0.052	0.051	1.977	0.167	20.947	0.47	0.139
zhangjiafen	1962-8-20	12.9	12.704	0	31.935	2.167	4.7	0	0.051	0.051	1.992	0.175	21.038	0.456	0.14
zhangjiafen	1962-8-21	10.9	12.152	1.363	30.625	2.291	5.1	0.076	0.05	0.051	2.1	0.191	21.102	0.446	0.14
zhangjiafen	1962-8-22	13.7	12.299	0.793	28.886	2.195	5	0.038	0.049	0.051	2.008	0.187	21.161	0.438	0.141
zhangjiafen	1962-8-23	13.7	12.598	1.811	27.618	2.753	6.4	0.087	0.048	0.051	2.514	0.24	21.158	0.43	0.141
zhangjiafen	1962-8-24	12.9	13.826	2.452	27.444	2.252	5.3	0.1	0.047	0.051	2.053	0.199	21.192	0.425	0.141
zhangjiafen	1962-8-25	14.4	15.196	25.5	48.782	2.607	5.3	1.217	0.054	0.052	2.408	0.199	21.284	0.483	0.141
zhangjiafen	1962-8-26	14.3	46.951	11.608	55.855	3.304	5.8	0.83	0.062	0.052	3.086	0.218	21.428	0.557	0.142
zhangjiafen	1962-8-27	62	92.13	0.416	53.801	1.919	3.3	0.045	0.063	0.052	1.795	0.124	21.677	0.568	0.143
zhangjiafen	1962-8-28	31.3	63.942	1.62	52.346	2.466	4.3	0.151	0.062	0.053	2.303	0.163	21.876	0.56	0.145
zhangjiafen	1962-8-29	22.1	43.896	4.297	53.024	2.801	4.9	0.383	0.062	0.053	2.615	0.187	22.048	0.558	0.146
zhangjiafen	1962-8-30	20.7	41.082	1.573	50.831	3.24	5.7	0.13	0.062	0.054	3.021	0.218	22.184	0.554	0.147
zhangjiafen	1962-8-31	18.3	39.908	1.238	48.863	2.675	4.8	0.111	0.06	0.054	2.491	0.184	22.341	0.543	0.148
zhangjiafen	1962-9-1	17.5	33.056	6.101	50.926	3.182	5.7	0.471	0.06	0.054	2.963	0.22	22.462	0.544	0.149
zhangjiafen	1962-9-2	21.6	44.031	1.37	48.532	3.293	5.9	0.096	0.06	0.055	3.065	0.228	22.573	0.543	0.15
zhangjiafen	1962-9-3	22.4	37.89	1.436	46.826	2.626	4.8	0.111	0.059	0.055	2.44	0.186	22.713	0.532	0.15
zhangjiafen	1962-9-4	19.1	31.43	3.364	46.623	2.93	5.4	0.261	0.059	0.055	2.72	0.21	22.824	0.527	0.151
zhangjiafen	1962-9-5	19.1	31.979	0	42.889	3.408	6.4	0	0.058	0.055	3.159	0.249	22.885	0.518	0.152
zhangjiafen	1962-9-6	17.5	26.765	0	40.338	2.158	4.2	0	0.056	0.056	1.994	0.164	23.013	0.5	0.153
zhangjiafen	1962-9-7	16.7	21.247	0	37.452	2.544	5.1	0	0.054	0.056	2.345	0.199	23.091	0.487	0.153
zhangjiafen	1962-9-8	14.4	17.361	0	35.109	1.979	4.1	0	0.053	0.056	1.818	0.161	23.194	0.473	0.154
zhangjiafen	1962-9-9	12.9	14.886	0	33.307	1.408	3	0	0.051	0.056	1.29	0.118	23.326	0.461	0.155
zhangjiafen	1962-9-10	12.9	13.35	0.799	32.207	1.473	3.2	0.049	0.05	0.057	1.347	0.126	23.441	0.453	0.156
zhangjiafen	1962-9-11	12.9	13.12	0.006	30.524	1.308	2.9	0	0.05	0.057	1.193	0.114	23.559	0.446	0.156
zhangjiafen	1962-9-12	12.9	12.888	0	29.357	0.749	1.7	0	0.049	0.057	0.682	0.067	23.714	0.437	0.157
zhangjiafen	1962-9-13	12.2	12.497	0	27.585	1.426	3.3	0	0.048	0.058	1.295	0.131	23.797	0.429	0.158
zhangjiafen	1962-9-14	12.2	12.065	0.175	25.877	1.555	3.7	0.009	0.047	0.058	1.408	0.147	23.852	0.42	0.159
zhangjiafen	1962-9-15	11.5	11.752	1.375	24.868	2.056	5	0.069	0.046	0.058	1.857	0.199	23.848	0.412	0.159
zhangjiafen	1962-9-16	11.5	12.441	1.907	24.512	1.905	4.7	0.094	0.045	0.058	1.718	0.187	23.851	0.407	0.159
zhangjiafen	1962-9-17	12.9	14.511	1.185	23.257	2.157	5.4	0.051	0.045	0.058	1.942	0.215	23.821	0.402	0.159
zhangjiafen	1962-9-18	13.7	15.895	2.496	23.689	1.703	4.3	0.089	0.044	0.058	1.531	0.171	23.832	0.399	0.159
zhangjiafen	1962-9-19	14.4	16.158	0.659	22.687	1.336	3.4	0.02	0.044	0.058	1.201	0.135	23.877	0.397	0.159
zhangjiafen	1962-9-20	14.4	16.563	0.102	20.843	1.686	4.4	0.004	0.043	0.058	1.51	0.175	23.873	0.388	0.159
zhangjiafen	1962-9-21	13.7	15.715	8.386	26.725	1.91	4.8	0.34	0.045	0.058	1.719	0.191	23.865	0.401	0.159
zhangjiafen	1962-9-22	13.7	19.009	5.018	29.149	2.093	4.9	0.223	0.047	0.058	1.898	0.195	23.878	0.426	0.159
zhangjiafen	1962-9-23	19.1	27.552	0.135	27.364	1.586	3.7	0.007	0.047	0.058	1.439	0.147	23.94	0.427	0.159
zhangjiafen	1962-9-24	16.7	26.862	0	25.399	1.663	4	0	0.046	0.058	1.503	0.16	23.978	0.416	0.16
zhangjiafen	1962-9-25	15.2	21.964	0	23.289	1.845	4.6	0	0.045	0.059	1.662	0.184	23.98	0.403	0.16
zhangjiafen	1962-9-26	14.4	17.615	0.793	22.078	1.708	4.4	0.035	0.044	0.059	1.533	0.176	23.978	0.392	0.16
zhangjiafen	1962-9-27	14.4	15.241	1.152	21.118	1.822	4.8	0.054	0.043	0.059	1.631	0.192	23.953	0.385	0.16
zhangjiafen	1962-9-28	14.4	14.415	0.045	19.076	1.873	5.1	0.001	0.042	0.059	1.67	0.203	23.905	0.374	0.16
zhangjiafen	1962-9-29	13.7	13.726	0.049	17.356	1.543	4.4	0.002	0.04	0.059	1.367	0.175	23.871	0.36	0.159
zhangjiafen	1962-9-30	12.9	12.968	0	15.525	1.642	4.9	0	0.038	0.06	1.446	0.195	23.803	0.346	0.159
zhangjiafen	1962-10-1	12.9	12.186	0	13.52	1.873	5.9	0	0.037	0.061	1.639	0.235	23.679	0.33	0.159
zhangjiafen	1962-10-2	12.9	11.485	0	12.266	1.045	3.5	0	0.035	0.062	0.906	0.139	23.632	0.312	0.158
zhangjiafen	1962-10-3	12.9	10.933	0	11.171	0.885	3.1	0	0.033	0.063	0.762	0.123	23.589	0.3	0.158
zhangjiafen	1962-10-4	12.9	10.54	0	9.62	1.443	5.3	0	0.032	0.064	1.233	0.21	23.445	0.287	0.157
zhangjiafen	1962-10-5	12.9	10.272	0.503	8.466	1.592	6.2	0.008	0.03	0.064	1.347	0.245	23.251	0.271	0.156
zhangjiafen	1962-10-6	12.2	10.106	0	6.928	1.505	6.3	0	0.028	0.065	1.258	0.248	23.036	0.253	0.155
zhangjiafen	1962-10-7	12.2	10	0	5.657	1.239	5.7	0	0.026	0.066	1.016	0.223	22.824	0.23	0.154
zhangjiafen	1962-10-8	12.2	9.898	0	4.855	0.712	3.6	0	0.023	0.066	0.571	0.14	22.673	0.208	0.152
zhangjiafen	1962-10-9	12.2	9.76	0.379	4.391	0.785	4.2	0.004	0.022	0.066	0.622	0.163	22.488	0.196	0.151
zhangjiafen	1962-10-10	12.2	9.634	0.337	4.105	0.524	2.9	0.001	0.021	0.067	0.412	0.112	22.349	0.189	0.15
zhangjiafen	1962-10-11	12.9	9.549	0.133	3.627	0.523	3	0.001	0.02	0.067	0.407	0.116	22.199	0.182	0.149
zhangjiafen	1962-10-12	12.9	9.437	0	3.164	0.36	2.2	0	0.019	0.067	0.275	0.084	22.069	0.169	0.148
zhangjiafen	1962-10-13	12.2	9.285	0	2.625	0.489	3.2	0	0.017	0.067	0.366	0.122	21.888	0.156	0.147
zhangjiafen	1962-10-14	12.2	9.109	0	2.078	0.543	3.9	0	0.015	0.067	0.394	0.149	21.665	0.139	0.146
zhangjiafen	1962-10-15	12.2	8.923	0	1.589	0.519	4.2	0	0.013	0.067	0.36	0.159	21.413	0.119	0.144
zhangjiafen	1962-10-16	12.2	8.73	0	1.265	0.334	3.1	0	0.011	0.067	0.217	0.117	21.184	0.098	0.143
zhangjiafen	1962-10-17	12.2	8.529	0	0.897	0.461	4.8	0	0.009	0.067	0.282	0.18	20.877	0.082	0.141
zhangjiafen	1962-10-18	12.2	8.327	0	0.654	0.326	4	0	0.007	0.067	0.177	0.149	20.584	0.062	0.139
zhangjiafen	1962-10-19	12.2	8.121	0	0.467	0.284	4	0	0.005	0.067	0.136	0.148	20.28	0.048	0.137
zhangjiafen	1962-10-20	12.9	7.922	0	0.332	0.236	3.8	0	0.004	0.067	0.097	0.139	19.975	0.036	0.135
zhangjiafen	1962-10-21	12.2	7.737	0	0.219	0.249	4.5	0	0.003	0.067	0.086	0.164	19.638	0.027	0.133
zhangjiafen	1962-10-22	12.2	7.571	0	0.139	0.222	4.5	0	0.002	0.067	0.06	0.162	19.296	0.019	0.131
zhangjiafen	1962-10-23	12.2	7.423	0	0.097	0.139	3.1	0	0.001	0.067	0.028	0.111	19.003	0.013	0.129
zhangjiafen	1962-10-24	12.2	7.294	0	0.06	0.169	4	0	0.001	0.067	0.027	0.142	18.677	0.01	0.127
zhangjiafen	1962-10-25	12.2	7.181	0.079	0.076	0.163	3.4	0	0.002	0.067	0.043	0.12	18.384	0.019	0.125
zhangjiafen	1962-10-26	12.2	7.089	0.859	0.746	0.212	2.7	0	0.007	0.067	0.118	0.094	18.164	0.064	0.123
zhangjiafen	1962-10-27	12.2	7.075	0	0.513	0.251	2.9	0	0.008	0.067	0.151	0.101	17.95	0.075	0.121
zhangjiafen	1962-10-28	12.2	7.129	0	0.314	0.254	3.4	0	0.007	0.067	0.137	0.117	17.705	0.059	0.12
zhangjiafen	1962-10-29	12.2	7.194	0	0.188	0.186	3	0	0.005	0.067	0.084	0.103	17.457	0.041	0.118
zhangjiafen	1962-10-30	11.5	7.23	0.031	0.126	0.167	3.1	0	0.003	0.067	0.062	0.105	17.198	0.029	0.116
zhangjiafen	1962-10-31	11.5	7.227	0.322	0.356	0.09	1.4	0	0.005	0.067	0.042	0.047	17.013	0.045	0.115
zhangjiafen	1962-11-1	11.5	7.222	0.693	0.796	0.28	3.3	0.001	0.008	0.067	0.169	0.111	16.796	0.074	0.113
zhangjiafen	1962-11-2	11.5	7.259	0.079	0.682	0.169	1.9	0	0.009	0.067	0.105	0.063	16.634	0.08	0.112
zhangjiafen	1962-11-3	11.5	7.321	0	0.52	0.145	1.8	0	0.008	0.067	0.086	0.06	16.465	0.069	0.111
zhangjiafen	1962-11-4	11.5	7.372	0	0.407	0.094	1.3	0	0.006	0.067	0.051	0.043	16.302	0.057	0.11
zhangjiafen	1962-11-5	10.9	7.392	0	0.293	0.124	1.9	0	0.005	0.067	0.061	0.062	16.11	0.047	0.109
zhangjiafen	1962-11-6	10.9	7.378	0	0.201	0.121	2.1	0	0.004	0.067	0.053	0.069	15.904	0.037	0.107
zhangjiafen	1962-11-7	10.9	7.336	0	0.134	0.107	2.1	0	0.003	0.067	0.039	0.068	15.69	0.027	0.106
zhangjiafen	1962-11-8	10.9	7.273	0	0.093	0.068	1.5	0	0.002	0.067	0.02	0.048	15.489	0.019	0.105
zhangjiafen	1962-11-9	10.9	7.198	0	0.064	0.058	1.4	0	0.002	0.067	0.013	0.045	15.288	0.014	0.103
zhangjiafen	1962-11-10	10.9	7.122	0	0.043	0.058	1.5	0	0.001	0.067	0.01	0.048	15.081	0.01	0.102
zhangjiafen	1962-11-11	10.9	7.049	0.03	0.048	0.07	1.8	0	0.001	0.067	0.013	0.057	14.868	0.011	0.101
zhangjiafen	1962-11-12	10.9	6.984	0.009	0.031	0.066	1.7	0	0.001	0.067	0.013	0.053	14.66	0.012	0.099
zhangjiafen	1962-11-13	10.2	6.937	0	0.013	0.079	2.2	0	0.001	0.067	0.011	0.068	14.434	0.007	0.098
zhangjiafen	1962-11-14	10.2	6.899	0	0.007	0.078	2.4	0	0	0.067	0.004	0.074	14.199	0.003	0.096
zhangjiafen	1962-11-15	10.2	6.858	0.012	0.01	0.056	1.7	0	0	0.067	0.004	0.052	13.989	0.004	0.095
zhangjiafen	1962-11-16	9.5	6.832	0	0.004	0.052	1.6	0	0	0.067	0.003	0.049	13.783	0.003	0.093
zhangjiafen	1962-11-17	9.5	6.816	0	0.003	0.052	1.7	0	0	0.067	0.001	0.051	13.574	0.001	0.092
zhangjiafen	1962-11-18	9.5	6.793	0	0.002	0.048	1.6	0	0	0.067	0	0.048	13.368	0	0.09
zhangjiafen	1962-11-19	9.5	6.77	0.059	0.029	0.08	2.1	0	0.001	0.067	0.018	0.062	13.162	0.013	0.089
zhangjiafen	1962-11-20	9.5	6.76	0.147	0.124	0.061	1.3	0	0.003	0.067	0.023	0.038	12.996	0.026	0.088
zhangjiafen	1962-11-21	10.2	6.765	0	0.069	0.066	1.4	0	0.003	0.067	0.025	0.041	12.828	0.027	0.087
zhangjiafen	1962-11-22	8.89	6.781	0	0.038	0.065	1.7	0	0.002	0.067	0.016	0.049	12.639	0.014	0.085
zhangjiafen	1962-11-23	10.2	6.802	0	0.02	0.058	1.7	0	0.001	0.067	0.009	0.049	12.447	0.008	0.084
zhangjiafen	1962-11-24	10.9	6.818	0	0.01	0.054	1.7	0	0.001	0.067	0.005	0.049	12.253	0.005	0.083
zhangjiafen	1962-11-25	10.2	6.824	0	0.006	0.042	1.4	0	0	0.067	0.002	0.04	12.067	0.002	0.082
zhangjiafen	1962-11-26	10.9	6.82	0	0.004	0.04	1.4	0	0	0.067	0.001	0.039	11.88	0.001	0.08
zhangjiafen	1962-11-27	11.5	6.808	0	0.004	0.039	1.4	0	0	0.067	0	0.039	11.695	0	0.079
zhangjiafen	1962-11-28	10.9	6.793	0	0.004	0.033	1.2	0	0	0.067	0	0.033	11.517	0	0.078
zhangjiafen	1962-11-29	10.9	6.776	0	0.004	0.033	1.2	0	0	0.067	0	0.033	11.34	0	0.077
zhangjiafen	1962-11-30	8.89	6.76	0	0.004	0.046	1.7	0	0	0.067	0	0.046	11.151	0	0.076
zhangjiafen	1962-12-1	11.8	6.745	0	0.004	0.097	3.6	0	0	0.067	0	0.097	10.912	0	0.074
zhangjiafen	1962-12-2	11	6.733	0	0.004	0.064	2.4	0	0	0.067	0	0.064	10.708	0	0.073
zhangjiafen	1962-12-3	10.8	6.724	0	0.004	0.072	2.7	0	0	0.067	0	0.072	10.497	0	0.071
zhangjiafen	1962-12-4	10.7	6.717	0	0.004	0.066	2.5	0	0	0.067	0	0.066	10.295	0	0.07
zhangjiafen	1962-12-5	9.8	6.712	0	0.004	0.062	2.4	0	0	0.067	0	0.062	10.097	0	0.069
zhangjiafen	1962-12-6	11.7	6.709	0	0.004	0.064	2.5	0	0	0.067	0	0.064	9.898	0	0.067
zhangjiafen	1962-12-7	11	6.706	0	0.004	0.064	2.5	0	0	0.067	0	0.064	9.701	0	0.066
zhangjiafen	1962-12-8	9.15	6.705	0	0.004	0.061	2.4	0	0	0.067	0	0.061	9.509	0	0.065
zhangjiafen	1962-12-9	9.15	6.704	0	0.004	0.062	2.5	0	0	0.067	0	0.062	9.316	0	0.063
zhangjiafen	1962-12-10	9.15	6.704	0	0.004	0.062	2.5	0	0	0.067	0	0.062	9.125	0	0.062
zhangjiafen	1962-12-11	8.42	6.704	0.015	0.009	0.07	2.6	0	0	0.067	0.006	0.064	8.937	0.004	0.061
zhangjiafen	1962-12-12	8.02	6.71	0.023	0.015	0.067	2.3	0	0.001	0.067	0.011	0.056	8.762	0.007	0.06
zhangjiafen	1962-12-13	6.45	6.721	0	0.005	0.067	2.5	0	0	0.067	0.007	0.06	8.581	0.004	0.058
zhangjiafen	1962-12-14	6.59	6.73	0	0.004	0.061	2.5	0	0	0.067	0.001	0.059	8.398	0.001	0.057
zhangjiafen	1962-12-15	6.83	6.734	0	0.003	0.057	2.4	0	0	0.067	0	0.056	8.219	0	0.056
zhangjiafen	1962-12-16	9.15	6.733	0	0.003	0.053	2.3	0	0	0.067	0	0.053	8.043	0	0.055
zhangjiafen	1962-12-17	10.3	6.73	0	0.003	0.06	2.6	0	0	0.067	0	0.06	7.863	0	0.054
zhangjiafen	1962-12-18	10.6	6.724	0	0.003	0.057	2.5	0	0	0.067	0	0.057	7.687	0	0.052
zhangjiafen	1962-12-19	8.49	6.717	0	0.003	0.054	2.4	0	0	0.067	0	0.054	7.515	0	0.051
zhangjiafen	1962-12-20	6.79	6.712	0	0.003	0.053	2.4	0	0	0.067	0	0.053	7.344	0	0.05
zhangjiafen	1962-12-21	6.64	6.708	0	0.003	0.05	2.3	0	0	0.067	0	0.05	7.178	0	0.049
zhangjiafen	1962-12-22	7.11	6.706	0	0.003	0.052	2.4	0	0	0.067	0	0.052	7.011	0	0.048
zhangjiafen	1962-12-23	10.3	6.704	0	0.003	0.051	2.4	0	0	0.067	0	0.051	6.846	0	0.047
zhangjiafen	1962-12-24	9.25	6.704	0	0.003	0.051	2.4	0	0	0.067	0	0.051	6.683	0	0.046
zhangjiafen	1962-12-25	9.74	6.704	0	0.003	0.052	2.5	0	0	0.067	0	0.052	6.519	0	0.044
zhangjiafen	1962-12-26	8.3	6.703	0	0.003	0.049	2.4	0	0	0.067	0	0.049	6.359	0	0.043
zhangjiafen	1962-12-27	6.97	6.703	0	0.003	0.047	2.3	0	0	0.067	0	0.047	6.203	0	0.042
zhangjiafen	1962-12-28	7.98	6.703	0	0.003	0.05	2.5	0	0	0.067	0	0.05	6.044	0	0.041
zhangjiafen	1962-12-29	5.67	6.703	0	0.003	0.046	2.3	0	0	0.067	0	0.046	5.891	0	0.04
zhangjiafen	1962-12-30	6.05	6.703	0	0.003	0.045	2.3	0	0	0.067	0	0.045	5.74	0	0.039
zhangjiafen	1962-12-31	6.29	6.703	0	0.003	0.044	2.3	0	0	0.067	0	0.044	5.59	0	0.038
