zhangjiafen	1964-1-1	7.49	6.712	0	0.003	0.028	1.1	0	0	0.067	0	0.028	9.68	0	0.066
zhangjiafen	1964-1-2	7.44	6.712	0	0.003	0.028	1.1	0	0	0.067	0	0.028	9.521	0	0.064
zhangjiafen	1964-1-3	6.91	6.71	0.031	0.022	0.032	1.1	0	0.001	0.067	0.005	0.027	9.37	0.006	0.063
zhangjiafen	1964-1-4	7.35	6.712	0.012	0.018	0.033	1.1	0	0.001	0.067	0.006	0.027	9.221	0.008	0.062
zhangjiafen	1964-1-5	7.52	6.721	0.014	0.018	0.033	1.1	0	0.001	0.067	0.006	0.027	9.074	0.008	0.061
zhangjiafen	1964-1-6	7.14	6.731	0.062	0.052	0.038	1.1	0	0.002	0.067	0.011	0.027	8.935	0.015	0.06
zhangjiafen	1964-1-7	7.76	6.743	0.112	0.115	0.046	1.1	0	0.003	0.067	0.02	0.026	8.808	0.027	0.06
zhangjiafen	1964-1-8	6.82	6.772	0	0.066	0.046	1.1	0	0.003	0.067	0.02	0.026	8.683	0.026	0.059
zhangjiafen	1964-1-9	6.38	6.815	0.083	0.114	0.04	1.1	0	0.002	0.067	0.014	0.026	8.55	0.018	0.058
zhangjiafen	1964-1-10	5.94	6.853	0.556	0.562	0.07	1.1	0	0.006	0.067	0.044	0.026	8.458	0.058	0.057
zhangjiafen	1964-1-11	6.44	6.918	0.405	0.807	0.09	1.1	0.001	0.009	0.067	0.065	0.026	8.394	0.085	0.056
zhangjiafen	1964-1-12	7.54	7.034	0.085	0.723	0.094	1.1	0	0.01	0.067	0.068	0.026	8.336	0.09	0.056
zhangjiafen	1964-1-13	8.1	7.183	0.003	0.574	0.087	1.1	0	0.009	0.067	0.062	0.026	8.269	0.081	0.056
zhangjiafen	1964-1-14	7.13	7.321	0.23	0.661	0.083	1.1	0	0.009	0.067	0.058	0.025	8.198	0.077	0.055
zhangjiafen	1964-1-15	7.68	7.418	0.192	0.711	0.083	1.1	0.001	0.008	0.067	0.057	0.025	8.126	0.075	0.055
zhangjiafen	1964-1-16	8.91	7.468	0	0.582	0.078	1.1	0	0.008	0.067	0.053	0.025	8.049	0.069	0.054
zhangjiafen	1964-1-17	7.82	7.482	0	0.47	0.071	1.1	0	0.007	0.067	0.046	0.025	7.963	0.06	0.054
zhangjiafen	1964-1-18	7.82	7.473	0	0.374	0.064	1.1	0	0.006	0.067	0.039	0.025	7.869	0.051	0.053
zhangjiafen	1964-1-19	6.44	7.446	0	0.294	0.057	1.1	0	0.005	0.067	0.033	0.025	7.768	0.043	0.052
zhangjiafen	1964-1-20	6.72	7.404	0.054	0.274	0.055	1.1	0	0.004	0.067	0.03	0.025	7.664	0.04	0.052
zhangjiafen	1964-1-21	7.35	7.352	0	0.208	0.051	1.1	0	0.004	0.067	0.027	0.024	7.558	0.036	0.051
zhangjiafen	1964-1-22	6.8	7.295	0	0.153	0.046	1.1	0	0.003	0.067	0.022	0.024	7.445	0.029	0.05
zhangjiafen	1964-1-23	6.23	7.238	0.004	0.112	0.042	1.1	0	0.003	0.067	0.018	0.024	7.329	0.024	0.05
zhangjiafen	1964-1-24	6.52	7.183	0	0.076	0.038	1.1	0	0.002	0.067	0.014	0.024	7.208	0.019	0.049
zhangjiafen	1964-1-25	6.21	7.133	0	0.051	0.034	1.1	0	0.002	0.067	0.01	0.024	7.083	0.014	0.048
zhangjiafen	1964-1-26	6.34	7.085	0.055	0.078	0.034	1.1	0	0.002	0.067	0.011	0.023	6.96	0.015	0.047
zhangjiafen	1964-1-27	6.21	7.04	0.485	0.463	0.063	1.1	0	0.006	0.067	0.04	0.023	6.878	0.054	0.046
zhangjiafen	1964-1-28	6.16	7.036	0.011	0.354	0.072	1.1	0	0.007	0.067	0.049	0.023	6.806	0.065	0.046
zhangjiafen	1964-1-29	6.44	7.079	0.003	0.259	0.062	1.1	0	0.006	0.067	0.039	0.023	6.723	0.053	0.045
zhangjiafen	1964-1-30	6.09	7.136	0	0.181	0.054	1.1	0	0.005	0.067	0.031	0.023	6.631	0.042	0.045
zhangjiafen	1964-1-31	5.57	7.183	0	0.122	0.047	1.1	0	0.004	0.067	0.024	0.023	6.529	0.032	0.044
zhangjiafen	1964-2-1	5.64	7.204	0	0.078	0.04	1.1	0	0.003	0.067	0.018	0.022	6.42	0.024	0.043
zhangjiafen	1964-2-2	5.7	7.194	0.006	0.051	0.036	1.1	0	0.002	0.067	0.013	0.022	6.306	0.018	0.043
zhangjiafen	1964-2-3	7.04	7.164	0.064	0.08	0.037	1.1	0	0.002	0.067	0.014	0.022	6.194	0.02	0.042
zhangjiafen	1964-2-4	7.59	7.144	0.456	0.447	0.057	1.1	0	0.005	0.067	0.035	0.022	6.111	0.047	0.041
zhangjiafen	1964-2-5	8.4	7.15	2.32	2.525	0.12	1.1	0.002	0.014	0.067	0.098	0.022	6.109	0.127	0.041
zhangjiafen	1964-2-6	9.36	7.293	1.254	3.438	0.161	1.1	0.007	0.019	0.067	0.139	0.022	6.154	0.175	0.041
zhangjiafen	1964-2-7	9.36	7.631	1.237	4.289	0.18	1.1	0.01	0.022	0.067	0.158	0.022	6.22	0.195	0.041
zhangjiafen	1964-2-8	9.72	8.097	0.337	4.231	0.188	1.1	0.003	0.023	0.067	0.166	0.022	6.294	0.204	0.041
zhangjiafen	1964-2-9	8.92	8.528	0.28	4.118	0.187	1.1	0.002	0.022	0.067	0.165	0.022	6.365	0.202	0.042
zhangjiafen	1964-2-10	7.82	8.82	0.033	3.772	0.182	1.1	0	0.022	0.067	0.16	0.022	6.431	0.197	0.042
zhangjiafen	1964-2-11	9.64	8.969	0	3.409	0.175	1.1	0	0.021	0.067	0.153	0.022	6.488	0.189	0.043
zhangjiafen	1964-2-12	10.8	9.011	0	3.063	0.167	1.1	0	0.02	0.067	0.145	0.022	6.536	0.181	0.043
zhangjiafen	1964-2-13	7.25	8.982	0	2.735	0.159	1.1	0	0.019	0.067	0.137	0.023	6.575	0.172	0.044
zhangjiafen	1964-2-14	6.48	8.915	0	2.426	0.151	1.1	0	0.018	0.067	0.129	0.023	6.604	0.163	0.044
zhangjiafen	1964-2-15	6.48	8.83	0.276	2.401	0.147	1.1	0.002	0.017	0.067	0.124	0.023	6.627	0.157	0.044
zhangjiafen	1964-2-16	7.31	8.768	0.097	2.206	0.144	1.1	0.001	0.017	0.067	0.121	0.023	6.647	0.154	0.044
zhangjiafen	1964-2-17	6.24	8.704	0	1.93	0.137	1.1	0	0.016	0.067	0.114	0.023	6.659	0.146	0.044
zhangjiafen	1964-2-18	5.98	8.63	0	1.672	0.129	1.1	0	0.015	0.067	0.106	0.023	6.661	0.136	0.044
zhangjiafen	1964-2-19	5.72	8.547	0	1.433	0.121	1.1	0	0.014	0.067	0.098	0.023	6.654	0.127	0.044
zhangjiafen	1964-2-20	5.88	8.457	0.01	1.223	0.113	1.1	0	0.013	0.067	0.09	0.023	6.636	0.117	0.044
zhangjiafen	1964-2-21	5.62	8.36	0	1.022	0.105	1.1	0	0.012	0.067	0.082	0.023	6.609	0.107	0.044
zhangjiafen	1964-2-22	5.5	8.258	0	0.841	0.096	1.1	0	0.011	0.067	0.074	0.023	6.572	0.097	0.044
zhangjiafen	1964-2-23	5.75	8.153	0	0.68	0.088	1.1	0	0.01	0.067	0.066	0.023	6.525	0.086	0.044
zhangjiafen	1964-2-24	5.88	8.045	0	0.537	0.08	1.1	0	0.008	0.067	0.058	0.022	6.469	0.076	0.043
zhangjiafen	1964-2-25	6.25	7.936	0.296	0.691	0.08	1.1	0.001	0.008	0.067	0.057	0.022	6.412	0.076	0.043
zhangjiafen	1964-2-26	7.3	7.829	0.072	0.621	0.08	1.1	0	0.008	0.067	0.058	0.022	6.356	0.076	0.043
zhangjiafen	1964-2-27	7.58	7.743	0	0.495	0.073	1.1	0	0.008	0.067	0.051	0.022	6.292	0.068	0.042
zhangjiafen	1964-2-28	7.3	7.673	0	0.389	0.065	1.1	0	0.006	0.067	0.043	0.022	6.218	0.057	0.042
zhangjiafen	1964-2-29	7.02	7.606	0	0.302	0.057	1.1	0	0.005	0.067	0.036	0.022	6.135	0.047	0.041
zhangjiafen	1964-3-1	8.18	7.533	0	0.191	0.124	2.7	0	0.004	0.067	0.071	0.053	6.012	0.038	0.041
zhangjiafen	1964-3-2	8.91	7.451	0.213	0.286	0.126	2.7	0	0.004	0.067	0.073	0.053	5.892	0.04	0.04
zhangjiafen	1964-3-3	10.3	7.37	0.713	0.774	0.193	2.7	0.001	0.008	0.067	0.14	0.052	5.81	0.076	0.039
zhangjiafen	1964-3-4	10.9	7.351	0.017	0.541	0.208	2.7	0	0.009	0.067	0.157	0.052	5.737	0.084	0.038
zhangjiafen	1964-3-5	10.8	7.391	0.396	0.691	0.205	2.7	0.001	0.009	0.067	0.154	0.051	5.663	0.083	0.038
zhangjiafen	1964-3-6	10.8	7.459	0.01	0.469	0.197	2.7	0	0.009	0.067	0.146	0.051	5.586	0.078	0.037
zhangjiafen	1964-3-7	11.2	7.516	0.097	0.376	0.171	2.7	0	0.007	0.067	0.12	0.051	5.496	0.065	0.037
zhangjiafen	1964-3-8	11.9	7.531	0.044	0.264	0.149	2.7	0	0.006	0.067	0.099	0.05	5.396	0.054	0.036
zhangjiafen	1964-3-9	8.06	7.5	0	0.151	0.122	2.7	0	0.004	0.067	0.072	0.05	5.284	0.039	0.035
zhangjiafen	1964-3-10	10	7.433	0.725	0.694	0.162	2.7	0.001	0.007	0.067	0.113	0.049	5.193	0.061	0.035
zhangjiafen	1964-3-11	9.05	7.372	3.814	4.083	0.288	2.2	0.002	0.017	0.067	0.248	0.04	5.209	0.157	0.035
zhangjiafen	1964-3-12	12.2	7.546	1.352	4.863	0.377	2.2	0.007	0.023	0.065	0.337	0.04	5.274	0.205	0.035
zhangjiafen	1964-3-13	13	7.891	0.907	5.156	0.404	2.2	0.007	0.024	0.066	0.363	0.04	5.353	0.22	0.035
zhangjiafen	1964-3-14	13	8.355	3.025	7.45	0.47	2.3	0.033	0.027	0.063	0.428	0.042	5.455	0.243	0.036
zhangjiafen	1964-3-15	12.2	9.164	0.683	7.353	0.527	2.4	0.01	0.029	0.052	0.483	0.045	5.581	0.259	0.036
zhangjiafen	1964-3-16	10.5	9.575	0.118	6.717	0.516	2.4	0.002	0.028	0.056	0.47	0.045	5.695	0.253	0.037
zhangjiafen	1964-3-17	9.53	9.56	0.111	6.106	0.495	2.4	0.001	0.027	0.062	0.449	0.046	5.793	0.244	0.038
zhangjiafen	1964-3-18	9.21	9.453	0.245	5.657	0.476	2.4	0.004	0.026	0.064	0.43	0.046	5.879	0.235	0.039
zhangjiafen	1964-3-19	9.53	9.387	0	5	0.454	2.4	0	0.025	0.065	0.408	0.046	5.953	0.225	0.039
zhangjiafen	1964-3-20	9.53	9.361	0	4.381	0.429	2.4	0	0.024	0.066	0.382	0.047	6.014	0.213	0.04
zhangjiafen	1964-3-21	14.2	9.328	0.581	4.359	0.416	2.4	0.006	0.023	0.066	0.369	0.047	6.067	0.206	0.04
zhangjiafen	1964-3-22	12.6	9.302	0.128	3.787	0.54	3.2	0.001	0.022	0.066	0.477	0.063	6.098	0.201	0.04
zhangjiafen	1964-3-23	11.9	9.281	0.096	3.232	0.505	3.2	0.001	0.021	0.067	0.442	0.063	6.116	0.188	0.041
zhangjiafen	1964-3-24	10.5	9.234	0.189	2.814	0.473	3.2	0.001	0.02	0.067	0.41	0.063	6.121	0.176	0.041
zhangjiafen	1964-3-25	10.2	9.167	0	2.258	0.438	3.2	0	0.018	0.067	0.375	0.063	6.112	0.162	0.041
zhangjiafen	1964-3-26	9.85	9.06	0	1.704	0.469	3.8	0	0.016	0.067	0.394	0.075	6.074	0.145	0.041
zhangjiafen	1964-3-27	8.9	8.921	0	1.23	0.41	3.8	0	0.014	0.067	0.335	0.075	6.017	0.125	0.04
zhangjiafen	1964-3-28	9.53	8.759	0	0.809	0.395	4.3	0	0.011	0.067	0.31	0.084	5.929	0.103	0.04
zhangjiafen	1964-3-29	9.85	8.578	0.038	0.554	0.278	3.7	0	0.009	0.067	0.206	0.072	5.83	0.08	0.039
zhangjiafen	1964-3-30	14.2	8.38	0.606	0.796	0.354	4.5	0.001	0.01	0.067	0.267	0.087	5.724	0.086	0.039
zhangjiafen	1964-3-31	16.6	8.19	1.325	1.8	0.232	2.3	0.003	0.013	0.067	0.188	0.044	5.691	0.117	0.038
zhangjiafen	1964-4-1	13.4	8.081	1.877	3.114	0.44	3.3	0.01	0.018	0.067	0.377	0.063	5.682	0.158	0.038
zhangjiafen	1964-4-2	11.6	8.153	0.583	3.27	0.263	1.8	0.005	0.019	0.066	0.229	0.034	5.719	0.174	0.038
zhangjiafen	1964-4-3	13	8.367	0.575	3.267	0.433	2.9	0.003	0.02	0.066	0.377	0.055	5.737	0.177	0.038
zhangjiafen	1964-4-4	17	8.591	12.057	13.854	1.173	5	0.09	0.03	0.045	1.077	0.095	5.83	0.272	0.038
zhangjiafen	1964-4-5	19.7	9.559	3.286	16.684	0	0	0.087	0.037	0.023	0	0	6.101	0.333	0.039
zhangjiafen	1964-4-6	27.6	11.293	0.976	16.393	0.913	2.9	0.028	0.038	0.022	0.856	0.057	6.326	0.345	0.041
zhangjiafen	1964-4-7	17	11.893	0.437	16.029	0.435	1.4	0.014	0.038	0.023	0.407	0.028	6.574	0.342	0.042
zhangjiafen	1964-4-8	13.8	11.317	0.003	14.832	0.885	2.9	0	0.037	0.025	0.826	0.059	6.782	0.336	0.044
zhangjiafen	1964-4-9	11.6	10.191	0.571	14.58	0.476	1.6	0.015	0.037	0.026	0.443	0.033	7.007	0.329	0.045
zhangjiafen	1964-4-10	12.2	9.192	6.183	19.623	0.608	1.9	0.184	0.039	0.024	0.568	0.04	7.245	0.349	0.047
zhangjiafen	1964-4-11	12.2	10.613	1.437	20.406	0.206	0.6	0.051	0.041	0.023	0.193	0.013	7.529	0.369	0.048
zhangjiafen	1964-4-12	14.2	13.008	0.697	20.535	0.139	0.4	0.025	0.041	0.024	0.13	0.009	7.819	0.372	0.05
zhangjiafen	1964-4-13	12.6	13.433	1.629	21.554	0.141	0.4	0.059	0.042	0.024	0.132	0.009	8.111	0.377	0.052
zhangjiafen	1964-4-14	12.2	12.893	1.732	22.484	0.326	0.9	0.07	0.043	0.023	0.306	0.021	8.397	0.384	0.054
zhangjiafen	1964-4-15	12.2	12.534	0.449	22.037	0.475	1.3	0.022	0.043	0.023	0.444	0.03	8.674	0.386	0.056
zhangjiafen	1964-4-16	12.2	11.826	7.873	29.13	0	0	0.33	0.045	0.024	0	0	8.997	0.405	0.058
zhangjiafen	1964-4-17	14.2	18.672	1.929	29.785	0.751	1.8	0.091	0.048	0.024	0.707	0.043	9.299	0.429	0.06
zhangjiafen	1964-4-18	15	21.166	4.532	33.205	0.387	0.9	0.258	0.049	0.025	0.365	0.022	9.629	0.44	0.062
zhangjiafen	1964-4-19	15.4	26.632	7.35	39.566	0	0	0.473	0.052	0.026	0	0	10.004	0.465	0.064
zhangjiafen	1964-4-20	22	38.279	4.348	43.037	0.049	0.1	0.285	0.055	0.026	0.046	0.003	10.4	0.491	0.067
zhangjiafen	1964-4-21	23.5	38.205	0.095	41.165	1.486	3	0.006	0.055	0.027	1.408	0.078	10.724	0.498	0.069
zhangjiafen	1964-4-22	22.5	29.781	0.017	38.401	2.369	4.9	0.001	0.054	0.028	2.239	0.129	10.981	0.486	0.071
zhangjiafen	1964-4-23	20.1	22	1.88	38.116	1.612	3.4	0.113	0.053	0.028	1.522	0.091	11.266	0.477	0.073
zhangjiafen	1964-4-24	19.2	17.66	3.56	39.782	1.198	2.5	0.229	0.053	0.029	1.13	0.068	11.576	0.481	0.075
zhangjiafen	1964-4-25	20.1	20.335	0.631	37.298	2.685	5.6	0.049	0.053	0.029	2.532	0.154	11.797	0.481	0.077
zhangjiafen	1964-4-26	20.1	20.04	0	34.298	2.639	5.7	0	0.052	0.03	2.481	0.158	11.996	0.466	0.079
zhangjiafen	1964-4-27	18.4	17.63	0	31.879	2.048	4.6	0	0.05	0.031	1.92	0.129	12.206	0.45	0.08
zhangjiafen	1964-4-28	16.2	14.932	0.906	30.306	2.077	4.8	0.048	0.049	0.032	1.942	0.135	12.396	0.439	0.081
zhangjiafen	1964-4-29	15	12.949	2.774	32.084	0.388	0.9	0.147	0.049	0.032	0.363	0.026	12.693	0.438	0.083
zhangjiafen	1964-4-30	14.2	13.727	2.207	32.393	1.365	3.1	0.128	0.049	0.033	1.276	0.089	12.932	0.445	0.085
zhangjiafen	1964-5-1	15.8	17.228	0.264	29.679	2.651	6.1	0.015	0.049	0.034	2.474	0.177	13.074	0.44	0.086
zhangjiafen	1964-5-2	15	17.085	0.173	26.322	3.281	7.9	0.01	0.047	0.034	3.05	0.231	13.145	0.423	0.087
zhangjiafen	1964-5-3	13.4	15.168	0.097	23.68	2.472	6.3	0.004	0.045	0.035	2.288	0.185	13.24	0.403	0.088
zhangjiafen	1964-5-4	12.2	13.114	0	21.023	2.421	6.5	0	0.043	0.036	2.23	0.191	13.31	0.385	0.088
zhangjiafen	1964-5-5	12.2	11.422	0	18.142	2.701	7.7	0	0.041	0.038	2.474	0.227	13.323	0.366	0.089
zhangjiafen	1964-5-6	11.6	10.152	0.196	15.302	2.909	8.9	0.006	0.038	0.04	2.647	0.262	13.277	0.345	0.089
zhangjiafen	1964-5-7	11.2	9.296	1.074	14.397	1.752	5.7	0.03	0.036	0.042	1.585	0.168	13.308	0.328	0.088
zhangjiafen	1964-5-8	10.5	9.029	0.675	13.569	1.251	4.2	0.021	0.035	0.043	1.127	0.124	13.372	0.319	0.089
zhangjiafen	1964-5-9	11.9	9.275	0	11.37	2.076	7.3	0	0.034	0.045	1.86	0.215	13.329	0.306	0.089
zhangjiafen	1964-5-10	11.6	9.349	0.001	9.394	1.875	7.2	0	0.031	0.047	1.663	0.212	13.264	0.283	0.089
zhangjiafen	1964-5-11	10.5	9.113	0	7.47	1.869	7.9	0	0.029	0.051	1.638	0.232	13.152	0.259	0.088
zhangjiafen	1964-5-12	10.2	8.804	0	5.884	1.542	7.3	0	0.026	0.057	1.329	0.213	13.026	0.232	0.087
zhangjiafen	1964-5-13	9.53	8.637	0.122	4.332	1.708	9	0.001	0.023	0.063	1.446	0.261	12.825	0.209	0.087
zhangjiafen	1964-5-14	8.9	8.601	0	2.859	1.564	9.7	0	0.02	0.065	1.284	0.279	12.571	0.176	0.085
zhangjiafen	1964-5-15	8.9	8.614	0.034	1.431	1.704	12.9	0	0.016	0.067	1.337	0.368	12.195	0.142	0.083
zhangjiafen	1964-5-16	8.9	8.611	1.208	2.269	0.313	2.8	0.007	0.013	0.067	0.234	0.079	12.084	0.116	0.081
zhangjiafen	1964-5-17	9.21	8.612	0	1.808	0.437	3.8	0	0.013	0.067	0.331	0.106	11.95	0.119	0.08
zhangjiafen	1964-5-18	9.53	8.584	0	1.313	0.534	5.3	0	0.011	0.067	0.388	0.147	11.758	0.101	0.079
zhangjiafen	1964-5-19	9.53	8.482	0.034	0.926	0.486	5.6	0	0.009	0.067	0.332	0.154	11.542	0.083	0.078
zhangjiafen	1964-5-20	8.58	8.311	0.573	1.053	0.522	6.1	0.001	0.009	0.067	0.356	0.166	11.315	0.082	0.076
zhangjiafen	1964-5-21	8.27	8.187	0.13	0.736	0.551	6.8	0	0.008	0.067	0.368	0.183	11.066	0.076	0.075
zhangjiafen	1964-5-22	7.67	8.085	0.6	0.746	0.734	8.6	0.002	0.009	0.067	0.505	0.229	10.781	0.084	0.073
zhangjiafen	1964-5-23	6.8	7.972	0.014	0.486	0.337	4.8	0	0.007	0.067	0.211	0.126	10.579	0.063	0.071
zhangjiafen	1964-5-24	6.22	7.82	0	0.206	0.489	8.8	0	0.005	0.067	0.26	0.228	10.256	0.042	0.07
zhangjiafen	1964-5-25	5.39	7.654	0	0.082	0.345	8.9	0	0.002	0.067	0.118	0.227	9.913	0.019	0.068
zhangjiafen	1964-5-26	4.85	7.462	0.053	0.063	0.183	5	0	0.002	0.067	0.057	0.125	9.672	0.017	0.065
zhangjiafen	1964-5-27	4.85	7.272	0.079	0.06	0.214	5.9	0	0.002	0.067	0.068	0.146	9.412	0.017	0.064
zhangjiafen	1964-5-28	4.85	7.153	0.031	0.016	0.297	8.5	0	0.002	0.067	0.089	0.207	9.091	0.016	0.062
zhangjiafen	1964-5-29	4.58	7.066	0.892	0.516	0.48	6.8	0	0.008	0.067	0.317	0.163	8.869	0.069	0.06
zhangjiafen	1964-5-30	4.58	7.042	2.216	1.894	0.887	8	0.003	0.014	0.067	0.698	0.189	8.678	0.124	0.059
zhangjiafen	1964-5-31	7.67	7.164	8.391	9.143	0.963	4.9	0.04	0.025	0.061	0.849	0.115	8.672	0.228	0.058
zhangjiafen	1964-6-1	11.2	7.827	2.638	10.779	0.704	2.8	0.05	0.031	0.041	0.639	0.066	8.791	0.283	0.058
zhangjiafen	1964-6-2	11.9	9.123	0.021	8.923	1.721	6.8	0	0.032	0.04	1.561	0.161	8.816	0.284	0.059
zhangjiafen	1964-6-3	11.9	9.417	0.015	6.773	2.091	9.1	0	0.029	0.047	1.876	0.215	8.756	0.26	0.059
zhangjiafen	1964-6-4	9.53	9.17	0.362	5.848	1.159	5.7	0.005	0.026	0.055	1.024	0.134	8.74	0.232	0.058
zhangjiafen	1964-6-5	9.53	9.05	0.067	4.258	1.632	8.8	0.001	0.024	0.059	1.424	0.207	8.627	0.212	0.058
zhangjiafen	1964-6-6	9.21	8.903	0.474	3.503	1.194	7.4	0.006	0.02	0.063	1.021	0.173	8.517	0.184	0.057
zhangjiafen	1964-6-7	8.9	8.84	0.027	2.527	1	7.1	0	0.018	0.064	0.835	0.165	8.39	0.159	0.056
zhangjiafen	1964-6-8	9.21	8.79	0.407	1.976	0.98	7.7	0.001	0.016	0.066	0.803	0.177	8.235	0.143	0.055
zhangjiafen	1964-6-9	10.5	8.705	5.279	6.647	0.416	2.4	0.024	0.022	0.064	0.361	0.055	8.263	0.202	0.055
zhangjiafen	1964-6-10	10.5	8.798	1.923	6.99	1.429	6.6	0.025	0.028	0.056	1.278	0.151	8.25	0.249	0.055
zhangjiafen	1964-6-11	13.4	9.282	0.16	5.506	1.543	7.4	0.003	0.027	0.058	1.374	0.169	8.208	0.241	0.055
zhangjiafen	1964-6-12	12.2	9.604	1.581	5.493	1.5	7.6	0.014	0.025	0.06	1.326	0.174	8.148	0.228	0.054
zhangjiafen	1964-6-13	12.2	10.074	0.621	5.202	0.755	4	0.007	0.024	0.061	0.664	0.091	8.161	0.218	0.054
zhangjiafen	1964-6-14	11.2	9.916	0	4.026	1.086	6.1	0	0.023	0.062	0.947	0.139	8.112	0.206	0.054
zhangjiafen	1964-6-15	10.5	9.492	0	2.684	1.341	8.6	0	0.02	0.063	1.146	0.195	7.98	0.179	0.053
zhangjiafen	1964-6-16	10.2	9.108	0.044	1.77	0.983	7.8	0	0.016	0.065	0.808	0.175	7.829	0.142	0.052
zhangjiafen	1964-6-17	9.21	8.87	1.718	2.42	1.097	8.6	0.005	0.016	0.066	0.906	0.191	7.665	0.146	0.051
zhangjiafen	1964-6-18	9.85	8.858	5.342	7.109	0.457	2.7	0.04	0.022	0.059	0.398	0.059	7.69	0.194	0.05
zhangjiafen	1964-6-19	13.4	9.906	2.599	8.472	1.024	4.7	0.039	0.028	0.052	0.921	0.103	7.731	0.248	0.051
zhangjiafen	1964-6-20	13.8	10.745	0.002	7.048	1.276	5.8	0	0.028	0.053	1.148	0.128	7.749	0.251	0.052
zhangjiafen	1964-6-21	11.2	10.06	0.194	5.786	1.347	6.7	0.002	0.026	0.055	1.199	0.148	7.723	0.23	0.052
zhangjiafen	1964-6-22	9.53	9.227	0.26	4.572	1.41	7.7	0.001	0.023	0.058	1.239	0.17	7.654	0.21	0.051
zhangjiafen	1964-6-23	8.58	8.725	0.121	3.337	1.335	8.3	0.003	0.02	0.06	1.152	0.183	7.544	0.184	0.051
zhangjiafen	1964-6-24	8.58	8.628	0.504	2.938	0.871	6.4	0.008	0.017	0.061	0.731	0.14	7.446	0.153	0.05
zhangjiafen	1964-6-25	10.8	8.806	0.321	2.24	1.046	8.3	0.001	0.016	0.063	0.866	0.18	7.294	0.141	0.05
zhangjiafen	1964-6-26	9.21	8.709	1.159	2.576	0.783	6	0.002	0.017	0.065	0.655	0.129	7.202	0.15	0.049
zhangjiafen	1964-6-27	9.21	8.579	1.146	2.473	1.248	8.8	0.005	0.018	0.066	1.06	0.188	7.066	0.166	0.048
zhangjiafen	1964-6-28	8.9	8.546	0.641	1.804	1.352	10.1	0.002	0.017	0.067	1.139	0.213	6.895	0.156	0.047
zhangjiafen	1964-6-29	7.96	8.521	6.455	7.237	0.866	4.9	0.028	0.023	0.063	0.764	0.102	6.892	0.208	0.046
zhangjiafen	1964-6-30	8.27	9	1.666	7.575	1.126	5.2	0.033	0.028	0.05	1.017	0.109	6.938	0.249	0.046
zhangjiafen	1964-7-1	11.2	9.479	0.601	6.619	1.42	6.7	0.009	0.027	0.05	1.279	0.141	6.944	0.243	0.046
zhangjiafen	1964-7-2	9.85	9.469	3.944	8.605	1.786	8.1	0.062	0.028	0.048	1.616	0.17	6.931	0.252	0.046
zhangjiafen	1964-7-3	8.5	9.936	14.429	20.494	2.097	6.9	0.215	0.037	0.02	1.952	0.145	7.056	0.336	0.046
zhangjiafen	1964-7-4	15.2	14.327	0.019	18.89	1.285	3.7	0.001	0.042	0.018	1.207	0.079	7.287	0.374	0.047
zhangjiafen	1964-7-5	29.6	14.287	0.001	17.053	1.536	4.6	0	0.04	0.019	1.436	0.1	7.482	0.362	0.049
zhangjiafen	1964-7-6	18.8	12.602	19.874	35.635	0.238	0.6	0.606	0.046	0.019	0.225	0.013	7.815	0.415	0.05
zhangjiafen	1964-7-7	18.8	21.088	12.544	46.648	0.196	0.4	0.794	0.055	0.019	0.187	0.009	8.23	0.495	0.052
zhangjiafen	1964-7-8	20.1	44.865	0.978	43.969	3.157	6.1	0.064	0.058	0.02	3.015	0.141	8.534	0.52	0.055
zhangjiafen	1964-7-9	17.5	46.417	0	39.413	4.195	8.4	0	0.056	0.021	3.997	0.198	8.761	0.502	0.057
zhangjiafen	1964-7-10	13.8	34.999	1.803	39.046	1.592	3.3	0.116	0.054	0.021	1.513	0.079	9.088	0.487	0.058
zhangjiafen	1964-7-11	12.6	27.614	1.404	37.792	2.159	4.5	0.071	0.054	0.022	2.049	0.11	9.379	0.483	0.061
zhangjiafen	1964-7-12	13	23.812	3.203	36.309	4.186	8.8	0.186	0.053	0.023	3.967	0.218	9.554	0.479	0.063
zhangjiafen	1964-7-13	13.3	24.17	1.594	36.141	1.215	2.6	0.088	0.052	0.023	1.15	0.065	9.874	0.471	0.064
zhangjiafen	1964-7-14	14.6	22.605	5.361	38.114	2.66	5.6	0.34	0.053	0.024	2.517	0.143	10.118	0.478	0.066
zhangjiafen	1964-7-15	18.7	22.674	12.267	47.918	1.217	2.4	0.746	0.056	0.025	1.156	0.062	10.471	0.506	0.067
zhangjiafen	1964-7-16	105	51.215	2.605	47.208	2.669	5	0.186	0.059	0.025	2.538	0.131	10.775	0.531	0.07
zhangjiafen	1964-7-17	31.8	45.067	0.097	44.129	2.727	5.2	0.008	0.058	0.026	2.589	0.139	11.06	0.522	0.072
zhangjiafen	1964-7-18	18.7	32.756	0.5	42.001	2.142	4.2	0.035	0.056	0.027	2.028	0.114	11.354	0.508	0.074
zhangjiafen	1964-7-19	15	25.519	2.686	42.178	1.867	3.7	0.185	0.056	0.028	1.766	0.101	11.653	0.503	0.076
zhangjiafen	1964-7-20	13.4	21.591	28.822	66.948	1.483	2.6	2.012	0.063	0.028	1.411	0.072	12.04	0.566	0.078
zhangjiafen	1964-7-21	20.9	94.002	6.257	70.377	1.528	2.4	0.654	0.071	0.029	1.46	0.068	12.505	0.642	0.08
zhangjiafen	1964-7-22	37.3	117.411	0	67.283	2.49	3.9	0	0.072	0.03	2.378	0.112	12.923	0.644	0.083
zhangjiafen	1964-7-23	23.4	64.915	0.055	63.602	3.184	5.1	0.006	0.07	0.031	3.035	0.149	13.282	0.626	0.086
zhangjiafen	1964-7-24	18.8	37.541	0.111	59.963	3.223	5.3	0.011	0.067	0.032	3.066	0.157	13.61	0.606	0.089
zhangjiafen	1964-7-25	16.6	25.09	2.569	60.208	1.498	2.5	0.24	0.066	0.033	1.423	0.075	14.006	0.595	0.091
zhangjiafen	1964-7-26	15.4	22.596	1.009	57.806	2.8	4.7	0.098	0.066	0.034	2.657	0.143	14.326	0.59	0.093
zhangjiafen	1964-7-27	15	22.425	4.121	58.867	2.132	3.6	0.387	0.065	0.035	2.021	0.111	14.671	0.586	0.096
zhangjiafen	1964-7-28	20.6	28.797	2.049	58.216	1.958	3.3	0.192	0.065	0.036	1.855	0.103	15.022	0.587	0.098
zhangjiafen	1964-7-29	18.2	32.495	4.023	58.233	3.144	5.3	0.378	0.065	0.037	2.977	0.167	15.305	0.587	0.1
zhangjiafen	1964-7-30	32.4	44.54	7.369	62.199	2.168	3.6	0.687	0.066	0.037	2.053	0.115	15.648	0.597	0.102
zhangjiafen	1964-7-31	27.6	58.32	14.621	72.198	2.536	4	1.509	0.071	0.038	2.407	0.129	16.012	0.636	0.104
zhangjiafen	1964-8-1	160	108.653	89.423	138.463	1.885	2.4	11.521	0.983	0.039	1.807	0.078	24.635	8.847	0.107
zhangjiafen	1964-8-2	1150	978.523	21.762	143.36	3.459	3.8	6.166	0.739	0.06	3.31	0.149	30.911	6.65	0.164
zhangjiafen	1964-8-3	712	794.111	11.567	144.07	4.712	5.1	3.156	0.321	0.075	4.488	0.224	33.298	2.892	0.206
zhangjiafen	1964-8-4	529	473.623	0.809	139.972	3.498	3.8	0.183	0.142	0.081	3.324	0.173	34.097	1.274	0.222
zhangjiafen	1964-8-5	343	193.386	9.882	141.625	4.22	4.6	2.239	0.196	0.083	4.008	0.213	35.342	1.769	0.227
zhangjiafen	1964-8-6	262	200.018	1.286	137.627	3.842	4.2	0.272	0.136	0.086	3.644	0.198	36.05	1.227	0.236
zhangjiafen	1964-8-7	196	137.144	0.557	133.091	3.879	4.3	0.115	0.131	0.088	3.674	0.205	36.694	1.177	0.24
zhangjiafen	1964-8-8	127	78.442	14.213	141.029	1.997	2.2	2.885	0.15	0.089	1.891	0.106	37.602	1.348	0.245
zhangjiafen	1964-8-9	114	187.968	16.032	147.082	1.396	1.5	4.277	0.438	0.091	1.322	0.073	41.13	3.943	0.251
zhangjiafen	1964-8-10	136	382.628	2.973	144.824	3.286	3.5	0.648	0.148	0.1	3.106	0.179	41.906	1.33	0.274
zhangjiafen	1964-8-11	195	239.484	0.094	139.735	3.991	4.3	0.02	0.139	0.102	3.768	0.223	42.556	1.254	0.279
zhangjiafen	1964-8-12	165	115.266	16.887	146.994	3.262	3.5	3.929	0.262	0.103	3.079	0.183	44.343	2.357	0.284
zhangjiafen	1964-8-13	175	294.052	3.126	145.891	2.168	2.3	0.703	0.148	0.108	2.045	0.123	45.149	1.333	0.296
zhangjiafen	1964-8-14	187	189.658	2.243	143.295	2.625	2.8	0.648	0.172	0.11	2.474	0.151	46.134	1.546	0.301
zhangjiafen	1964-8-15	174	150.72	0.076	138.419	3.799	4.1	0.016	0.137	0.112	3.575	0.224	46.727	1.237	0.308
zhangjiafen	1964-8-16	131	72.72	3.319	135.26	4.756	5.2	0.673	0.132	0.114	4.47	0.286	47.205	1.189	0.312
zhangjiafen	1964-8-17	117	65.179	3.715	134.042	3.087	3.4	0.741	0.129	0.115	2.899	0.188	47.751	1.164	0.315
zhangjiafen	1964-8-18	108	80.089	1.25	131.824	2.076	2.3	0.249	0.127	0.116	1.948	0.128	48.332	1.144	0.318
zhangjiafen	1964-8-19	104	76.019	0.019	126.848	4.013	4.5	0.004	0.123	0.117	3.761	0.252	48.746	1.106	0.322
zhangjiafen	1964-8-20	84.8	56.43	0	122.797	3.071	3.5	0	0.118	0.118	2.874	0.197	49.166	1.059	0.325
zhangjiafen	1964-8-21	72.4	41.55	10.325	127.172	3.073	3.5	1.896	0.118	0.119	2.875	0.198	49.582	1.061	0.328
zhangjiafen	1964-8-22	94.1	106.854	2.995	123.157	5.627	6.4	0.564	0.118	0.121	5.263	0.364	49.832	1.065	0.331
zhangjiafen	1964-8-23	77.2	111.916	5.234	125.281	0.963	1.1	0.992	0.122	0.121	0.9	0.063	50.412	1.096	0.332
zhangjiafen	1964-8-24	87.8	124.749	2.771	124.302	2.195	2.5	0.518	0.118	0.123	2.051	0.143	50.871	1.061	0.336
zhangjiafen	1964-8-25	78.6	102.518	1.337	121.547	2.878	3.3	0.246	0.116	0.124	2.688	0.19	51.26	1.043	0.339
zhangjiafen	1964-8-26	77.2	79.974	4.858	122.667	1.826	2.1	0.883	0.115	0.125	1.705	0.122	51.707	1.034	0.342
zhangjiafen	1964-8-27	88.5	86.701	5.885	124.67	1.75	2	1.083	0.117	0.126	1.634	0.116	52.169	1.049	0.345
zhangjiafen	1964-8-28	129	119.01	3.871	124.83	1.933	2.2	0.728	0.118	0.127	1.805	0.129	52.627	1.061	0.348
zhangjiafen	1964-8-29	88.5	109.186	0.15	121.266	2.708	3.1	0.028	0.116	0.128	2.526	0.182	53.011	1.044	0.351
zhangjiafen	1964-8-30	69	74.086	0	118.133	2.156	2.5	0	0.112	0.129	2.009	0.147	53.392	1.012	0.353
zhangjiafen	1964-8-31	63.1	50.274	1.308	115.581	2.731	3.2	0.224	0.109	0.13	2.541	0.189	53.702	0.985	0.356
zhangjiafen	1964-9-1	61.3	42.504	0	111.388	3.369	4	0	0.106	0.131	3.132	0.237	53.932	0.955	0.358
zhangjiafen	1964-9-2	58.5	36.917	0.501	108.62	2.324	2.8	0.084	0.103	0.131	2.158	0.167	54.199	0.924	0.36
zhangjiafen	1964-9-3	51.6	33.863	1.887	106.979	2.386	2.9	0.309	0.101	0.132	2.212	0.173	54.439	0.906	0.361
zhangjiafen	1964-9-4	52.4	41.48	0.72	103.431	3.418	4.2	0.117	0.098	0.132	3.167	0.251	54.578	0.885	0.363
zhangjiafen	1964-9-5	46.1	40.914	0	101.284	1.285	1.6	0	0.096	0.133	1.189	0.096	54.847	0.862	0.364
zhangjiafen	1964-9-6	41.7	36.285	0.48	99.132	1.75	2.2	0.075	0.094	0.133	1.618	0.132	55.062	0.846	0.366
zhangjiafen	1964-9-7	38.2	33.53	0.638	97.948	0.868	1.1	0.095	0.092	0.134	0.802	0.066	55.327	0.832	0.367
zhangjiafen	1964-9-8	36.9	32.652	0.452	94.898	2.738	3.5	0.066	0.091	0.134	2.527	0.211	55.43	0.818	0.369
zhangjiafen	1964-9-9	36.9	33.715	7.737	98.642	2.115	2.7	1.13	0.091	0.135	1.952	0.163	55.583	0.82	0.37
zhangjiafen	1964-9-10	35.6	72.602	6.623	102.217	1.195	1.5	1.003	0.094	0.135	1.104	0.091	55.834	0.847	0.371
zhangjiafen	1964-9-11	58.1	103.672	12.738	111.145	0.901	1.1	1.981	0.1	0.136	0.834	0.067	56.155	0.896	0.372
zhangjiafen	1964-9-12	62.2	191.945	0.348	109.171	1.33	1.6	0.059	0.103	0.136	1.233	0.097	56.474	0.926	0.374
zhangjiafen	1964-9-13	56.1	108.275	0.445	106.7	1.978	2.4	0.075	0.101	0.137	1.831	0.146	56.721	0.908	0.376
zhangjiafen	1964-9-14	46.7	64.608	0.234	102.683	3.496	4.3	0.036	0.098	0.138	3.233	0.263	56.825	0.883	0.378
zhangjiafen	1964-9-15	40.3	43.905	0.588	98.399	4.152	5.2	0.095	0.095	0.138	3.833	0.318	56.84	0.851	0.379
zhangjiafen	1964-9-16	37.5	36.542	9.034	101.816	3.585	4.5	1.367	0.094	0.138	3.309	0.276	56.895	0.847	0.379
zhangjiafen	1964-9-17	39.6	89.816	4.56	104.618	0.081	0.1	0.717	0.097	0.138	0.075	0.006	57.24	0.869	0.379
zhangjiafen	1964-9-18	41.7	103.511	0.322	103.395	0.567	0.7	0.049	0.097	0.139	0.524	0.043	57.553	0.876	0.382
zhangjiafen	1964-9-19	39.6	71.514	5.807	105.733	1.706	2.1	0.913	0.098	0.14	1.577	0.129	57.781	0.881	0.384
zhangjiafen	1964-9-20	43.1	85.98	0.888	102.883	2.842	3.5	0.136	0.098	0.14	2.626	0.216	57.918	0.879	0.385
zhangjiafen	1964-9-21	40.3	67.882	0	99.494	2.643	3.3	0	0.095	0.141	2.439	0.204	58.042	0.855	0.386
zhangjiafen	1964-9-22	36.2	49.779	0	96.391	2.367	3	0	0.092	0.141	2.181	0.186	58.158	0.83	0.387
zhangjiafen	1964-9-23	34.9	37.986	0.078	94.41	1.247	1.6	0.011	0.09	0.141	1.148	0.099	58.341	0.811	0.388
zhangjiafen	1964-9-24	33.1	31.368	0.572	92.172	2.006	2.6	0.081	0.088	0.142	1.845	0.161	58.444	0.796	0.389
zhangjiafen	1964-9-25	32.4	29.218	0.536	90.08	1.832	2.4	0.077	0.087	0.142	1.683	0.149	58.545	0.781	0.39
zhangjiafen	1964-9-26	31.2	30.293	0	86.608	2.862	3.8	0	0.085	0.142	2.626	0.236	58.538	0.762	0.39
zhangjiafen	1964-9-27	30	29.137	0	82.809	3.252	4.4	0	0.082	0.142	2.978	0.274	58.47	0.739	0.39
zhangjiafen	1964-9-28	28.9	27.121	0	79.037	3.257	4.5	0	0.079	0.142	2.978	0.28	58.373	0.715	0.39
zhangjiafen	1964-9-29	27.8	25.381	0	76.387	2.059	2.9	0	0.077	0.142	1.879	0.18	58.356	0.694	0.389
zhangjiafen	1964-9-30	28.3	24.184	0.124	73.201	2.793	4	0.014	0.075	0.142	2.545	0.248	58.254	0.677	0.389
zhangjiafen	1964-10-1	26.7	23.559	5.377	76.822	0.419	0.6	0.623	0.075	0.142	0.381	0.037	58.363	0.677	0.388
zhangjiafen	1964-10-2	28.3	41.316	1.256	76.899	0.282	0.4	0.158	0.076	0.142	0.257	0.025	58.496	0.688	0.389
zhangjiafen	1964-10-3	32.4	48.921	1.617	74.737	3.091	4.4	0.201	0.076	0.142	2.818	0.274	58.374	0.684	0.39
zhangjiafen	1964-10-4	27.3	47.945	0	71.044	3.244	4.7	0	0.074	0.142	2.952	0.292	58.217	0.667	0.389
zhangjiafen	1964-10-5	25.7	39.143	0.098	67.899	2.768	4.1	0.011	0.072	0.141	2.513	0.254	58.08	0.647	0.388
zhangjiafen	1964-10-6	25.7	31.817	0	64.447	3.039	4.6	0	0.07	0.141	2.753	0.285	57.896	0.629	0.387
zhangjiafen	1964-10-7	26.2	27.064	0.055	61.947	2.068	3.2	0.006	0.068	0.141	1.87	0.198	57.782	0.612	0.386
zhangjiafen	1964-10-8	25.7	24.562	0.787	60.493	1.656	2.6	0.079	0.067	0.14	1.495	0.161	57.696	0.601	0.385
zhangjiafen	1964-10-9	25.2	25.006	0.004	59.27	0.63	1	0	0.066	0.14	0.568	0.062	57.702	0.593	0.385
zhangjiafen	1964-10-10	25.2	24.514	0.133	58.177	0.624	1	0.012	0.065	0.14	0.562	0.062	57.702	0.586	0.385
zhangjiafen	1964-10-11	24.2	23.714	0.991	57.812	0.683	1.1	0.094	0.065	0.14	0.615	0.068	57.692	0.583	0.385
zhangjiafen	1964-10-12	24.7	25.048	3.689	60.379	0.125	0.2	0.356	0.065	0.14	0.113	0.012	57.743	0.588	0.385
zhangjiafen	1964-10-13	25.7	40.487	0.024	58.837	1.005	1.6	0.003	0.066	0.14	0.906	0.099	57.71	0.592	0.385
zhangjiafen	1964-10-14	25.7	35.753	3.46	60.169	1.256	2	0.339	0.066	0.14	1.132	0.124	57.653	0.591	0.385
zhangjiafen	1964-10-15	25.2	40.946	4.993	63.873	0.128	0.2	0.503	0.067	0.14	0.115	0.012	57.72	0.604	0.384
zhangjiafen	1964-10-16	26.7	58.034	0.115	60.577	3.014	4.7	0.012	0.068	0.14	2.723	0.291	57.512	0.608	0.385
zhangjiafen	1964-10-17	25.2	44.709	0.036	58.988	1.068	1.7	0.003	0.066	0.14	0.963	0.105	57.477	0.593	0.383
zhangjiafen	1964-10-18	24.7	33.675	0	56.833	1.673	2.7	0	0.065	0.14	1.507	0.167	57.371	0.584	0.383
zhangjiafen	1964-10-19	24.2	27.527	0	54.881	1.463	2.4	0	0.064	0.139	1.315	0.148	57.274	0.573	0.382
zhangjiafen	1964-10-20	23.7	24.282	0	52.057	2.454	4.1	0	0.062	0.139	2.202	0.253	57.061	0.561	0.382
zhangjiafen	1964-10-21	22.3	22.578	0	49.826	1.814	3.1	0	0.061	0.139	1.623	0.191	56.899	0.547	0.38
zhangjiafen	1964-10-22	22.3	21.664	0	47.897	1.492	2.6	0	0.06	0.138	1.333	0.16	56.758	0.536	0.379
zhangjiafen	1964-10-23	21.8	21.145	0	46.306	1.128	2	0	0.059	0.138	1.006	0.123	56.645	0.527	0.378
zhangjiafen	1964-10-24	21.4	20.82	0	44.054	1.885	3.4	0	0.058	0.138	1.677	0.208	56.44	0.518	0.378
zhangjiafen	1964-10-25	21.4	20.59	0	42.718	0.869	1.6	0	0.056	0.137	0.772	0.098	56.336	0.507	0.376
zhangjiafen	1964-10-26	21.8	20.4	0	41.26	1.018	1.9	0	0.056	0.137	0.902	0.116	56.208	0.5	0.376
zhangjiafen	1964-10-27	21.8	20.237	0.529	40.824	0.424	0.8	0.041	0.055	0.137	0.375	0.049	56.142	0.495	0.375
zhangjiafen	1964-10-28	21.8	21.696	0.351	39.538	1.208	2.3	0.024	0.055	0.136	1.068	0.14	55.983	0.491	0.374
zhangjiafen	1964-10-29	21.4	21.914	0.71	39.068	0.675	1.3	0.044	0.054	0.136	0.596	0.079	55.88	0.486	0.373
zhangjiafen	1964-10-30	20.9	22.141	2.511	40.127	0.834	1.6	0.172	0.054	0.136	0.737	0.097	55.762	0.488	0.373
zhangjiafen	1964-10-31	21.4	27.033	1.016	37.82	3.07	5.9	0.07	0.054	0.136	2.711	0.359	55.384	0.487	0.372
zhangjiafen	1964-11-1	21.4	27.989	0.175	36.741	0.812	1.6	0.011	0.053	0.135	0.715	0.097	55.258	0.476	0.369
zhangjiafen	1964-11-2	20.5	26.247	0.086	35.595	0.801	1.6	0.005	0.052	0.134	0.704	0.097	55.129	0.47	0.368
zhangjiafen	1964-11-3	19.6	24.055	0.051	34.868	0.296	0.6	0.003	0.052	0.134	0.26	0.036	55.055	0.464	0.368
zhangjiafen	1964-11-4	20.1	22.244	0	33.162	1.366	2.8	0	0.051	0.134	1.196	0.169	54.844	0.459	0.367
zhangjiafen	1964-11-5	19.6	20.971	0	31.331	1.525	3.2	0	0.05	0.133	1.332	0.193	54.601	0.449	0.366
zhangjiafen	1964-11-6	20.1	20.125	0	29.589	1.44	3.1	0	0.049	0.133	1.254	0.186	54.358	0.439	0.364
zhangjiafen	1964-11-7	19.2	19.569	0	28.324	0.907	2	0	0.048	0.132	0.787	0.12	54.173	0.43	0.362
zhangjiafen	1964-11-8	19.2	19.193	0	27.238	0.712	1.6	0	0.047	0.132	0.616	0.096	54.007	0.423	0.361
zhangjiafen	1964-11-9	19.6	18.928	0	26.022	0.874	2	0	0.046	0.131	0.754	0.12	53.813	0.416	0.36
zhangjiafen	1964-11-10	19.6	18.728	0.009	24.291	1.495	3.5	0	0.045	0.131	1.286	0.209	53.522	0.408	0.359
zhangjiafen	1964-11-11	19.6	18.564	0	23.102	0.872	2.1	0	0.044	0.13	0.746	0.125	53.308	0.398	0.357
zhangjiafen	1964-11-12	18.4	18.406	0	21.941	0.852	2.1	0	0.043	0.13	0.727	0.125	53.089	0.39	0.355
zhangjiafen	1964-11-13	18.4	18.247	0	20.808	0.833	2.1	0	0.043	0.129	0.708	0.125	52.864	0.383	0.354
zhangjiafen	1964-11-14	17.5	18.088	0	19.702	0.813	2.1	0	0.042	0.128	0.689	0.124	52.634	0.375	0.352
zhangjiafen	1964-11-15	17.1	17.933	0	18.624	0.794	2.1	0	0.041	0.128	0.67	0.124	52.398	0.367	0.351
zhangjiafen	1964-11-16	17.5	17.781	0	17.575	0.774	2.1	0	0.04	0.127	0.651	0.124	52.156	0.359	0.349
zhangjiafen	1964-11-17	18.4	17.63	0	16.644	0.647	1.8	0	0.039	0.127	0.541	0.106	51.927	0.351	0.348
zhangjiafen	1964-11-18	18.8	17.481	0.004	15.74	0.632	1.8	0	0.038	0.126	0.526	0.106	51.692	0.343	0.346
zhangjiafen	1964-11-19	19.2	17.334	0	14.856	0.616	1.8	0	0.037	0.126	0.511	0.105	51.453	0.336	0.345
zhangjiafen	1964-11-20	19.2	17.188	0	13.996	0.601	1.8	0	0.036	0.125	0.496	0.105	51.207	0.328	0.343
zhangjiafen	1964-11-21	19.2	17.043	0	13	0.78	2.4	0	0.036	0.124	0.64	0.14	50.922	0.32	0.341
zhangjiafen	1964-11-22	18.4	16.895	0	12.04	0.755	2.4	0	0.034	0.124	0.615	0.139	50.629	0.31	0.339
zhangjiafen	1964-11-23	18.4	16.74	0	11.115	0.73	2.4	0	0.033	0.123	0.591	0.139	50.33	0.301	0.338
zhangjiafen	1964-11-24	18.4	16.576	0	10.438	0.441	1.5	0	0.032	0.122	0.354	0.087	50.077	0.291	0.336
zhangjiafen	1964-11-25	18	16.405	0	9.781	0.429	1.5	0	0.031	0.122	0.342	0.086	49.818	0.283	0.334
zhangjiafen	1964-11-26	18	16.234	0	9.145	0.417	1.5	0	0.031	0.121	0.331	0.086	49.553	0.275	0.332
zhangjiafen	1964-11-27	18	16.067	0.031	8.729	0.189	0.7	0.001	0.03	0.12	0.149	0.04	49.33	0.268	0.33
zhangjiafen	1964-11-28	18	15.923	0	8.293	0.185	0.7	0	0.029	0.12	0.145	0.04	49.103	0.262	0.329
zhangjiafen	1964-11-29	18	15.772	0	7.567	0.568	2.2	0	0.028	0.119	0.442	0.125	48.786	0.255	0.327
zhangjiafen	1964-11-30	17.5	15.617	0	6.875	0.545	2.2	0	0.027	0.119	0.42	0.125	48.461	0.244	0.325
zhangjiafen	1964-12-1	15.4	15.455	0	6.398	0.286	1.2	0	0.026	0.118	0.218	0.068	48.186	0.234	0.323
zhangjiafen	1964-12-2	15	15.284	0	5.938	0.277	1.2	0	0.025	0.117	0.209	0.068	47.906	0.226	0.321
zhangjiafen	1964-12-3	15	15.109	0	5.496	0.268	1.2	0	0.024	0.116	0.2	0.068	47.62	0.218	0.319
zhangjiafen	1964-12-4	14.6	14.933	0.001	5.073	0.259	1.2	0	0.023	0.116	0.191	0.067	47.329	0.209	0.317
zhangjiafen	1964-12-5	15.4	14.758	0	4.667	0.25	1.2	0	0.022	0.115	0.183	0.067	47.032	0.201	0.316
zhangjiafen	1964-12-6	13.8	14.583	0	4.279	0.241	1.2	0	0.021	0.114	0.174	0.067	46.73	0.193	0.314
zhangjiafen	1964-12-7	14.2	14.408	0	3.909	0.232	1.2	0	0.02	0.114	0.165	0.067	46.422	0.184	0.312
zhangjiafen	1964-12-8	15	14.232	0	3.556	0.224	1.2	0	0.02	0.113	0.157	0.067	46.109	0.176	0.309
zhangjiafen	1964-12-9	15.4	14.054	0	3.222	0.215	1.2	0	0.019	0.112	0.149	0.066	45.791	0.168	0.307
zhangjiafen	1964-12-10	15.4	13.875	0	2.904	0.207	1.2	0	0.018	0.111	0.14	0.066	45.468	0.159	0.305
zhangjiafen	1964-12-11	13	13.695	0	2.604	0.198	1.2	0	0.017	0.111	0.132	0.066	45.139	0.151	0.303
zhangjiafen	1964-12-12	11.4	13.512	0	2.321	0.19	1.2	0	0.016	0.11	0.124	0.066	44.805	0.143	0.301
zhangjiafen	1964-12-13	13.9	13.328	0	2.055	0.182	1.2	0	0.015	0.109	0.116	0.065	44.467	0.134	0.299
zhangjiafen	1964-12-14	13.6	13.142	0	1.807	0.174	1.2	0	0.014	0.108	0.109	0.065	44.123	0.126	0.296
zhangjiafen	1964-12-15	13.9	12.954	0	1.576	0.165	1.2	0	0.013	0.107	0.101	0.065	43.774	0.117	0.294
zhangjiafen	1964-12-16	14	12.764	0.054	1.403	0.163	1.2	0	0.013	0.107	0.098	0.065	43.427	0.116	0.292
zhangjiafen	1964-12-17	14.3	12.575	0	1.19	0.156	1.2	0	0.012	0.106	0.092	0.064	43.076	0.109	0.29
zhangjiafen	1964-12-18	13.1	12.389	0	1	0.146	1.2	0	0.011	0.105	0.082	0.064	42.717	0.097	0.287
zhangjiafen	1964-12-19	13.9	12.207	0	0.833	0.136	1.2	0	0.01	0.104	0.072	0.064	42.351	0.086	0.285
zhangjiafen	1964-12-20	13.5	12.027	0	0.684	0.127	1.2	0	0.009	0.103	0.064	0.064	41.979	0.077	0.282
zhangjiafen	1964-12-21	13.8	11.845	0	0.552	0.119	1.2	0	0.008	0.102	0.056	0.063	41.601	0.068	0.28
zhangjiafen	1964-12-22	13.9	11.657	0.005	0.441	0.112	1.2	0	0.007	0.101	0.049	0.063	41.219	0.06	0.277
zhangjiafen	1964-12-23	14.6	11.465	0.169	0.483	0.117	1.2	0	0.007	0.101	0.054	0.063	40.847	0.066	0.275
zhangjiafen	1964-12-24	14.3	11.274	0	0.363	0.113	1.2	0	0.007	0.1	0.051	0.062	40.474	0.062	0.272
zhangjiafen	1964-12-25	14.3	11.094	0	0.268	0.102	1.2	0	0.005	0.099	0.04	0.062	40.093	0.049	0.27
zhangjiafen	1964-12-26	14.3	10.928	0.34	0.488	0.113	1.2	0	0.007	0.098	0.051	0.062	39.729	0.062	0.267
zhangjiafen	1964-12-27	14.9	10.789	0.779	1.084	0.139	1.2	0.001	0.01	0.097	0.078	0.061	39.399	0.094	0.265
zhangjiafen	1964-12-28	15	10.729	0.256	1.125	0.153	1.2	0.001	0.012	0.096	0.092	0.061	39.089	0.11	0.263
zhangjiafen	1964-12-29	14.7	10.749	0.3	1.204	0.155	1.2	0.001	0.013	0.096	0.094	0.061	38.785	0.113	0.261
zhangjiafen	1964-12-30	14	10.821	0.015	1.004	0.153	1.2	0	0.012	0.095	0.092	0.061	38.48	0.11	0.259
zhangjiafen	1964-12-31	14	10.874	0	0.811	0.143	1.2	0	0.011	0.094	0.083	0.061	38.169	0.099	0.257
