zhangjiafen	1962-1-1	6.480	8.080	0	6.178	0.123	0.800	0	0.014	0.073	0.087	0.036	29.817	0.129	0.200
zhangjiafen	1962-1-2	6.140	8.080	0	5.953	0.121	0.800	0	0.014	0.072	0.085	0.036	29.634	0.126	0.199
zhangjiafen	1962-1-3	5.980	9.805	0	5.736	0.118	0.800	0	0.014	0.072	0.082	0.036	29.451	0.122	0.198
zhangjiafen	1962-1-4	7.020	11.219	0	5.524	0.115	0.800	0	0.013	0.072	0.080	0.035	29.278	0.118	0.196
zhangjiafen	1962-1-5	6.310	11.788	0	5.320	0.113	0.800	0	0.013	0.071	0.077	0.035	29.088	0.114	0.195
zhangjiafen	1962-1-6	6.480	11.637	0	5.124	0.109	0.800	0	0.012	0.071	0.074	0.035	28.890	0.109	0.194
zhangjiafen	1962-1-7	7.370	11.117	0.072	4.985	0.114	0.800	0	0.013	0.070	0.079	0.035	28.715	0.120	0.193
zhangjiafen	1962-1-8	7.540	10.524	1.155	5.849	0.137	0.800	0.009	0.018	0.070	0.102	0.035	28.582	0.161	0.191
zhangjiafen	1962-1-9	8.500	10.153	0.337	5.865	0.150	0.800	0.002	0.020	0.069	0.115	0.035	28.468	0.183	0.191
zhangjiafen	1962-1-10	7.380	9.937	0.021	5.569	0.149	0.800	0	0.020	0.069	0.114	0.035	28.357	0.182	0.190
zhangjiafen	1962-1-11	7.750	9.788	0	5.266	0.144	0.800	0	0.019	0.069	0.109	0.035	28.238	0.175	0.189
zhangjiafen	1962-1-12	7.370	9.651	0	4.978	0.138	0.800	0	0.018	0.069	0.104	0.035	28.113	0.166	0.188
zhangjiafen	1962-1-13	7.920	9.513	0	4.703	0.133	0.800	0	0.018	0.069	0.098	0.035	27.979	0.158	0.187
zhangjiafen	1962-1-14	7.560	9.373	0	4.444	0.128	0.800	0	0.017	0.069	0.093	0.035	27.839	0.150	0.187
zhangjiafen	1962-1-15	7.200	9.237	0	4.200	0.122	0.800	0	0.016	0.069	0.088	0.034	27.691	0.141	0.186
zhangjiafen	1962-1-16	5.680	9.107	0	3.970	0.117	0.800	0	0.015	0.069	0.083	0.034	27.535	0.133	0.185
zhangjiafen	1962-1-17	5.380	8.982	0.004	3.758	0.112	0.800	0	0.014	0.069	0.078	0.034	27.372	0.124	0.184
zhangjiafen	1962-1-18	6.270	8.863	0	3.557	0.107	0.800	0	0.013	0.069	0.073	0.034	27.204	0.116	0.182
zhangjiafen	1962-1-19	6.640	8.747	0	3.369	0.102	0.800	0	0.012	0.069	0.068	0.034	27.026	0.108	0.181
zhangjiafen	1962-1-20	6.840	8.636	0.040	3.228	0.099	0.800	0	0.012	0.069	0.065	0.034	26.847	0.104	0.180
zhangjiafen	1962-1-21	7.760	8.533	0	3.047	0.108	0.900	0	0.011	0.069	0.070	0.038	26.661	0.100	0.179
zhangjiafen	1962-1-22	8.700	8.436	0	2.881	0.103	0.900	0	0.010	0.069	0.065	0.038	26.468	0.091	0.178
zhangjiafen	1962-1-23	7.160	8.342	0	2.727	0.098	0.900	0	0.009	0.069	0.060	0.038	26.267	0.085	0.176
zhangjiafen	1962-1-24	6.800	8.253	0	2.581	0.094	0.900	0	0.009	0.069	0.057	0.038	26.067	0.080	0.175
zhangjiafen	1962-1-25	8.530	8.168	0	2.443	0.091	0.900	0	0.008	0.069	0.054	0.037	25.864	0.076	0.174
zhangjiafen	1962-1-26	7.380	8.089	0	2.311	0.089	0.900	0	0.008	0.069	0.052	0.037	25.659	0.073	0.172
zhangjiafen	1962-1-27	7.380	8.015	0	2.184	0.087	0.900	0	0.008	0.069	0.049	0.037	25.450	0.070	0.171
zhangjiafen	1962-1-28	7.380	7.946	0	2.063	0.084	0.900	0	0.007	0.069	0.047	0.037	25.240	0.067	0.170
zhangjiafen	1962-1-29	8.080	7.883	0	1.946	0.082	0.900	0	0.007	0.069	0.045	0.037	25.031	0.064	0.168
zhangjiafen	1962-1-30	7.710	7.825	0	1.835	0.080	0.900	0	0.007	0.069	0.043	0.037	24.820	0.061	0.167
zhangjiafen	1962-1-31	8.470	7.771	0	1.730	0.077	0.900	0	0.006	0.069	0.041	0.037	24.607	0.058	0.165
zhangjiafen	1962-2-1	6.770	7.720	0	1.629	0.075	0.900	0	0.006	0.069	0.039	0.036	24.394	0.055	0.164
zhangjiafen	1962-2-2	6.490	7.671	0	1.534	0.073	0.900	0	0.006	0.069	0.037	0.036	24.179	0.053	0.163
zhangjiafen	1962-2-3	6.620	7.626	0	1.443	0.071	0.900	0	0.006	0.069	0.035	0.036	23.963	0.050	0.161
zhangjiafen	1962-2-4	7.040	7.583	0	1.357	0.069	0.900	0	0.005	0.068	0.033	0.036	23.747	0.048	0.160
zhangjiafen	1962-2-5	6.770	7.542	0	1.274	0.068	0.900	0	0.005	0.068	0.032	0.036	23.531	0.046	0.158
zhangjiafen	1962-2-6	6.900	7.505	0	1.194	0.066	0.900	0	0.005	0.068	0.031	0.036	23.313	0.044	0.157
zhangjiafen	1962-2-7	6.900	7.470	0.444	1.493	0.089	0.900	0.001	0.009	0.068	0.053	0.035	23.136	0.082	0.155
zhangjiafen	1962-2-8	7.190	7.479	0.330	1.642	0.101	0.900	0.001	0.011	0.068	0.066	0.035	22.981	0.102	0.154
zhangjiafen	1962-2-9	6.620	7.547	2.234	3.609	0.132	0.900	0.006	0.016	0.068	0.097	0.035	22.872	0.148	0.153
zhangjiafen	1962-2-10	7.190	7.842	1.134	4.407	0.159	0.900	0.006	0.021	0.068	0.124	0.035	22.802	0.185	0.152
zhangjiafen	1962-2-11	7.470	8.252	0	4.064	0.164	0.900	0	0.021	0.068	0.129	0.035	22.739	0.192	0.152
zhangjiafen	1962-2-12	7.030	8.577	0.172	3.902	0.160	0.900	0.001	0.021	0.068	0.125	0.035	22.671	0.187	0.152
zhangjiafen	1962-2-13	7.790	8.779	0	3.580	0.156	0.900	0	0.020	0.068	0.121	0.035	22.598	0.181	0.151
zhangjiafen	1962-2-14	8.280	8.871	0	3.274	0.149	0.900	0	0.019	0.068	0.115	0.035	22.518	0.173	0.151
zhangjiafen	1962-2-15	7.480	8.891	0	2.982	0.143	0.900	0	0.018	0.068	0.109	0.035	22.429	0.165	0.150
zhangjiafen	1962-2-16	9.250	8.868	0	2.706	0.137	0.900	0	0.017	0.068	0.103	0.035	22.333	0.156	0.150
zhangjiafen	1962-2-17	8.980	8.817	0.557	2.983	0.138	0.900	0.002	0.017	0.068	0.103	0.035	22.238	0.157	0.149
zhangjiafen	1962-2-18	7.900	8.811	0	2.709	0.137	0.900	0	0.017	0.068	0.102	0.035	22.143	0.155	0.148
zhangjiafen	1962-2-19	7.730	8.783	0.149	2.592	0.132	0.900	0.001	0.017	0.068	0.098	0.034	22.043	0.150	0.148
zhangjiafen	1962-2-20	8.390	8.734	0	2.339	0.128	0.900	0	0.016	0.068	0.094	0.034	21.937	0.144	0.147
zhangjiafen	1962-2-21	7.900	8.670	0	2.092	0.136	1.000	0	0.015	0.068	0.097	0.038	21.820	0.135	0.146
zhangjiafen	1962-2-22	7.570	8.598	1.446	3.247	0.151	1.000	0.005	0.017	0.068	0.113	0.038	21.723	0.155	0.145
zhangjiafen	1962-2-23	7.410	8.603	0	2.912	0.193	1.200	0	0.019	0.068	0.148	0.045	21.634	0.168	0.145
zhangjiafen	1962-2-24	7.790	8.614	0.551	3.129	0.191	1.200	0.003	0.019	0.068	0.146	0.045	21.543	0.167	0.144
zhangjiafen	1962-2-25	8.640	8.653	0	2.802	0.189	1.200	0	0.018	0.068	0.144	0.045	21.451	0.165	0.144
zhangjiafen	1962-2-26	8.280	8.693	0	2.495	0.180	1.200	0	0.017	0.068	0.135	0.045	21.350	0.155	0.143
zhangjiafen	1962-2-27	7.270	8.701	0	2.208	0.171	1.200	0	0.016	0.068	0.126	0.045	21.239	0.145	0.142
zhangjiafen	1962-2-28	7.750	8.670	0.434	2.357	0.169	1.200	0.002	0.016	0.068	0.124	0.045	21.128	0.143	0.142
zhangjiafen	1962-3-1	8.090	8.639	0.549	2.477	0.350	2.400	0.002	0.017	0.068	0.260	0.090	20.979	0.150	0.141
zhangjiafen	1962-3-2	7.620	8.613	0	2.016	0.409	2.900	0	0.016	0.068	0.301	0.108	20.808	0.144	0.140
zhangjiafen	1962-3-3	7.650	8.570	0	1.610	0.372	2.900	0	0.014	0.068	0.265	0.108	20.621	0.128	0.139
zhangjiafen	1962-3-4	11.700	8.503	0.067	1.320	0.340	2.900	0	0.013	0.068	0.233	0.107	20.422	0.113	0.137
zhangjiafen	1962-3-5	10.700	8.418	0	1.011	0.308	2.900	0	0.011	0.068	0.201	0.107	20.210	0.098	0.136
zhangjiafen	1962-3-6	10.700	8.312	0	0.758	0.271	2.900	0	0.009	0.068	0.165	0.106	19.982	0.081	0.135
zhangjiafen	1962-3-7	10.800	8.184	0	0.575	0.203	2.500	0	0.007	0.068	0.112	0.091	19.755	0.064	0.133
zhangjiafen	1962-3-8	10.700	8.037	0	0.434	0.178	2.500	0	0.006	0.068	0.087	0.090	19.515	0.050	0.132
zhangjiafen	1962-3-9	10.800	7.879	0.091	0.386	0.175	2.500	0	0.005	0.068	0.085	0.090	19.277	0.049	0.130
zhangjiafen	1962-3-10	10.800	7.733	0.047	0.308	0.167	2.500	0	0.005	0.068	0.078	0.089	19.037	0.045	0.129
zhangjiafen	1962-3-11	8.890	7.606	0.091	0.267	0.188	2.900	0	0.005	0.067	0.085	0.103	18.782	0.043	0.127
zhangjiafen	1962-3-12	10.200	7.501	0	0.173	0.159	2.700	0	0.004	0.067	0.064	0.095	18.529	0.034	0.125
zhangjiafen	1962-3-13	10.900	7.412	0	0.120	0.130	2.700	0	0.002	0.067	0.035	0.094	18.262	0.019	0.124
zhangjiafen	1962-3-14	10.900	7.322	0.053	0.115	0.131	2.700	0	0.002	0.067	0.037	0.094	18.000	0.020	0.122
zhangjiafen	1962-3-15	12.900	7.233	0.102	0.129	0.185	3.600	0	0.003	0.067	0.061	0.124	17.713	0.025	0.120
zhangjiafen	1962-3-16	9.500	7.152	0	0.075	0.161	3.500	0	0.002	0.067	0.041	0.120	17.425	0.017	0.118
zhangjiafen	1962-3-17	7.670	7.084	0	0.052	0.136	3.500	0	0.001	0.067	0.018	0.119	17.130	0.007	0.116
zhangjiafen	1962-3-18	8.890	7.031	2.180	1.807	0.443	4.100	0	0.012	0.067	0.305	0.138	16.918	0.107	0.114
zhangjiafen	1962-3-19	8.890	7.099	0.951	2.141	0.594	4.300	0.004	0.016	0.067	0.450	0.144	16.741	0.147	0.113
zhangjiafen	1962-3-20	8.890	7.329	0	1.766	0.293	2.200	0	0.016	0.067	0.220	0.073	16.629	0.140	0.112
zhangjiafen	1962-3-21	7.670	7.610	0	1.202	0.585	4.800	0	0.014	0.067	0.426	0.159	16.417	0.125	0.111
zhangjiafen	1962-3-22	8.280	7.839	0.096	0.935	0.366	3.500	0	0.011	0.067	0.251	0.115	16.228	0.102	0.109
zhangjiafen	1962-3-23	8.280	7.959	0.057	0.670	0.353	3.800	0	0.010	0.067	0.228	0.124	16.014	0.086	0.108
zhangjiafen	1962-3-24	8.890	7.975	0.290	0.675	0.314	3.600	0.001	0.009	0.067	0.197	0.117	15.802	0.079	0.107
zhangjiafen	1962-3-25	8.890	7.921	0.132	0.512	0.350	4.200	0	0.008	0.067	0.215	0.136	15.568	0.074	0.105
zhangjiafen	1962-3-26	8.890	7.827	0.089	0.371	0.294	4.000	0	0.007	0.067	0.166	0.128	15.329	0.060	0.104
zhangjiafen	1962-3-27	8.890	7.713	0	0.220	0.223	3.600	0	0.005	0.067	0.108	0.114	15.089	0.044	0.102
zhangjiafen	1962-3-28	8.890	7.594	0	0.121	0.195	3.900	0	0.003	0.067	0.072	0.123	14.826	0.027	0.101
zhangjiafen	1962-3-29	8.890	7.476	0	0.058	0.183	4.300	0	0.002	0.067	0.048	0.134	14.542	0.016	0.099
zhangjiafen	1962-3-30	8.890	7.360	0	0.028	0.129	3.500	0	0.001	0.067	0.021	0.108	14.278	0.009	0.097
zhangjiafen	1962-3-31	8.890	7.248	2.711	2.438	0.242	2.200	0	0.013	0.067	0.175	0.067	14.162	0.113	0.095
zhangjiafen	1962-4-1	12.900	7.261	4.138	5.447	1.076	6.100	0.022	0.022	0.065	0.890	0.186	14.012	0.196	0.094
zhangjiafen	1962-4-2	14.400	7.720	0	4.070	1.363	7.200	0	0.023	0.062	1.145	0.219	13.847	0.210	0.093
zhangjiafen	1962-4-3	8.280	8.210	0	3.251	0.758	4.600	0	0.020	0.065	0.619	0.139	13.732	0.181	0.092
zhangjiafen	1962-4-4	8.280	8.509	0	2.373	0.884	6.000	0	0.018	0.066	0.704	0.180	13.553	0.160	0.092
zhangjiafen	1962-4-5	8.280	8.617	0	1.607	0.818	6.500	0	0.015	0.067	0.624	0.194	13.334	0.133	0.090
zhangjiafen	1962-4-6	10.200	8.593	0	1.126	0.517	5.000	0	0.011	0.067	0.369	0.148	13.134	0.103	0.089
zhangjiafen	1962-4-7	16.700	8.482	0.461	1.057	0.587	5.800	0.001	0.011	0.067	0.417	0.170	12.910	0.102	0.088
zhangjiafen	1962-4-8	17.500	8.340	2.018	2.349	0.752	6.100	0.006	0.015	0.067	0.574	0.178	12.711	0.132	0.086
zhangjiafen	1962-4-9	15.200	8.325	0	1.548	0.845	6.600	0	0.015	0.067	0.654	0.191	12.506	0.138	0.085
zhangjiafen	1962-4-10	12.900	8.358	0	0.834	0.862	8.400	0	0.012	0.067	0.621	0.241	12.219	0.104	0.083
zhangjiafen	1962-4-11	11.500	8.331	0.103	0.465	0.628	7.800	0	0.008	0.067	0.407	0.221	11.924	0.075	0.081
zhangjiafen	1962-4-12	10.200	8.209	0	0.261	0.307	5.200	0	0.005	0.067	0.161	0.146	11.676	0.045	0.079
zhangjiafen	1962-4-13	10.200	8.014	0	0.122	0.286	6.100	0	0.003	0.067	0.117	0.169	11.390	0.028	0.078
zhangjiafen	1962-4-14	8.890	7.792	0	0.059	0.187	5.000	0	0.002	0.067	0.050	0.137	11.125	0.015	0.076
zhangjiafen	1962-4-15	8.890	7.572	0	0.023	0.181	5.600	0	0.001	0.067	0.030	0.151	10.840	0.008	0.074
zhangjiafen	1962-4-16	8.890	7.372	0	0.009	0.137	4.700	0	0	0.067	0.011	0.125	10.579	0.004	0.072
zhangjiafen	1962-4-17	8.280	7.203	1.031	0.820	0.292	4.800	0	0.006	0.067	0.166	0.126	10.365	0.050	0.071
zhangjiafen	1962-4-18	8.280	7.145	0	0.566	0.363	5.800	0	0.006	0.066	0.212	0.151	10.129	0.051	0.069
zhangjiafen	1962-4-19	8.280	7.154	0	0.457	0.193	4.200	0	0.003	0.066	0.085	0.108	9.915	0.027	0.068
zhangjiafen	1962-4-20	7.670	7.144	0	0.400	0.109	2.800	0	0.002	0.066	0.038	0.071	9.729	0.018	0.066
zhangjiafen	1962-4-21	7.670	7.094	0	0.329	0.189	5.200	0	0.002	0.066	0.057	0.131	9.481	0.014	0.065
zhangjiafen	1962-4-22	7.670	7.022	0	0.283	0.128	3.800	0	0.001	0.067	0.033	0.095	9.268	0.011	0.063
zhangjiafen	1962-4-23	8.280	6.947	0	0.212	0.261	8.100	0	0.001	0.067	0.062	0.199	8.950	0.010	0.062
zhangjiafen	1962-4-24	8.280	6.881	0	0.154	0.256	8.500	0	0.001	0.067	0.050	0.206	8.626	0.008	0.060
zhangjiafen	1962-4-25	8.280	6.829	0	0.102	0.291	10.300	0	0.001	0.067	0.047	0.244	8.263	0.006	0.058
zhangjiafen	1962-4-26	8.280	6.792	0	0.070	0.210	7.900	0	0	0.067	0.026	0.183	7.962	0.004	0.055
zhangjiafen	1962-4-27	8.280	6.770	0	0.053	0.135	5.300	0	0	0.067	0.014	0.121	7.724	0.004	0.053
zhangjiafen	1962-4-28	7.670	6.758	0	0.037	0.147	6.000	0	0	0.067	0.013	0.135	7.474	0.003	0.051
zhangjiafen	1962-4-29	7.060	6.750	0	0.024	0.142	6.000	0	0	0.067	0.010	0.132	7.227	0.002	0.050
zhangjiafen	1962-4-30	7.060	6.743	2.467	1.956	0.554	6.000	0	0.011	0.067	0.424	0.130	7.083	0.101	0.048
zhangjiafen	1962-5-1	7.060	6.836	9.153	9.808	1.135	5.900	0.048	0.025	0.057	1.008	0.127	7.074	0.222	0.047
zhangjiafen	1962-5-2	9.500	7.588	2.542	10.237	1.937	7.800	0.034	0.031	0.043	1.769	0.167	7.097	0.280	0.047
zhangjiafen	1962-5-3	10.900	8.780	0.081	8.718	1.422	5.900	0.001	0.030	0.045	1.296	0.127	7.151	0.273	0.047
zhangjiafen	1962-5-4	10.900	9.179	0	7.142	1.437	6.500	0	0.028	0.050	1.297	0.140	7.165	0.252	0.048
zhangjiafen	1962-5-5	10.200	8.930	0	6.070	0.918	4.600	0	0.025	0.054	0.818	0.099	7.192	0.228	0.048
zhangjiafen	1962-5-6	8.890	8.544	0	4.732	1.258	6.900	0	0.023	0.057	1.109	0.149	7.146	0.209	0.048
zhangjiafen	1962-5-7	8.890	8.280	0.935	4.173	1.454	8.500	0.006	0.022	0.060	1.271	0.183	7.052	0.197	0.048
zhangjiafen	1962-5-8	7.060	8.254	0.023	2.830	1.366	8.900	0	0.020	0.063	1.176	0.190	6.929	0.177	0.047
zhangjiafen	1962-5-9	7.060	8.337	0	1.834	1.023	8.300	0	0.015	0.065	0.848	0.176	6.781	0.139	0.046
zhangjiafen	1962-5-10	7.060	8.400	0.726	1.569	1.052	9.400	0.002	0.014	0.066	0.855	0.197	6.599	0.126	0.045
zhangjiafen	1962-5-11	7.060	8.407	0.596	1.281	0.958	9.300	0.002	0.013	0.066	0.767	0.192	6.412	0.115	0.044
zhangjiafen	1962-5-12	6.450	8.344	0	0.771	0.578	7.200	0	0.009	0.067	0.432	0.146	6.240	0.084	0.043
zhangjiafen	1962-5-13	6.450	8.202	0	0.416	0.470	8.000	0	0.006	0.067	0.310	0.160	6.026	0.055	0.042
zhangjiafen	1962-5-14	6.450	8.010	0.029	0.197	0.413	9.300	0	0.004	0.067	0.230	0.183	5.771	0.035	0.040
zhangjiafen	1962-5-15	6.160	7.809	0.101	0.082	0.466	11.300	0	0.004	0.067	0.249	0.217	5.481	0.032	0.038
zhangjiafen	1962-5-16	6.160	7.620	0	0.025	0.265	11.100	0	0.001	0.067	0.058	0.208	5.177	0.007	0.036
zhangjiafen	1962-5-17	6.450	7.437	2.110	1.561	0.621	7.800	0.001	0.010	0.067	0.479	0.142	5.022	0.088	0.034
zhangjiafen	1962-5-18	7.060	7.369	0.255	1.275	0.537	5.900	0	0.011	0.065	0.432	0.105	4.920	0.102	0.033
zhangjiafen	1962-5-19	6.450	7.406	0.066	0.787	0.633	8.300	0	0.009	0.066	0.486	0.146	4.757	0.082	0.033
zhangjiafen	1962-5-20	6.160	7.465	0.076	0.502	0.482	8.600	0	0.006	0.066	0.333	0.149	4.564	0.054	0.032
zhangjiafen	1962-5-21	6.160	7.498	0	0.319	0.329	9.200	0	0.003	0.067	0.173	0.156	4.337	0.026	0.030
zhangjiafen	1962-5-22	5.580	7.473	2.168	1.714	0.820	9.400	0.001	0.011	0.067	0.666	0.155	4.188	0.100	0.029
zhangjiafen	1962-5-23	5.580	7.554	0.032	1.169	0.559	6.000	0	0.012	0.067	0.462	0.097	4.104	0.108	0.028
zhangjiafen	1962-5-24	5.580	7.698	0.450	0.910	0.719	7.900	0	0.012	0.067	0.593	0.126	3.991	0.107	0.027
zhangjiafen	1962-5-25	5.870	7.800	2.798	2.591	1.102	9.400	0.006	0.016	0.067	0.955	0.147	3.892	0.142	0.026
zhangjiafen	1962-5-26	5.580	7.950	1.444	2.869	1.102	8.100	0.008	0.018	0.065	0.976	0.125	3.841	0.165	0.026
zhangjiafen	1962-5-27	8.890	8.240	1.023	2.648	1.187	8.600	0.004	0.019	0.066	1.055	0.132	3.785	0.167	0.025
zhangjiafen	1962-5-28	7.670	8.454	0	1.677	0.937	7.800	0	0.016	0.066	0.818	0.119	3.721	0.145	0.024
zhangjiafen	1962-5-29	7.060	8.490	0	0.860	0.869	9.500	0	0.012	0.067	0.726	0.143	3.594	0.107	0.024
zhangjiafen	1962-5-30	5.870	8.393	0	0.376	0.587	9.800	0	0.007	0.067	0.442	0.145	3.424	0.064	0.023
zhangjiafen	1962-5-31	5.870	8.207	0.682	0.540	0.605	9.900	0.001	0.007	0.067	0.463	0.142	3.260	0.067	0.022
zhangjiafen	1962-6-1	5.580	7.991	0	0.286	0.343	7.700	0	0.005	0.067	0.236	0.107	3.109	0.044	0.020
zhangjiafen	1962-6-2	5.580	7.764	0.190	0.244	0.281	6.500	0	0.005	0.067	0.193	0.088	2.978	0.043	0.019
zhangjiafen	1962-6-3	5.870	7.577	0	0.106	0.243	8.100	0	0.003	0.067	0.136	0.107	2.810	0.024	0.017
zhangjiafen	1962-6-4	5.870	7.424	2.024	1.433	0.706	8.900	0.001	0.011	0.067	0.593	0.114	2.707	0.095	0.018
zhangjiafen	1962-6-5	5.580	7.394	0.886	1.549	0.710	6.800	0.002	0.014	0.067	0.625	0.085	2.667	0.130	0.017
zhangjiafen	1962-6-6	5.580	7.518	2.031	2.712	0.770	6.300	0.007	0.017	0.067	0.691	0.078	2.657	0.153	0.017
zhangjiafen	1962-6-7	5.870	7.808	0.742	2.476	0.877	6.700	0.005	0.018	0.066	0.794	0.083	2.653	0.163	0.017
zhangjiafen	1962-6-8	7.060	8.167	2.854	4.361	0.825	5.700	0.016	0.020	0.064	0.755	0.071	2.680	0.179	0.017
zhangjiafen	1962-6-9	6.450	8.536	0.683	3.741	1.182	7.600	0.008	0.021	0.060	1.087	0.095	2.697	0.190	0.017
zhangjiafen	1962-6-10	7.060	8.817	0	2.907	0.719	5.300	0	0.018	0.063	0.652	0.067	2.717	0.165	0.016
zhangjiafen	1962-6-11	7.060	8.913	0.940	2.911	0.841	6.600	0.008	0.017	0.063	0.758	0.083	2.709	0.155	0.017
zhangjiafen	1962-6-12	7.060	8.909	8.991	10.149	1.530	7.900	0.064	0.026	0.051	1.431	0.099	2.773	0.232	0.018
zhangjiafen	1962-6-13	10.900	9.504	0.561	8.654	1.857	8.200	0.013	0.029	0.040	1.752	0.105	2.874	0.264	0.018
zhangjiafen	1962-6-14	10.900	9.870	0.021	7.360	1.121	5.500	0	0.027	0.046	1.049	0.072	2.976	0.239	0.018
zhangjiafen	1962-6-15	9.500	9.713	0.588	6.462	1.324	7.000	0.011	0.025	0.049	1.231	0.093	3.038	0.222	0.019
zhangjiafen	1962-6-16	8.890	9.400	0	5.176	1.158	6.800	0	0.022	0.053	1.067	0.091	3.075	0.200	0.019
zhangjiafen	1962-6-17	8.280	9.031	0	3.834	1.272	8.600	0	0.019	0.057	1.156	0.116	3.059	0.174	0.018
zhangjiafen	1962-6-18	7.670	8.708	0	2.941	0.830	6.800	0	0.016	0.060	0.739	0.091	3.033	0.143	0.018
zhangjiafen	1962-6-19	8.280	8.459	1.921	4.183	0.540	4.000	0.012	0.018	0.061	0.487	0.053	3.062	0.162	0.019
zhangjiafen	1962-6-20	8.890	8.371	1.615	4.651	1.008	6.500	0.018	0.021	0.059	0.922	0.086	3.084	0.187	0.020
zhangjiafen	1962-6-21	9.500	8.498	4.275	7.503	1.217	6.600	0.050	0.024	0.055	1.129	0.088	3.142	0.220	0.020
zhangjiafen	1962-6-22	13.700	9.126	11.925	16.832	2.142	8.400	0.242	0.032	0.037	2.029	0.113	3.263	0.292	0.021
zhangjiafen	1962-6-23	17.500	12.636	15.300	27.642	3.622	10.500	0.536	0.048	0.017	3.477	0.145	3.509	0.430	0.022
zhangjiafen	1962-6-24	28.100	28.001	10.211	32.968	4.195	10.300	0.344	0.049	0.012	4.047	0.148	3.770	0.445	0.023
zhangjiafen	1962-6-25	54.600	40.954	2.607	31.120	3.992	9.500	0.110	0.050	0.012	3.849	0.143	4.037	0.447	0.025
zhangjiafen	1962-6-26	33.600	36.773	0.750	27.566	3.950	9.800	0.031	0.048	0.014	3.796	0.153	4.273	0.430	0.027
zhangjiafen	1962-6-27	28.300	26.836	0.311	24.233	3.328	8.800	0.007	0.045	0.015	3.186	0.142	4.493	0.406	0.028
zhangjiafen	1962-6-28	26.600	18.735	0	21.415	2.511	7.100	0	0.043	0.017	2.393	0.118	4.711	0.383	0.029
zhangjiafen	1962-6-29	17.500	13.757	0	17.948	3.235	9.800	0	0.040	0.020	3.068	0.167	4.853	0.360	0.031
zhangjiafen	1962-6-30	14.400	10.823	2.401	17.517	2.492	8.000	0.097	0.038	0.024	2.354	0.138	5.002	0.343	0.032
zhangjiafen	1962-7-1	19.900	10.000	1.322	16.534	2.008	6.600	0.038	0.037	0.024	1.892	0.116	5.166	0.337	0.033
zhangjiafen	1962-7-2	15.200	10.193	1.572	16.135	1.671	5.600	0.032	0.037	0.025	1.571	0.100	5.338	0.331	0.034
zhangjiafen	1962-7-3	24.100	10.483	4.157	18.189	1.730	5.600	0.096	0.038	0.023	1.629	0.102	5.519	0.341	0.035
zhangjiafen	1962-7-4	24.700	12.035	3.479	18.983	2.332	7.200	0.094	0.039	0.022	2.199	0.133	5.681	0.353	0.036
zhangjiafen	1962-7-5	52.900	14.248	2.677	19.698	1.578	4.800	0.078	0.040	0.023	1.488	0.090	5.887	0.357	0.038
zhangjiafen	1962-7-6	23.100	14.399	1.751	19.523	1.575	4.700	0.037	0.040	0.022	1.485	0.090	6.100	0.364	0.039
zhangjiafen	1962-7-7	17.700	13.378	4.762	22.757	1.009	2.900	0.159	0.042	0.018	0.952	0.057	6.361	0.376	0.041
zhangjiafen	1962-7-8	29.300	13.990	42.335	61.278	2.016	4.100	1.322	0.056	0.016	1.934	0.082	6.722	0.501	0.042
zhangjiafen	1962-7-9	132.000	50.796	6.842	63.642	3.333	5.600	0.579	0.068	0.017	3.218	0.116	7.157	0.613	0.045
zhangjiafen	1962-7-10	92.600	68.903	0.571	59.657	3.967	6.700	0.056	0.068	0.018	3.824	0.143	7.557	0.609	0.048
zhangjiafen	1962-7-11	49.600	53.793	0	55.971	3.155	5.500	0	0.065	0.019	3.034	0.121	7.953	0.586	0.050
zhangjiafen	1962-7-12	29.900	36.939	0.682	53.342	2.736	4.900	0.056	0.063	0.020	2.625	0.111	8.337	0.568	0.053
zhangjiafen	1962-7-13	22.400	26.202	5.461	55.324	2.563	4.600	0.394	0.063	0.021	2.456	0.107	8.719	0.566	0.056
zhangjiafen	1962-7-14	21.600	28.037	1.046	53.625	2.120	3.800	0.087	0.063	0.022	2.030	0.090	9.114	0.566	0.058
zhangjiafen	1962-7-15	23.300	27.299	11.244	60.129	3.432	6.000	0.809	0.064	0.023	3.286	0.146	9.465	0.580	0.061
zhangjiafen	1962-7-16	32.400	47.666	13.920	69.677	2.689	4.400	1.099	0.069	0.023	2.579	0.109	9.894	0.625	0.063
zhangjiafen	1962-7-17	40.600	83.337	2.571	68.257	3.154	5.000	0.243	0.072	0.024	3.027	0.127	10.326	0.649	0.066
zhangjiafen	1962-7-18	34.100	70.711	9.386	73.240	3.008	4.700	0.786	0.073	0.025	2.886	0.122	10.768	0.658	0.069
zhangjiafen	1962-7-19	40.600	79.185	3.075	72.331	3.055	4.700	0.309	0.074	0.026	2.930	0.125	11.215	0.670	0.072
zhangjiafen	1962-7-20	34.100	64.752	0.002	69.085	2.629	4.100	0	0.073	0.027	2.518	0.111	11.660	0.657	0.075
zhangjiafen	1962-7-21	27.500	44.260	1.375	67.226	2.522	4.000	0.110	0.071	0.028	2.412	0.111	12.085	0.642	0.078
zhangjiafen	1962-7-22	29.100	33.661	4.968	68.846	2.269	3.600	0.468	0.071	0.030	2.168	0.101	12.515	0.641	0.081
zhangjiafen	1962-7-23	33.200	37.168	12.897	77.468	2.622	4.000	1.022	0.075	0.030	2.507	0.115	12.957	0.671	0.083
zhangjiafen	1962-7-24	54.800	71.952	14.122	86.529	2.985	4.300	1.397	0.080	0.031	2.860	0.125	13.438	0.724	0.086
zhangjiafen	1962-7-25	97.700	121.061	12.648	93.815	3.346	4.600	1.278	0.088	0.033	3.209	0.137	13.967	0.788	0.090
zhangjiafen	1962-7-26	106.000	171.181	2.103	92.021	2.874	3.900	0.248	0.089	0.034	2.756	0.118	14.525	0.804	0.093
zhangjiafen	1962-7-27	77.100	82.625	2.183	90.354	2.851	3.900	0.242	0.088	0.035	2.730	0.121	15.063	0.791	0.097
zhangjiafen	1962-7-28	69.000	51.753	0.520	86.577	3.535	4.900	0.059	0.086	0.037	3.381	0.154	15.543	0.771	0.100
zhangjiafen	1962-7-29	57.500	36.852	1.770	83.590	3.898	5.500	0.203	0.083	0.038	3.722	0.176	15.974	0.749	0.104
zhangjiafen	1962-7-30	45.600	32.851	6.376	84.522	4.090	5.800	0.703	0.084	0.039	3.901	0.188	16.397	0.757	0.106
zhangjiafen	1962-7-31	61.000	54.250	3.144	83.294	3.382	4.800	0.324	0.082	0.040	3.224	0.158	16.831	0.741	0.109
zhangjiafen	1962-8-1	63.300	49.649	1.199	80.181	3.553	5.100	0.122	0.081	0.041	3.383	0.170	17.234	0.726	0.112
zhangjiafen	1962-8-2	44.600	41.257	0	75.835	3.751	5.500	0	0.078	0.042	3.565	0.186	17.594	0.703	0.115
zhangjiafen	1962-8-3	34.100	31.893	0	71.679	3.588	5.400	0	0.075	0.043	3.404	0.184	17.926	0.676	0.117
zhangjiafen	1962-8-4	29.900	24.435	0.122	68.178	3.046	4.700	0.013	0.073	0.044	2.884	0.162	18.254	0.653	0.120
zhangjiafen	1962-8-5	29.100	20.034	3.470	67.449	3.390	5.300	0.280	0.071	0.044	3.206	0.184	18.545	0.641	0.122
zhangjiafen	1962-8-6	27.500	20.404	8.243	70.861	3.620	5.600	0.686	0.072	0.045	3.424	0.196	18.828	0.648	0.124
zhangjiafen	1962-8-7	27.300	35.707	4.104	70.639	3.399	5.200	0.382	0.073	0.046	3.215	0.184	19.130	0.657	0.126
zhangjiafen	1962-8-8	64.000	50.932	0.710	68.063	2.654	4.100	0.058	0.072	0.046	2.508	0.146	19.458	0.648	0.128
zhangjiafen	1962-8-9	30.000	44.827	0	65.441	2.034	3.200	0	0.070	0.047	1.919	0.115	19.799	0.633	0.130
zhangjiafen	1962-8-10	24.300	33.826	0	61.940	2.990	4.800	0	0.069	0.048	2.816	0.174	20.061	0.617	0.132
zhangjiafen	1962-8-11	19.900	25.392	0	58.198	3.276	5.400	0	0.066	0.049	3.079	0.197	20.279	0.597	0.134
zhangjiafen	1962-8-12	17.500	19.926	1.387	55.389	3.667	6.200	0.111	0.064	0.049	3.440	0.227	20.448	0.580	0.135
zhangjiafen	1962-8-13	18.300	22.362	0.459	51.739	3.684	6.400	0.034	0.063	0.050	3.449	0.236	20.589	0.564	0.136
zhangjiafen	1962-8-14	17.500	19.475	0	48.736	2.567	4.600	0	0.061	0.050	2.397	0.170	20.777	0.545	0.137
zhangjiafen	1962-8-15	16.700	15.857	0.021	46.243	2.064	3.800	0.001	0.059	0.051	1.923	0.141	20.978	0.531	0.139
zhangjiafen	1962-8-16	15.200	13.593	0.025	43.476	2.383	4.500	0.002	0.057	0.051	2.216	0.168	21.137	0.517	0.140
zhangjiafen	1962-8-17	13.700	12.487	1.075	41.335	2.790	5.400	0.066	0.056	0.051	2.588	0.202	21.248	0.505	0.141
zhangjiafen	1962-8-18	12.900	13.007	0	38.281	2.710	5.400	0	0.055	0.052	2.508	0.203	21.344	0.492	0.142
zhangjiafen	1962-8-19	12.200	13.022	0	35.739	2.182	4.500	0	0.053	0.052	2.013	0.169	21.456	0.477	0.142
zhangjiafen	1962-8-20	12.900	12.654	0	33.195	2.207	4.700	0	0.051	0.052	2.029	0.177	21.547	0.463	0.143
zhangjiafen	1962-8-21	10.900	12.163	1.363	31.849	2.333	5.100	0.064	0.050	0.052	2.140	0.193	21.611	0.453	0.144
zhangjiafen	1962-8-22	13.700	12.262	0.793	30.069	2.237	5.000	0.032	0.049	0.053	2.048	0.189	21.670	0.444	0.144
zhangjiafen	1962-8-23	13.700	12.487	1.811	28.757	2.806	6.400	0.074	0.049	0.053	2.563	0.243	21.666	0.437	0.144
zhangjiafen	1962-8-24	12.900	13.479	2.452	28.550	2.295	5.300	0.084	0.048	0.053	2.094	0.201	21.700	0.432	0.144
zhangjiafen	1962-8-25	14.400	14.580	25.500	50.030	2.646	5.300	1.032	0.054	0.053	2.445	0.201	21.790	0.489	0.145
zhangjiafen	1962-8-26	14.300	39.347	11.608	57.192	3.344	5.800	0.697	0.063	0.053	3.123	0.221	21.935	0.563	0.145
zhangjiafen	1962-8-27	62.000	77.431	0.416	55.116	1.942	3.300	0.037	0.064	0.053	1.816	0.126	22.184	0.575	0.146
zhangjiafen	1962-8-28	31.300	56.777	1.620	53.650	2.496	4.300	0.126	0.063	0.054	2.331	0.165	22.384	0.566	0.148
zhangjiafen	1962-8-29	22.100	40.119	4.297	54.352	2.835	4.900	0.321	0.063	0.054	2.646	0.189	22.556	0.565	0.149
zhangjiafen	1962-8-30	20.700	36.984	1.573	52.134	3.279	5.700	0.109	0.062	0.055	3.059	0.221	22.692	0.561	0.150
zhangjiafen	1962-8-31	18.300	35.844	1.238	50.146	2.708	4.800	0.093	0.061	0.055	2.522	0.186	22.849	0.550	0.151
zhangjiafen	1962-9-1	17.500	30.221	6.101	52.240	3.222	5.700	0.395	0.061	0.056	3.000	0.222	22.969	0.551	0.152
zhangjiafen	1962-9-2	21.600	38.835	1.370	49.816	3.334	5.900	0.080	0.061	0.056	3.104	0.230	23.080	0.550	0.153
zhangjiafen	1962-9-3	22.400	34.150	1.436	48.089	2.660	4.800	0.093	0.060	0.056	2.472	0.188	23.220	0.538	0.154
zhangjiafen	1962-9-4	19.100	28.814	3.364	47.885	2.968	5.400	0.219	0.059	0.056	2.756	0.212	23.330	0.534	0.155
zhangjiafen	1962-9-5	19.100	29.023	0	44.101	3.453	6.400	0	0.058	0.057	3.202	0.252	23.390	0.524	0.156
zhangjiafen	1962-9-6	17.500	24.779	0	41.516	2.188	4.200	0	0.056	0.057	2.022	0.166	23.519	0.507	0.156
zhangjiafen	1962-9-7	16.700	20.156	0	38.590	2.580	5.100	0	0.055	0.057	2.379	0.202	23.596	0.493	0.157
zhangjiafen	1962-9-8	14.400	16.815	0	36.213	2.008	4.100	0	0.053	0.057	1.846	0.162	23.697	0.479	0.157
zhangjiafen	1962-9-9	12.900	14.650	0	34.384	1.429	3.000	0	0.052	0.058	1.310	0.119	23.830	0.467	0.158
zhangjiafen	1962-9-10	12.900	13.293	0.799	33.264	1.495	3.200	0.041	0.051	0.058	1.368	0.127	23.945	0.459	0.159
zhangjiafen	1962-9-11	12.900	13.054	0.006	31.556	1.328	2.900	0	0.050	0.058	1.213	0.116	24.062	0.451	0.160
zhangjiafen	1962-9-12	12.900	12.828	0	30.371	0.761	1.700	0	0.049	0.059	0.693	0.068	24.218	0.443	0.160
zhangjiafen	1962-9-13	12.200	12.478	0	28.571	1.449	3.300	0	0.048	0.059	1.317	0.132	24.300	0.435	0.161
zhangjiafen	1962-9-14	12.200	12.099	0.175	26.833	1.581	3.700	0.008	0.047	0.059	1.432	0.149	24.355	0.425	0.162
zhangjiafen	1962-9-15	11.500	11.820	1.375	25.796	2.091	5.000	0.058	0.046	0.059	1.890	0.201	24.350	0.418	0.162
zhangjiafen	1962-9-16	11.500	12.388	1.907	25.416	1.938	4.700	0.080	0.046	0.059	1.749	0.189	24.352	0.413	0.162
zhangjiafen	1962-9-17	12.900	14.098	1.185	24.129	2.194	5.400	0.043	0.045	0.059	1.977	0.217	24.321	0.408	0.162
zhangjiafen	1962-9-18	13.700	15.248	2.496	24.541	1.732	4.300	0.075	0.045	0.059	1.559	0.173	24.331	0.405	0.162
zhangjiafen	1962-9-19	14.400	15.456	0.659	23.515	1.359	3.400	0.017	0.045	0.059	1.222	0.137	24.375	0.402	0.162
zhangjiafen	1962-9-20	14.400	15.797	0.102	21.639	1.715	4.400	0.003	0.044	0.059	1.538	0.177	24.370	0.394	0.163
zhangjiafen	1962-9-21	13.700	15.116	8.386	27.539	1.940	4.800	0.287	0.045	0.059	1.747	0.193	24.360	0.406	0.162
zhangjiafen	1962-9-22	13.700	17.693	5.018	29.966	2.122	4.900	0.188	0.048	0.059	1.925	0.197	24.372	0.430	0.162
zhangjiafen	1962-9-23	19.100	24.623	0.135	28.157	1.608	3.700	0.006	0.048	0.059	1.459	0.149	24.433	0.431	0.162
zhangjiafen	1962-9-24	16.700	24.471	0	26.165	1.686	4.000	0	0.047	0.060	1.525	0.161	24.470	0.420	0.163
zhangjiafen	1962-9-25	15.200	20.607	0	24.024	1.873	4.600	0	0.045	0.060	1.687	0.185	24.469	0.408	0.163
zhangjiafen	1962-9-26	14.400	16.945	0.793	22.789	1.734	4.400	0.030	0.044	0.060	1.557	0.177	24.466	0.397	0.163
zhangjiafen	1962-9-27	14.400	14.858	1.152	21.807	1.850	4.800	0.045	0.043	0.060	1.657	0.194	24.439	0.390	0.163
zhangjiafen	1962-9-28	14.400	14.076	0.045	19.732	1.903	5.100	0.001	0.042	0.060	1.698	0.206	24.390	0.379	0.163
zhangjiafen	1962-9-29	13.700	13.444	0.049	17.982	1.569	4.400	0.002	0.040	0.060	1.391	0.177	24.354	0.364	0.163
zhangjiafen	1962-9-30	12.900	12.771	0	16.120	1.670	4.900	0	0.039	0.060	1.473	0.197	24.285	0.351	0.162
zhangjiafen	1962-10-1	12.900	12.084	0	14.076	1.908	5.900	0	0.037	0.061	1.671	0.237	24.160	0.335	0.162
zhangjiafen	1962-10-2	12.900	11.465	0	12.798	1.066	3.500	0	0.035	0.062	0.926	0.140	24.114	0.318	0.161
zhangjiafen	1962-10-3	12.900	10.970	0	11.680	0.903	3.100	0	0.034	0.063	0.779	0.124	24.070	0.305	0.161
zhangjiafen	1962-10-4	12.900	10.612	0	10.092	1.475	5.300	0	0.032	0.064	1.263	0.212	23.926	0.292	0.160
zhangjiafen	1962-10-5	12.900	10.364	0.503	8.899	1.629	6.200	0.007	0.031	0.065	1.382	0.247	23.732	0.277	0.160
zhangjiafen	1962-10-6	12.200	10.201	0	7.319	1.542	6.300	0	0.029	0.065	1.292	0.250	23.517	0.259	0.158
zhangjiafen	1962-10-7	12.200	10.090	0	6.010	1.273	5.700	0	0.026	0.066	1.047	0.225	23.305	0.236	0.157
zhangjiafen	1962-10-8	12.200	9.980	0	5.181	0.733	3.600	0	0.024	0.066	0.592	0.142	23.156	0.214	0.155
zhangjiafen	1962-10-9	12.200	9.836	0.379	4.687	0.810	4.200	0.004	0.022	0.067	0.645	0.165	22.972	0.202	0.154
zhangjiafen	1962-10-10	12.200	9.703	0.337	4.380	0.540	2.900	0.001	0.022	0.067	0.426	0.113	22.834	0.195	0.153
zhangjiafen	1962-10-11	12.900	9.611	0.133	3.881	0.539	3.000	0.001	0.021	0.067	0.422	0.117	22.685	0.188	0.152
zhangjiafen	1962-10-12	12.900	9.494	0	3.401	0.371	2.200	0	0.019	0.067	0.286	0.085	22.557	0.175	0.151
zhangjiafen	1962-10-13	12.200	9.343	0	2.840	0.506	3.200	0	0.018	0.067	0.382	0.124	22.377	0.162	0.150
zhangjiafen	1962-10-14	12.200	9.171	0	2.267	0.563	3.900	0	0.016	0.067	0.413	0.150	22.155	0.145	0.149
zhangjiafen	1962-10-15	12.200	8.990	0	1.750	0.542	4.200	0	0.014	0.067	0.381	0.161	21.904	0.125	0.148
zhangjiafen	1962-10-16	12.200	8.801	0	1.403	0.351	3.100	0	0.012	0.067	0.232	0.118	21.677	0.104	0.146
zhangjiafen	1962-10-17	12.200	8.603	0	1.006	0.485	4.800	0	0.010	0.067	0.303	0.182	21.371	0.088	0.145
zhangjiafen	1962-10-18	12.200	8.403	0	0.741	0.343	4.000	0	0.008	0.067	0.193	0.151	21.079	0.068	0.142
zhangjiafen	1962-10-19	12.200	8.196	0	0.535	0.299	4.000	0	0.006	0.067	0.150	0.150	20.774	0.053	0.141
zhangjiafen	1962-10-20	12.900	7.994	0	0.384	0.249	3.800	0	0.004	0.067	0.108	0.141	20.468	0.040	0.138
zhangjiafen	1962-10-21	12.200	7.804	0	0.257	0.262	4.500	0	0.003	0.067	0.096	0.166	20.129	0.030	0.136
zhangjiafen	1962-10-22	12.200	7.631	0	0.166	0.233	4.500	0	0.002	0.067	0.068	0.164	19.785	0.022	0.134
zhangjiafen	1962-10-23	12.200	7.478	0	0.118	0.145	3.100	0	0.002	0.067	0.033	0.112	19.488	0.015	0.132
zhangjiafen	1962-10-24	12.200	7.342	0	0.075	0.175	4.000	0	0.001	0.067	0.031	0.144	19.159	0.011	0.130
zhangjiafen	1962-10-25	12.200	7.223	0.079	0.086	0.167	3.400	0	0.002	0.067	0.045	0.121	18.863	0.020	0.128
zhangjiafen	1962-10-26	12.200	7.126	0.859	0.756	0.214	2.700	0	0.007	0.067	0.118	0.095	18.638	0.064	0.126
zhangjiafen	1962-10-27	12.200	7.107	0	0.522	0.253	2.900	0	0.008	0.067	0.151	0.102	18.420	0.075	0.124
zhangjiafen	1962-10-28	12.200	7.155	0	0.321	0.256	3.400	0	0.007	0.067	0.138	0.119	18.171	0.059	0.123
zhangjiafen	1962-10-29	12.200	7.215	0	0.194	0.188	3.000	0	0.005	0.067	0.084	0.104	17.919	0.041	0.121
zhangjiafen	1962-10-30	11.500	7.246	0.031	0.131	0.170	3.100	0	0.003	0.067	0.063	0.107	17.655	0.030	0.119
zhangjiafen	1962-10-31	11.500	7.240	0.322	0.360	0.090	1.400	0	0.005	0.067	0.043	0.048	17.468	0.045	0.118
zhangjiafen	1962-11-1	11.500	7.231	0.693	0.800	0.282	3.300	0.001	0.008	0.067	0.169	0.112	17.246	0.074	0.116
zhangjiafen	1962-11-2	11.500	7.264	0.079	0.686	0.170	1.900	0	0.009	0.067	0.105	0.064	17.080	0.080	0.115
zhangjiafen	1962-11-3	11.500	7.323	0	0.524	0.146	1.800	0	0.008	0.067	0.086	0.060	16.907	0.069	0.114
zhangjiafen	1962-11-4	11.500	7.372	0	0.410	0.094	1.300	0	0.006	0.067	0.051	0.043	16.741	0.057	0.113
zhangjiafen	1962-11-5	10.900	7.391	0	0.297	0.125	1.900	0	0.005	0.067	0.062	0.063	16.546	0.047	0.112
zhangjiafen	1962-11-6	10.900	7.378	0	0.204	0.122	2.100	0	0.004	0.067	0.053	0.069	16.336	0.037	0.110
zhangjiafen	1962-11-7	10.900	7.336	0	0.136	0.108	2.100	0	0.003	0.067	0.039	0.069	16.118	0.027	0.109
zhangjiafen	1962-11-8	10.900	7.274	0	0.095	0.069	1.500	0	0.002	0.067	0.020	0.049	15.913	0.019	0.107
zhangjiafen	1962-11-9	10.900	7.200	0	0.066	0.059	1.400	0	0.002	0.067	0.014	0.045	15.709	0.014	0.106
zhangjiafen	1962-11-10	10.900	7.123	0	0.044	0.059	1.500	0	0.001	0.067	0.011	0.048	15.499	0.010	0.105
zhangjiafen	1962-11-11	10.900	7.051	0.030	0.049	0.071	1.800	0	0.001	0.067	0.014	0.058	15.282	0.011	0.103
zhangjiafen	1962-11-12	10.900	6.986	0.009	0.032	0.067	1.700	0	0.001	0.067	0.013	0.054	15.071	0.012	0.102
zhangjiafen	1962-11-13	10.200	6.939	0	0.014	0.080	2.200	0	0.001	0.067	0.011	0.069	14.841	0.008	0.100
zhangjiafen	1962-11-14	10.200	6.901	0	0.007	0.080	2.400	0	0	0.067	0.005	0.075	14.603	0.003	0.099
zhangjiafen	1962-11-15	10.200	6.859	0.012	0.010	0.057	1.700	0	0	0.067	0.004	0.053	14.390	0.004	0.097
zhangjiafen	1962-11-16	9.500	6.834	0	0.004	0.053	1.600	0	0	0.067	0.003	0.049	14.180	0.003	0.096
zhangjiafen	1962-11-17	9.500	6.817	0	0.003	0.053	1.700	0	0	0.067	0.001	0.052	13.967	0.001	0.095
zhangjiafen	1962-11-18	9.500	6.794	0	0.002	0.049	1.600	0	0	0.067	0	0.049	13.759	0	0.093
zhangjiafen	1962-11-19	9.500	6.772	0.059	0.029	0.081	2.100	0	0.001	0.067	0.018	0.063	13.550	0.013	0.092
zhangjiafen	1962-11-20	9.500	6.761	0.147	0.124	0.062	1.300	0	0.003	0.067	0.023	0.039	13.380	0.026	0.090
zhangjiafen	1962-11-21	10.200	6.766	0	0.069	0.067	1.400	0	0.003	0.067	0.025	0.042	13.209	0.027	0.089
zhangjiafen	1962-11-22	8.890	6.781	0	0.038	0.066	1.700	0	0.002	0.067	0.016	0.050	13.017	0.014	0.088
zhangjiafen	1962-11-23	10.200	6.802	0	0.020	0.059	1.700	0	0.001	0.067	0.009	0.050	12.822	0.008	0.087
zhangjiafen	1962-11-24	10.900	6.818	0	0.010	0.055	1.700	0	0.001	0.067	0.005	0.049	12.624	0.005	0.085
zhangjiafen	1962-11-25	10.200	6.825	0	0.006	0.042	1.400	0	0	0.067	0.002	0.040	12.435	0.002	0.084
zhangjiafen	1962-11-26	10.900	6.820	0	0.004	0.041	1.400	0	0	0.067	0.001	0.040	12.245	0.001	0.083
zhangjiafen	1962-11-27	11.500	6.808	0	0.004	0.040	1.400	0	0	0.067	0	0.040	12.057	0	0.082
zhangjiafen	1962-11-28	10.900	6.793	0	0.004	0.034	1.200	0	0	0.067	0	0.034	11.876	0	0.080
zhangjiafen	1962-11-29	10.900	6.776	0	0.004	0.034	1.200	0	0	0.067	0	0.034	11.696	0	0.079
zhangjiafen	1962-11-30	8.890	6.760	0	0.004	0.047	1.700	0	0	0.067	0	0.047	11.504	0	0.078
zhangjiafen	1962-12-1	11.800	6.745	0	0.004	0.099	3.600	0	0	0.067	0	0.099	11.261	0	0.077
zhangjiafen	1962-12-2	11.000	6.733	0	0.004	0.065	2.400	0	0	0.067	0	0.065	11.053	0	0.075
zhangjiafen	1962-12-3	10.800	6.724	0	0.004	0.073	2.700	0	0	0.067	0	0.073	10.840	0	0.074
zhangjiafen	1962-12-4	10.700	6.717	0	0.004	0.067	2.500	0	0	0.067	0	0.067	10.634	0	0.072
zhangjiafen	1962-12-5	9.800	6.712	0	0.004	0.063	2.400	0	0	0.067	0	0.063	10.432	0	0.071
zhangjiafen	1962-12-6	11.700	6.709	0	0.004	0.065	2.500	0	0	0.067	0	0.065	10.230	0	0.070
zhangjiafen	1962-12-7	11.000	6.706	0	0.004	0.065	2.500	0	0	0.067	0	0.065	10.030	0	0.068
zhangjiafen	1962-12-8	9.150	6.705	0	0.004	0.062	2.400	0	0	0.067	0	0.062	9.835	0	0.067
zhangjiafen	1962-12-9	9.150	6.704	0	0.004	0.063	2.500	0	0	0.067	0	0.063	9.638	0	0.066
zhangjiafen	1962-12-10	9.150	6.704	0	0.004	0.063	2.500	0	0	0.067	0	0.063	9.444	0	0.064
zhangjiafen	1962-12-11	8.420	6.704	0.015	0.009	0.071	2.600	0	0	0.067	0.006	0.065	9.253	0.004	0.063
zhangjiafen	1962-12-12	8.020	6.710	0.023	0.015	0.068	2.300	0	0.001	0.067	0.011	0.057	9.075	0.007	0.062
zhangjiafen	1962-12-13	6.450	6.721	0	0.005	0.068	2.500	0	0	0.067	0.007	0.061	8.891	0.004	0.060
zhangjiafen	1962-12-14	6.590	6.730	0	0.004	0.062	2.500	0	0	0.067	0.001	0.060	8.705	0.001	0.059
zhangjiafen	1962-12-15	6.830	6.734	0	0.003	0.058	2.400	0	0	0.067	0	0.057	8.523	0	0.058
zhangjiafen	1962-12-16	9.150	6.733	0	0.003	0.054	2.300	0	0	0.067	0	0.054	8.344	0	0.057
zhangjiafen	1962-12-17	10.300	6.730	0	0.003	0.061	2.600	0	0	0.067	0	0.061	8.161	0	0.056
zhangjiafen	1962-12-18	10.600	6.724	0	0.003	0.058	2.500	0	0	0.067	0	0.058	7.982	0	0.054
zhangjiafen	1962-12-19	8.490	6.717	0	0.003	0.055	2.400	0	0	0.067	0	0.055	7.806	0	0.053
zhangjiafen	1962-12-20	6.790	6.712	0	0.003	0.054	2.400	0	0	0.067	0	0.054	7.633	0	0.052
zhangjiafen	1962-12-21	6.640	6.708	0	0.003	0.051	2.300	0	0	0.067	0	0.051	7.464	0	0.051
zhangjiafen	1962-12-22	7.110	6.706	0	0.003	0.053	2.400	0	0	0.067	0	0.053	7.294	0	0.050
zhangjiafen	1962-12-23	10.300	6.704	0	0.003	0.052	2.400	0	0	0.067	0	0.052	7.126	0	0.049
zhangjiafen	1962-12-24	9.250	6.704	0	0.003	0.052	2.400	0	0	0.067	0	0.052	6.960	0	0.047
zhangjiafen	1962-12-25	9.740	6.704	0	0.003	0.053	2.500	0	0	0.067	0	0.053	6.793	0	0.046
zhangjiafen	1962-12-26	8.300	6.703	0	0.003	0.050	2.400	0	0	0.067	0	0.050	6.630	0	0.045
zhangjiafen	1962-12-27	6.970	6.703	0	0.003	0.048	2.300	0	0	0.067	0	0.048	6.471	0	0.044
zhangjiafen	1962-12-28	7.980	6.703	0	0.003	0.051	2.500	0	0	0.067	0	0.051	6.310	0	0.043
zhangjiafen	1962-12-29	5.670	6.703	0	0.003	0.047	2.300	0	0	0.067	0	0.047	6.154	0	0.042
zhangjiafen	1962-12-30	6.050	6.703	0	0.003	0.046	2.300	0	0	0.067	0	0.046	6.000	0	0.041
zhangjiafen	1962-12-31	6.290	6.703	0	0.003	0.045	2.300	0	0	0.067	0	0.045	5.847	0	0.040
