zhangjiafen	1966-1-1	4.690	8.080	0	6.113	0.215	1.400	0	0.014	0.073	0.153	0.063	29.800	0.129	0.200
zhangjiafen	1966-1-2	4.780	8.080	0	5.932	0.060	0.400	0	0.014	0.072	0.042	0.018	29.630	0.125	0.199
zhangjiafen	1966-1-3	4.450	9.802	0	5.704	0.132	0.900	0	0.014	0.072	0.092	0.040	29.440	0.122	0.198
zhangjiafen	1966-1-4	4.390	11.214	0	5.474	0.143	1.000	0	0.013	0.072	0.099	0.044	29.243	0.118	0.196
zhangjiafen	1966-1-5	4.440	11.781	0	5.197	0.223	1.600	0	0.013	0.071	0.153	0.071	29.026	0.113	0.195
zhangjiafen	1966-1-6	4.810	11.628	0	4.996	0.121	0.900	0	0.012	0.071	0.082	0.040	28.826	0.108	0.193
zhangjiafen	1966-1-7	5.310	11.104	0.250	4.996	0.149	1.000	0.001	0.014	0.070	0.105	0.044	28.654	0.130	0.192
zhangjiafen	1966-1-8	5.550	10.526	0.172	4.988	0.031	0.200	0.001	0.016	0.070	0.022	0.009	28.522	0.140	0.191
zhangjiafen	1966-1-9	5.390	10.038	0	4.733	0.139	0.900	0	0.016	0.069	0.100	0.039	28.363	0.140	0.190
zhangjiafen	1966-1-10	6.440	9.663	0	4.505	0.118	0.800	0	0.015	0.069	0.084	0.035	28.201	0.131	0.189
zhangjiafen	1966-1-11	6.150	9.375	0	4.303	0.098	0.700	0	0.013	0.069	0.068	0.030	28.034	0.121	0.188
zhangjiafen	1966-1-12	6.210	9.143	0	4.049	0.188	1.400	0	0.013	0.069	0.128	0.060	27.836	0.114	0.187
zhangjiafen	1966-1-13	6.710	8.951	0	3.806	0.192	1.500	0	0.012	0.069	0.127	0.065	27.620	0.105	0.186
zhangjiafen	1966-1-14	6.400	8.789	0	3.586	0.171	1.400	0	0.011	0.069	0.111	0.060	27.406	0.098	0.184
zhangjiafen	1966-1-15	7.030	8.648	0	3.385	0.153	1.300	0	0.010	0.069	0.098	0.056	27.185	0.093	0.183
zhangjiafen	1966-1-16	7.350	8.524	0	3.193	0.149	1.300	0	0.010	0.069	0.093	0.055	26.968	0.089	0.181
zhangjiafen	1966-1-17	6.660	8.415	0	3.050	0.078	0.700	0	0.010	0.069	0.048	0.030	26.775	0.086	0.180
zhangjiafen	1966-1-18	6.350	8.318	0	2.905	0.087	0.800	0	0.009	0.069	0.053	0.034	26.582	0.083	0.179
zhangjiafen	1966-1-19	6.290	8.232	0	2.759	0.095	0.900	0	0.009	0.069	0.058	0.038	26.380	0.080	0.177
zhangjiafen	1966-1-20	6.750	8.155	0	2.630	0.072	0.700	0	0.009	0.069	0.043	0.029	26.177	0.077	0.176
zhangjiafen	1966-1-21	6.590	8.086	0	2.499	0.081	0.800	0	0.008	0.069	0.048	0.033	25.977	0.075	0.175
zhangjiafen	1966-1-22	8.880	8.024	0	2.362	0.099	1.000	0	0.008	0.069	0.057	0.042	25.766	0.072	0.173
zhangjiafen	1966-1-23	8.240	7.967	0.215	2.419	0.097	0.900	0.001	0.010	0.069	0.060	0.037	25.576	0.087	0.172
zhangjiafen	1966-1-24	6.900	7.935	0.068	2.313	0.112	1.000	0	0.010	0.069	0.071	0.041	25.388	0.093	0.171
zhangjiafen	1966-1-25	6.370	7.949	0.002	2.134	0.139	1.300	0	0.010	0.069	0.085	0.053	25.184	0.086	0.169
zhangjiafen	1966-1-26	6.140	7.962	0.012	2.011	0.081	0.800	0	0.009	0.069	0.048	0.033	24.992	0.078	0.168
zhangjiafen	1966-1-27	5.270	7.950	0	1.876	0.096	1.000	0	0.008	0.069	0.055	0.041	24.789	0.072	0.167
zhangjiafen	1966-1-28	5.470	7.914	0	1.748	0.100	1.100	0	0.007	0.069	0.055	0.045	24.577	0.066	0.165
zhangjiafen	1966-1-29	5.390	7.857	0	1.636	0.086	1.000	0	0.007	0.068	0.046	0.040	24.364	0.060	0.164
zhangjiafen	1966-1-30	6.140	7.791	0	1.528	0.091	1.100	0	0.006	0.068	0.047	0.044	24.142	0.055	0.162
zhangjiafen	1966-1-31	6.140	7.724	0	1.412	0.119	1.500	0	0.006	0.068	0.059	0.060	23.904	0.051	0.161
zhangjiafen	1966-2-1	6.260	7.659	0	1.286	0.153	2.000	0	0.005	0.068	0.074	0.080	23.646	0.048	0.159
zhangjiafen	1966-2-2	6.370	7.598	0	1.175	0.133	1.800	0	0.005	0.068	0.062	0.071	23.391	0.044	0.158
zhangjiafen	1966-2-3	5.700	7.542	0	1.083	0.100	1.400	0	0.005	0.068	0.045	0.055	23.154	0.042	0.156
zhangjiafen	1966-2-4	6.180	7.488	0	1.009	0.069	1.000	0	0.004	0.068	0.030	0.039	22.932	0.039	0.154
zhangjiafen	1966-2-5	6.180	7.439	0	0.936	0.074	1.100	0	0.004	0.068	0.031	0.043	22.706	0.037	0.153
zhangjiafen	1966-2-6	6.920	7.392	0	0.870	0.066	1.000	0	0.004	0.068	0.027	0.039	22.483	0.035	0.151
zhangjiafen	1966-2-7	7.570	7.350	0	0.798	0.089	1.400	0	0.004	0.068	0.035	0.054	22.244	0.033	0.150
zhangjiafen	1966-2-8	8.250	7.311	0.011	0.737	0.094	1.500	0	0.004	0.068	0.036	0.058	22.003	0.032	0.148
zhangjiafen	1966-2-9	7.970	7.275	0	0.661	0.115	1.900	0	0.003	0.068	0.043	0.073	21.745	0.030	0.147
zhangjiafen	1966-2-10	8.250	7.242	0	0.592	0.116	2.000	0	0.003	0.068	0.040	0.076	21.483	0.027	0.145
zhangjiafen	1966-2-11	7.040	7.213	0	0.539	0.078	1.400	0	0.003	0.068	0.026	0.053	21.244	0.024	0.143
zhangjiafen	1966-2-12	6.420	7.183	0	0.470	0.142	2.600	0	0.003	0.068	0.044	0.097	20.960	0.023	0.142
zhangjiafen	1966-2-13	7.180	7.154	0	0.413	0.115	2.200	0	0.002	0.068	0.034	0.082	20.690	0.020	0.140
zhangjiafen	1966-2-14	8.350	7.123	0	0.355	0.142	2.800	0	0.002	0.068	0.038	0.104	20.399	0.018	0.138
zhangjiafen	1966-2-15	7.110	7.092	0	0.309	0.121	2.500	0	0.002	0.068	0.029	0.092	20.120	0.015	0.136
zhangjiafen	1966-2-16	7.370	7.061	0	0.270	0.108	2.300	0	0.002	0.068	0.024	0.084	19.848	0.014	0.134
zhangjiafen	1966-2-17	6.710	7.030	0	0.236	0.100	2.200	0	0.001	0.068	0.021	0.080	19.581	0.013	0.132
zhangjiafen	1966-2-18	6.850	7.000	0.026	0.222	0.078	1.600	0	0.002	0.068	0.020	0.058	19.343	0.018	0.131
zhangjiafen	1966-2-19	6.140	6.986	0.251	0.376	0.111	1.700	0	0.005	0.068	0.050	0.061	19.129	0.043	0.129
zhangjiafen	1966-2-20	6.260	7.011	2.627	2.793	0.089	0.700	0.002	0.014	0.068	0.064	0.025	19.038	0.130	0.128
zhangjiafen	1966-2-21	6.180	7.167	0.062	2.612	0.077	0.500	0	0.018	0.068	0.060	0.018	18.991	0.165	0.127
zhangjiafen	1966-2-22	7.170	7.430	0	2.321	0.150	1.000	0	0.018	0.067	0.114	0.035	18.921	0.159	0.127
zhangjiafen	1966-2-23	6.980	7.717	0	2.047	0.142	1.000	0	0.017	0.067	0.107	0.035	18.842	0.150	0.126
zhangjiafen	1966-2-24	7.300	7.960	0	1.741	0.203	1.500	0	0.016	0.067	0.150	0.053	18.737	0.141	0.126
zhangjiafen	1966-2-25	8.230	8.130	0	1.370	0.316	2.500	0	0.014	0.067	0.228	0.088	18.586	0.129	0.125
zhangjiafen	1966-2-26	8.550	8.218	0	1.061	0.263	2.300	0	0.013	0.067	0.183	0.081	18.427	0.114	0.124
zhangjiafen	1966-2-27	8.490	8.229	0	0.714	0.361	3.500	0	0.011	0.067	0.239	0.122	18.213	0.098	0.123
zhangjiafen	1966-2-28	13.200	8.179	0	0.397	0.393	4.500	0	0.008	0.067	0.237	0.156	17.945	0.076	0.121
zhangjiafen	1966-3-1	10.800	8.074	0	0.228	0.239	3.500	0	0.006	0.067	0.119	0.120	17.687	0.050	0.120
zhangjiafen	1966-3-2	12.600	7.921	0	0.156	0.100	1.800	0	0.003	0.067	0.038	0.062	17.471	0.031	0.118
zhangjiafen	1966-3-3	14.600	7.742	0	0.100	0.108	2.200	0	0.002	0.067	0.033	0.075	17.235	0.022	0.116
zhangjiafen	1966-3-4	16.100	7.562	0.041	0.073	0.173	3.700	0	0.002	0.067	0.049	0.125	16.947	0.019	0.115
zhangjiafen	1966-3-5	12.300	7.397	2.065	1.970	0.075	0.700	0	0.012	0.067	0.051	0.023	16.848	0.105	0.113
zhangjiafen	1966-3-6	12.300	7.403	0.314	2.010	0.149	1.100	0.001	0.016	0.067	0.113	0.037	16.776	0.144	0.112
zhangjiafen	1966-3-7	10.400	7.563	0	1.744	0.146	1.100	0	0.016	0.067	0.110	0.037	16.701	0.141	0.112
zhangjiafen	1966-3-8	11.400	7.758	0	1.515	0.113	0.900	0	0.015	0.067	0.083	0.030	16.624	0.131	0.111
zhangjiafen	1966-3-9	11.400	7.920	0	1.176	0.284	2.400	0	0.013	0.067	0.204	0.080	16.487	0.121	0.111
zhangjiafen	1966-3-10	11.400	8.022	0	0.896	0.235	2.200	0	0.012	0.067	0.162	0.073	16.344	0.106	0.110
zhangjiafen	1966-3-11	11.800	8.057	0	0.524	0.419	4.400	0	0.010	0.067	0.275	0.145	16.113	0.090	0.109
zhangjiafen	1966-3-12	12.700	8.031	0	0.236	0.401	5.300	0	0.007	0.067	0.229	0.173	15.829	0.063	0.107
zhangjiafen	1966-3-13	13.200	7.943	0	0.126	0.179	3.200	0	0.004	0.067	0.075	0.103	15.587	0.034	0.106
zhangjiafen	1966-3-14	11.800	7.793	0.064	0.083	0.206	4.000	0	0.003	0.067	0.078	0.128	15.316	0.029	0.104
zhangjiafen	1966-3-15	11.800	7.608	0.187	0.129	0.249	4.500	0	0.004	0.067	0.106	0.143	15.039	0.035	0.102
zhangjiafen	1966-3-16	11.400	7.422	0.362	0.325	0.211	3.200	0	0.006	0.067	0.110	0.101	14.821	0.051	0.100
zhangjiafen	1966-3-17	10.400	7.280	0.027	0.231	0.126	1.900	0	0.006	0.067	0.066	0.059	14.647	0.051	0.099
zhangjiafen	1966-3-18	9.670	7.194	0.053	0.189	0.115	2.000	0	0.004	0.067	0.053	0.062	14.459	0.039	0.098
zhangjiafen	1966-3-19	7.750	7.145	0	0.131	0.066	1.300	0	0.003	0.067	0.026	0.040	14.285	0.030	0.096
zhangjiafen	1966-3-20	7.750	7.111	0	0.073	0.105	2.300	0	0.002	0.067	0.035	0.071	14.074	0.022	0.095
zhangjiafen	1966-3-21	8.050	7.081	0	0.036	0.092	2.300	0	0.002	0.067	0.022	0.070	13.857	0.014	0.094
zhangjiafen	1966-3-22	9.010	7.048	0	0.013	0.117	3.300	0	0.001	0.067	0.017	0.100	13.605	0.008	0.092
zhangjiafen	1966-3-23	8.680	7.009	0	0.005	0.123	3.900	0	0	0.067	0.007	0.117	13.333	0.003	0.091
zhangjiafen	1966-3-24	8.350	6.965	0	0.004	0.078	2.600	0	0	0.067	0.001	0.077	13.100	0.001	0.089
zhangjiafen	1966-3-25	8.050	6.919	0	0.003	0.109	3.700	0	0	0.067	0.001	0.109	12.838	0	0.087
zhangjiafen	1966-3-26	8.350	6.875	0	0.003	0.073	2.500	0	0	0.067	0	0.073	12.612	0	0.086
zhangjiafen	1966-3-27	8.350	6.835	0	0.002	0.052	1.800	0	0	0.067	0	0.052	12.409	0	0.084
zhangjiafen	1966-3-28	9.340	6.800	0.075	0.045	0.143	4.200	0	0.001	0.067	0.023	0.120	12.148	0.008	0.083
zhangjiafen	1966-3-29	9.010	6.802	2.809	2.535	0.247	2.200	0	0.013	0.067	0.185	0.062	12.057	0.120	0.081
zhangjiafen	1966-3-30	9.340	6.921	0.561	2.562	0.436	3.000	0.003	0.018	0.067	0.351	0.085	11.987	0.162	0.080
zhangjiafen	1966-3-31	9.340	7.168	0	1.983	0.512	3.700	0	0.017	0.067	0.409	0.104	11.890	0.154	0.080
zhangjiafen	1966-4-1	9.340	7.460	0.010	1.378	0.604	4.900	0	0.015	0.067	0.467	0.137	11.741	0.134	0.079
zhangjiafen	1966-4-2	9.340	7.715	0	0.968	0.396	3.800	0	0.012	0.067	0.290	0.106	11.599	0.109	0.078
zhangjiafen	1966-4-3	9.340	7.874	0	0.591	0.415	4.700	0	0.010	0.067	0.285	0.130	11.411	0.087	0.077
zhangjiafen	1966-4-4	9.340	7.923	0.252	0.518	0.374	4.700	0	0.008	0.067	0.245	0.129	11.215	0.075	0.076
zhangjiafen	1966-4-5	8.680	7.922	1.068	1.327	0.215	2.300	0.001	0.011	0.067	0.153	0.062	11.106	0.095	0.075
zhangjiafen	1966-4-6	9.010	7.980	0.445	1.461	0.240	2.200	0.001	0.013	0.067	0.180	0.059	11.021	0.116	0.074
zhangjiafen	1966-4-7	9.670	8.062	0	1.161	0.234	2.200	0	0.013	0.067	0.175	0.059	10.934	0.113	0.073
zhangjiafen	1966-4-8	9.340	8.098	0	0.875	0.248	2.600	0	0.011	0.067	0.178	0.070	10.822	0.098	0.073
zhangjiafen	1966-4-9	9.010	8.083	0	0.613	0.257	3.100	0	0.009	0.067	0.175	0.083	10.681	0.081	0.072
zhangjiafen	1966-4-10	8.680	8.024	0.681	1.103	0.120	1.300	0.001	0.011	0.067	0.086	0.034	10.603	0.095	0.071
zhangjiafen	1966-4-11	8.680	7.941	0.257	0.927	0.420	4.100	0	0.012	0.067	0.312	0.108	10.466	0.109	0.071
zhangjiafen	1966-4-12	8.350	7.865	0	0.646	0.253	2.800	0	0.010	0.067	0.179	0.073	10.349	0.092	0.070
zhangjiafen	1966-4-13	8.350	7.799	0.014	0.252	0.523	6.800	0	0.008	0.067	0.346	0.177	10.109	0.074	0.069
zhangjiafen	1966-4-14	8.050	7.737	0.851	0.832	0.275	3.500	0.001	0.009	0.067	0.185	0.090	9.961	0.077	0.067
zhangjiafen	1966-4-15	8.050	7.705	0	0.456	0.426	5.200	0	0.009	0.067	0.293	0.133	9.776	0.081	0.066
zhangjiafen	1966-4-16	8.050	7.697	0.014	0.240	0.299	4.800	0	0.006	0.067	0.178	0.122	9.575	0.054	0.065
zhangjiafen	1966-4-17	8.050	7.669	0.180	0.185	0.308	5.100	0	0.006	0.067	0.180	0.128	9.368	0.052	0.064
zhangjiafen	1966-4-18	7.450	7.609	0.866	0.812	0.230	3.000	0.001	0.008	0.067	0.155	0.074	9.240	0.076	0.062
zhangjiafen	1966-4-19	7.450	7.548	0	0.386	0.494	6.000	0	0.009	0.067	0.346	0.148	9.047	0.084	0.062
zhangjiafen	1966-4-20	7.750	7.509	0.380	0.465	0.346	4.900	0.001	0.007	0.067	0.226	0.119	8.867	0.067	0.060
zhangjiafen	1966-4-21	7.750	7.486	0	0.253	0.261	4.200	0	0.006	0.067	0.159	0.101	8.695	0.055	0.059
zhangjiafen	1966-4-22	7.750	7.465	0.451	0.477	0.253	3.900	0	0.007	0.067	0.160	0.093	8.536	0.060	0.058
zhangjiafen	1966-4-23	7.750	7.469	0	0.172	0.427	6.800	0	0.006	0.067	0.266	0.161	8.308	0.057	0.057
zhangjiafen	1966-4-24	7.450	7.473	0.006	0.066	0.223	5.500	0	0.003	0.067	0.095	0.128	8.083	0.025	0.055
zhangjiafen	1966-4-25	7.450	7.431	0.001	0.029	0.126	4.200	0	0.001	0.067	0.029	0.097	7.875	0.010	0.054
zhangjiafen	1966-4-26	7.150	7.341	0	0.005	0.172	6.600	0	0.001	0.067	0.022	0.150	7.611	0.005	0.053
zhangjiafen	1966-4-27	6.570	7.228	0	0.002	0.111	4.800	0	0	0.067	0.003	0.107	7.387	0.001	0.051
zhangjiafen	1966-4-28	6.010	7.116	0	0.001	0.186	8.400	0	0	0.067	0.001	0.185	7.086	0	0.049
zhangjiafen	1966-4-29	5.210	7.016	0.056	0.021	0.187	7.200	0	0.001	0.067	0.033	0.155	6.823	0.007	0.047
zhangjiafen	1966-4-30	5.210	6.957	0.303	0.224	0.174	4.700	0	0.003	0.067	0.075	0.099	6.635	0.023	0.045
zhangjiafen	1966-5-1	5.210	6.969	1.824	1.671	0.352	4.000	0.001	0.011	0.067	0.269	0.083	6.536	0.096	0.044
zhangjiafen	1966-5-2	5.450	7.141	0.063	1.230	0.473	4.600	0	0.013	0.067	0.378	0.095	6.446	0.115	0.044
zhangjiafen	1966-5-3	5.730	7.316	0	0.682	0.602	7.000	0	0.010	0.067	0.458	0.144	6.285	0.093	0.043
zhangjiafen	1966-5-4	6.010	7.455	0	0.406	0.317	5.100	0	0.007	0.067	0.214	0.103	6.133	0.060	0.042
zhangjiafen	1966-5-5	5.730	7.517	0	0.263	0.169	3.500	0	0.005	0.067	0.099	0.070	5.996	0.041	0.041
zhangjiafen	1966-5-6	5.210	7.494	0.005	0.118	0.245	6.100	0	0.003	0.067	0.125	0.120	5.799	0.030	0.040
zhangjiafen	1966-5-7	5.210	7.410	0	0.045	0.167	5.500	0	0.002	0.067	0.060	0.107	5.602	0.016	0.039
zhangjiafen	1966-5-8	4.730	7.285	0	0.007	0.155	6.400	0	0.001	0.067	0.033	0.122	5.383	0.008	0.037
zhangjiafen	1966-5-9	4.730	7.144	0.150	0.038	0.199	5.500	0	0.003	0.067	0.096	0.103	5.204	0.026	0.036
zhangjiafen	1966-5-10	4.490	7.023	0	0.002	0.133	5.000	0	0.001	0.067	0.041	0.092	5.022	0.012	0.035
zhangjiafen	1966-5-11	4.060	6.940	0	0	0.125	6.800	0	0	0.067	0.003	0.123	4.800	0.001	0.033
zhangjiafen	1966-5-12	4.060	6.884	0	0	0.128	7.300	0	0	0.067	0	0.128	4.572	0	0.032
zhangjiafen	1966-5-13	3.680	6.843	0	0	0.134	7.800	0	0	0.067	0	0.134	4.341	0	0.030
zhangjiafen	1966-5-14	3.300	6.811	0	0	0.114	6.800	0	0	0.067	0	0.114	4.131	0	0.029
zhangjiafen	1966-5-15	2.960	6.784	0	0	0.130	8.000	0	0	0.067	0	0.130	3.906	0	0.028
zhangjiafen	1966-5-16	2.960	6.761	0	0	0.123	7.800	0	0	0.067	0	0.123	3.690	0	0.026
zhangjiafen	1966-5-17	2.960	6.743	0	0	0.109	7.100	0	0	0.067	0	0.109	3.489	0	0.025
zhangjiafen	1966-5-18	2.960	6.729	0.022	0.003	0.127	7.300	0	0	0.067	0.018	0.109	3.294	0.004	0.023
zhangjiafen	1966-5-19	2.620	6.720	0.294	0.186	0.189	6.700	0	0.002	0.067	0.092	0.097	3.128	0.020	0.022
zhangjiafen	1966-5-20	2.320	6.765	20.808	19.574	1.159	4.700	0.006	0.032	0.028	1.093	0.066	3.303	0.289	0.021
zhangjiafen	1966-5-21	2.620	6.881	8.175	27.070	0	0	0.242	0.044	0.010	0	0	3.664	0.393	0.022
zhangjiafen	1966-5-22	5.730	9.599	0.357	25.863	1.134	2.900	0.013	0.046	0.011	1.089	0.044	3.999	0.415	0.024
zhangjiafen	1966-5-23	9.010	10.937	1.262	25.001	1.697	4.400	0.044	0.046	0.012	1.626	0.071	4.300	0.410	0.027
zhangjiafen	1966-5-24	6.570	11.555	1.602	25.650	0.459	1.200	0.061	0.045	0.013	0.439	0.020	4.645	0.407	0.029
zhangjiafen	1966-5-25	6.290	11.797	8.416	32.632	0.656	1.600	0.329	0.048	0.013	0.628	0.028	5.003	0.429	0.031
zhangjiafen	1966-5-26	7.150	15.234	2.062	32.311	1.866	4.300	0.096	0.050	0.013	1.789	0.078	5.328	0.449	0.033
zhangjiafen	1966-5-27	7.150	18.782	0.001	30.109	1.790	4.200	0	0.049	0.014	1.712	0.078	5.641	0.442	0.035
zhangjiafen	1966-5-28	7.150	18.066	0.500	28.059	2.148	5.200	0.024	0.048	0.015	2.048	0.100	5.918	0.430	0.038
zhangjiafen	1966-5-29	5.730	15.742	6.294	31.262	2.465	5.900	0.261	0.048	0.016	2.349	0.116	6.180	0.434	0.039
zhangjiafen	1966-5-30	6.290	17.247	3.331	33.084	0.907	2.100	0.149	0.049	0.017	0.865	0.042	6.526	0.445	0.041
zhangjiafen	1966-5-31	9.010	20.430	0.202	31.252	1.605	3.700	0.010	0.050	0.017	1.528	0.077	6.834	0.446	0.043
zhangjiafen	1966-6-1	8.050	18.938	11.488	39.555	2.229	4.900	0.544	0.052	0.018	2.125	0.104	7.132	0.465	0.046
zhangjiafen	1966-6-2	7.450	26.363	0.688	37.195	2.602	5.500	0.031	0.053	0.018	2.483	0.119	7.428	0.481	0.047
zhangjiafen	1966-6-3	9.010	28.768	1.134	35.419	2.443	5.300	0.064	0.052	0.019	2.326	0.117	7.711	0.469	0.049
zhangjiafen	1966-6-4	9.010	24.262	0.029	31.726	3.386	7.600	0.001	0.051	0.020	3.215	0.171	7.924	0.455	0.051
zhangjiafen	1966-6-5	7.750	19.151	0.195	28.626	2.962	7.000	0.009	0.048	0.021	2.802	0.160	8.125	0.435	0.053
zhangjiafen	1966-6-6	6.570	15.300	0.901	27.371	1.747	4.300	0.042	0.047	0.022	1.647	0.099	8.370	0.420	0.054
zhangjiafen	1966-6-7	5.450	13.156	0	25.099	1.931	4.900	0	0.046	0.023	1.816	0.115	8.586	0.410	0.056
zhangjiafen	1966-6-8	5.450	11.542	0.069	22.186	2.713	7.200	0.003	0.044	0.025	2.542	0.171	8.727	0.394	0.057
zhangjiafen	1966-6-9	5.450	10.341	0.554	20.597	1.822	5.100	0.023	0.042	0.026	1.700	0.122	8.898	0.377	0.058
zhangjiafen	1966-6-10	5.210	9.525	0.772	19.017	2.074	6.000	0.015	0.041	0.027	1.929	0.145	9.033	0.367	0.059
zhangjiafen	1966-6-11	4.730	9.297	0.708	16.604	2.919	8.800	0.023	0.039	0.029	2.704	0.214	9.085	0.355	0.060
zhangjiafen	1966-6-12	5.210	9.137	2.090	17.110	1.246	3.900	0.051	0.038	0.030	1.151	0.095	9.243	0.344	0.060
zhangjiafen	1966-6-13	5.730	9.382	6.866	21.726	1.798	5.200	0.170	0.041	0.026	1.670	0.128	9.395	0.368	0.062
zhangjiafen	1966-6-14	8.350	12.364	0.468	20.058	1.829	5.100	0.013	0.042	0.025	1.702	0.127	9.560	0.379	0.063
zhangjiafen	1966-6-15	9.340	13.759	4.756	23.532	0.764	2.100	0.145	0.043	0.025	0.711	0.053	9.802	0.384	0.064
zhangjiafen	1966-6-16	13.400	14.398	5.519	27.085	1.411	3.600	0.194	0.045	0.025	1.319	0.091	10.027	0.407	0.065
zhangjiafen	1966-6-17	16.000	17.125	2.638	27.551	1.709	4.200	0.106	0.047	0.026	1.601	0.108	10.246	0.420	0.067
zhangjiafen	1966-6-18	17.700	19.331	1.556	27.514	1.142	2.800	0.056	0.047	0.026	1.069	0.073	10.499	0.420	0.068
zhangjiafen	1966-6-19	17.700	19.087	3.472	28.950	1.532	3.700	0.129	0.047	0.027	1.435	0.097	10.730	0.425	0.070
zhangjiafen	1966-6-20	17.100	19.660	0.965	27.957	1.539	3.700	0.043	0.047	0.027	1.441	0.098	10.959	0.426	0.072
zhangjiafen	1966-6-21	14.200	18.205	0.481	26.242	1.832	4.500	0.020	0.047	0.028	1.711	0.121	11.155	0.419	0.073
zhangjiafen	1966-6-22	11.400	15.706	1.222	25.805	1.235	3.100	0.051	0.046	0.029	1.151	0.084	11.379	0.411	0.074
zhangjiafen	1966-6-23	10.400	13.969	0.216	24.323	1.332	3.400	0.009	0.045	0.030	1.239	0.093	11.586	0.405	0.076
zhangjiafen	1966-6-24	10.000	12.539	2.154	24.295	1.781	4.600	0.083	0.045	0.030	1.653	0.127	11.752	0.401	0.077
zhangjiafen	1966-6-25	10.400	13.378	1.663	24.591	0.927	2.400	0.062	0.044	0.030	0.860	0.067	11.977	0.400	0.078
zhangjiafen	1966-6-26	10.400	13.751	0.107	22.486	1.907	5.000	0.006	0.044	0.031	1.766	0.141	12.121	0.396	0.080
zhangjiafen	1966-6-27	9.340	12.692	0.083	20.492	1.790	4.900	0.002	0.042	0.032	1.651	0.139	12.252	0.382	0.081
zhangjiafen	1966-6-28	8.050	11.230	0.438	19.754	0.809	2.300	0.021	0.041	0.033	0.744	0.065	12.442	0.370	0.082
zhangjiafen	1966-6-29	8.680	10.502	0.250	18.487	1.205	3.500	0.009	0.040	0.034	1.105	0.100	12.589	0.363	0.083
zhangjiafen	1966-6-30	8.680	9.884	0.035	16.765	1.494	4.500	0.001	0.039	0.035	1.365	0.130	12.693	0.352	0.084
zhangjiafen	1966-7-1	8.050	9.176	0.056	15.290	1.269	4.000	0.001	0.038	0.037	1.153	0.116	12.794	0.339	0.085
zhangjiafen	1966-7-2	7.450	8.601	0.893	14.846	1.045	3.400	0.025	0.037	0.038	0.946	0.099	12.902	0.330	0.085
zhangjiafen	1966-7-3	7.150	8.566	0.135	13.273	1.495	5.000	0.002	0.036	0.040	1.349	0.146	12.952	0.322	0.086
zhangjiafen	1966-7-4	6.010	8.508	6.478	19.238	0	0	0.136	0.038	0.037	0	0	13.167	0.339	0.086
zhangjiafen	1966-7-5	6.570	9.577	2.792	21.377	0.177	0.500	0.077	0.041	0.035	0.162	0.015	13.402	0.372	0.088
zhangjiafen	1966-7-6	8.680	11.714	0.837	20.599	1.269	3.500	0.029	0.042	0.035	1.165	0.104	13.553	0.379	0.089
zhangjiafen	1966-7-7	8.350	13.022	0	18.608	1.726	4.900	0	0.041	0.035	1.580	0.147	13.650	0.370	0.090
zhangjiafen	1966-7-8	6.570	12.733	0	16.024	2.408	7.200	0	0.039	0.037	2.191	0.216	13.660	0.354	0.091
zhangjiafen	1966-7-9	6.010	11.657	0.590	14.631	1.761	5.600	0.017	0.037	0.040	1.592	0.168	13.697	0.336	0.091
zhangjiafen	1966-7-10	5.450	10.731	3.188	16.343	1.129	3.600	0.083	0.037	0.040	1.021	0.108	13.793	0.335	0.091
zhangjiafen	1966-7-11	11.700	11.218	5.023	20.101	0.811	2.400	0.131	0.040	0.037	0.738	0.072	13.948	0.357	0.092
zhangjiafen	1966-7-12	9.340	13.122	24.052	42.430	0.523	1.200	0.745	0.049	0.034	0.487	0.036	14.227	0.442	0.093
zhangjiafen	1966-7-13	25.400	32.180	8.899	49.962	0.315	0.600	0.489	0.058	0.035	0.297	0.018	14.601	0.523	0.095
zhangjiafen	1966-7-14	82.700	53.066	0.608	49.003	0.980	1.800	0.042	0.060	0.035	0.924	0.056	14.953	0.541	0.097
zhangjiafen	1966-7-15	30.400	42.279	1.286	49.356	0.271	0.500	0.078	0.060	0.036	0.256	0.016	15.340	0.538	0.100
zhangjiafen	1966-7-16	23.600	32.228	0.544	47.688	1.678	3.100	0.038	0.060	0.037	1.580	0.099	15.638	0.536	0.102
zhangjiafen	1966-7-17	18.200	24.571	0.978	46.703	1.389	2.600	0.069	0.059	0.038	1.305	0.084	15.941	0.529	0.104
zhangjiafen	1966-7-18	15.100	20.165	0.043	43.947	2.364	4.500	0.003	0.058	0.039	2.218	0.146	16.170	0.520	0.106
zhangjiafen	1966-7-19	12.700	16.858	0.309	41.570	2.250	4.400	0.018	0.056	0.039	2.106	0.144	16.385	0.507	0.108
zhangjiafen	1966-7-20	11.400	14.668	0	37.968	3.273	6.600	0	0.055	0.040	3.056	0.217	16.511	0.492	0.109
zhangjiafen	1966-7-21	10.700	13.145	0.369	35.084	2.906	6.100	0.021	0.053	0.040	2.704	0.202	16.634	0.474	0.110
zhangjiafen	1966-7-22	9.340	12.219	0.136	33.380	1.427	3.100	0.005	0.051	0.040	1.324	0.103	16.840	0.460	0.111
zhangjiafen	1966-7-23	9.340	11.667	5.251	36.399	1.581	3.400	0.248	0.052	0.041	1.468	0.114	17.037	0.464	0.112
zhangjiafen	1966-7-24	9.340	15.359	5.818	39.774	1.745	3.600	0.284	0.053	0.041	1.624	0.121	17.243	0.481	0.114
zhangjiafen	1966-7-25	11.700	29.180	15.528	53.165	0.742	1.400	0.859	0.058	0.042	0.695	0.047	17.563	0.525	0.115
zhangjiafen	1966-7-26	63.400	63.020	3.683	55.554	0.399	0.700	0.289	0.063	0.043	0.375	0.024	17.947	0.567	0.117
zhangjiafen	1966-7-27	36.000	54.831	0.433	54.502	0.860	1.500	0.041	0.064	0.044	0.808	0.052	18.303	0.572	0.120
zhangjiafen	1966-7-28	26.300	38.417	23.839	75.706	0.062	0.100	1.840	0.074	0.044	0.059	0.003	18.797	0.664	0.122
zhangjiafen	1966-7-29	40.500	117.432	1.925	75.364	1.402	2.100	0.166	0.077	0.046	1.328	0.074	19.248	0.696	0.125
zhangjiafen	1966-7-30	28.100	76.199	0.254	72.820	2.120	3.200	0.030	0.076	0.047	2.005	0.114	19.645	0.687	0.128
zhangjiafen	1966-7-31	21.700	46.892	0.048	70.883	1.305	2.000	0.005	0.075	0.048	1.233	0.072	20.066	0.672	0.131
zhangjiafen	1966-8-1	18.800	30.665	0.630	69.489	1.291	2.000	0.072	0.074	0.049	1.218	0.073	20.472	0.662	0.134
zhangjiafen	1966-8-2	18.200	25.270	3.469	69.492	2.314	3.600	0.421	0.086	0.050	2.181	0.133	20.930	0.777	0.136
zhangjiafen	1966-8-3	25.000	40.397	11.063	78.644	0	0	1.033	0.088	0.051	0	0	21.530	0.791	0.140
zhangjiafen	1966-8-4	33.500	70.202	0.407	76.040	2.305	3.400	0.046	0.079	0.052	2.176	0.128	21.916	0.710	0.144
zhangjiafen	1966-8-5	32.000	53.758	0	73.135	2.266	3.400	0	0.077	0.053	2.137	0.129	22.279	0.692	0.146
zhangjiafen	1966-8-6	22.900	35.594	0.515	70.512	2.490	3.800	0.045	0.075	0.054	2.344	0.146	22.604	0.674	0.149
zhangjiafen	1966-8-7	19.400	26.343	13.531	80.386	1.744	2.600	1.232	0.078	0.055	1.643	0.101	23.000	0.703	0.151
zhangjiafen	1966-8-8	19.400	63.454	6.885	83.650	2.094	3.000	0.768	0.088	0.056	1.977	0.117	23.463	0.789	0.153
zhangjiafen	1966-8-9	30.700	92.589	3.388	83.809	2.116	3.000	0.384	0.085	0.057	1.998	0.118	23.894	0.762	0.156
zhangjiafen	1966-8-10	28.700	74.074	0.259	79.725	3.701	5.300	0.032	0.082	0.058	3.491	0.211	24.205	0.740	0.159
zhangjiafen	1966-8-11	20.600	50.514	0.006	76.429	2.663	3.900	0.001	0.079	0.059	2.507	0.156	24.543	0.714	0.161
zhangjiafen	1966-8-12	16.500	34.482	0.904	74.066	2.551	3.800	0.097	0.077	0.060	2.397	0.153	24.862	0.695	0.164
zhangjiafen	1966-8-13	15.100	29.950	23.854	88.104	6.839	9.800	2.413	0.096	0.060	6.441	0.397	25.104	0.866	0.166
zhangjiafen	1966-8-14	90.900	144.608	7.430	92.284	1.537	2.100	0.840	0.096	0.061	1.451	0.085	25.653	0.863	0.167
zhangjiafen	1966-8-15	43.900	123.585	13.457	100.136	2.798	3.700	1.742	0.122	0.062	2.646	0.152	26.362	1.094	0.171
zhangjiafen	1966-8-16	47.700	179.059	11.585	106.114	2.895	3.700	1.596	0.127	0.064	2.741	0.154	27.111	1.143	0.176
zhangjiafen	1966-8-17	65.800	180.081	0	100.075	5.329	6.800	0	0.100	0.066	5.042	0.287	27.474	0.897	0.181
zhangjiafen	1966-8-18	46.500	93.340	1.467	96.882	3.758	4.900	0.160	0.095	0.067	3.550	0.208	27.873	0.857	0.183
zhangjiafen	1966-8-19	37.900	55.728	0.772	94.487	2.270	3.000	0.098	0.093	0.068	2.141	0.128	28.324	0.833	0.186
zhangjiafen	1966-8-20	32.900	41.244	0.685	93.119	1.124	1.500	0.085	0.091	0.069	1.059	0.065	28.819	0.818	0.189
zhangjiafen	1966-8-21	31.200	33.534	0	90.065	2.300	3.100	0	0.089	0.070	2.165	0.135	29.224	0.802	0.192
zhangjiafen	1966-8-22	28.100	27.248	18.357	104.064	1.220	1.600	2.188	0.102	0.071	1.150	0.070	29.804	0.917	0.195
zhangjiafen	1966-8-23	39.600	130.748	0	100.938	2.272	2.900	0	0.098	0.072	2.144	0.128	30.291	0.886	0.199
zhangjiafen	1966-8-24	38.700	82.783	0.069	98.217	1.933	2.500	0.009	0.096	0.074	1.821	0.112	30.766	0.862	0.202
zhangjiafen	1966-8-25	29.500	49.670	1.108	97.595	0.690	0.900	0.140	0.094	0.075	0.650	0.040	31.293	0.847	0.205
zhangjiafen	1966-8-26	28.700	37.652	12.326	106.907	0.235	0.300	1.652	0.114	0.076	0.221	0.014	32.019	1.025	0.209
zhangjiafen	1966-8-27	28.700	103.085	0.525	104.461	1.991	2.500	0.077	0.102	0.078	1.876	0.115	32.528	0.915	0.213
zhangjiafen	1966-8-28	27.400	75.595	7.219	107.744	1.997	2.500	0.949	0.111	0.079	1.881	0.116	33.115	0.998	0.217
zhangjiafen	1966-8-29	28.100	81.726	1.369	106.303	1.686	2.100	0.192	0.103	0.080	1.588	0.098	33.641	0.926	0.221
zhangjiafen	1966-8-30	36.900	72.268	14.129	116.678	0.164	0.200	2.117	0.148	0.082	0.154	0.009	34.660	1.335	0.224
zhangjiafen	1966-8-31	55.800	162.702	0.430	112.653	3.493	4.200	0.066	0.109	0.084	3.293	0.200	35.130	0.985	0.231
zhangjiafen	1966-9-1	45.500	97.930	0	110.665	0.985	1.200	0	0.106	0.085	0.928	0.058	35.709	0.956	0.234
zhangjiafen	1966-9-2	34.500	57.962	0	107.942	1.790	2.200	0	0.104	0.087	1.683	0.106	36.212	0.935	0.238
zhangjiafen	1966-9-3	30.400	38.731	0.016	105.881	1.127	1.400	0.002	0.102	0.088	1.059	0.068	36.728	0.914	0.241
zhangjiafen	1966-9-4	28.700	29.376	1.146	105.865	0	0	0.158	0.100	0.089	0	0	37.299	0.904	0.245
zhangjiafen	1966-9-5	27.400	28.982	0.437	103.675	1.677	2.100	0.059	0.100	0.091	1.573	0.104	37.752	0.896	0.249
zhangjiafen	1966-9-6	24.900	28.229	9.009	108.662	2.011	2.500	1.130	0.101	0.092	1.886	0.124	38.190	0.906	0.252
zhangjiafen	1966-9-7	22.900	63.335	0.002	104.177	3.708	4.600	0	0.101	0.093	3.478	0.230	38.519	0.907	0.255
zhangjiafen	1966-9-8	23.600	58.289	0	100.390	3.007	3.800	0	0.097	0.094	2.816	0.191	38.850	0.873	0.257
zhangjiafen	1966-9-9	21.700	43.453	0.107	97.000	2.725	3.500	0.012	0.094	0.094	2.548	0.177	39.164	0.844	0.259
zhangjiafen	1966-9-10	20.000	33.271	0	94.084	2.147	2.800	0	0.091	0.095	2.005	0.142	39.486	0.820	0.261
zhangjiafen	1966-9-11	19.400	26.900	0	91.012	2.343	3.100	0	0.089	0.096	2.185	0.158	39.767	0.798	0.263
zhangjiafen	1966-9-12	18.200	23.201	0.085	86.910	3.565	4.800	0.009	0.086	0.097	3.319	0.245	39.933	0.773	0.265
zhangjiafen	1966-9-13	17.700	21.482	0	82.772	3.560	4.900	0	0.083	0.097	3.309	0.251	40.064	0.745	0.266
zhangjiafen	1966-9-14	16.500	20.350	0.420	79.446	3.131	4.400	0.041	0.080	0.097	2.905	0.226	40.195	0.721	0.267
zhangjiafen	1966-9-15	16.500	20.033	0.302	75.969	3.210	4.600	0.029	0.078	0.098	2.974	0.236	40.291	0.699	0.268
zhangjiafen	1966-9-16	16.000	20.195	3.025	75.631	2.483	3.600	0.302	0.076	0.098	2.297	0.185	40.426	0.687	0.269
zhangjiafen	1966-9-17	16.000	25.438	7.569	80.003	1.814	2.600	0.740	0.078	0.098	1.680	0.134	40.623	0.699	0.270
zhangjiafen	1966-9-18	16.500	51.317	0.930	78.544	1.619	2.300	0.103	0.079	0.099	1.500	0.119	40.844	0.708	0.271
zhangjiafen	1966-9-19	18.800	52.172	0.234	76.239	1.880	2.700	0.024	0.077	0.099	1.740	0.140	41.029	0.697	0.272
zhangjiafen	1966-9-20	18.800	41.444	0.156	73.213	2.605	3.800	0.017	0.076	0.100	2.408	0.197	41.139	0.681	0.274
zhangjiafen	1966-9-21	17.700	32.615	0.276	70.305	2.625	3.900	0.025	0.074	0.100	2.422	0.203	41.225	0.663	0.274
zhangjiafen	1966-9-22	16.500	26.855	0	67.700	2.048	3.100	0	0.072	0.100	1.887	0.162	41.336	0.647	0.275
zhangjiafen	1966-9-23	16.000	23.323	0.009	64.977	2.207	3.400	0.001	0.070	0.100	2.029	0.177	41.414	0.632	0.276
zhangjiafen	1966-9-24	15.600	21.072	0	62.130	2.355	3.700	0	0.068	0.101	2.162	0.193	41.460	0.616	0.276
zhangjiafen	1966-9-25	14.600	19.589	0	59.123	2.555	4.100	0	0.067	0.101	2.341	0.214	41.469	0.600	0.276
zhangjiafen	1966-9-26	14.200	18.626	0.042	56.285	2.437	4.000	0.003	0.065	0.101	2.228	0.209	41.467	0.584	0.276
zhangjiafen	1966-9-27	14.200	18.080	0.098	53.569	2.382	4.000	0.007	0.063	0.101	2.173	0.209	41.450	0.570	0.276
zhangjiafen	1966-9-28	14.200	17.782	0	51.201	1.922	3.300	0	0.062	0.101	1.750	0.172	41.456	0.556	0.276
zhangjiafen	1966-9-29	13.700	17.539	0.029	48.246	2.620	4.600	0.002	0.060	0.101	2.380	0.240	41.381	0.543	0.276
zhangjiafen	1966-9-30	14.300	17.355	0	45.451	2.439	4.400	0	0.059	0.101	2.209	0.230	41.303	0.527	0.276
zhangjiafen	1966-10-1	13.700	17.114	0	42.642	2.480	4.600	0	0.057	0.100	2.240	0.240	41.200	0.513	0.275
zhangjiafen	1966-10-2	13.700	16.844	0	40.482	1.783	3.400	0	0.055	0.100	1.605	0.177	41.147	0.499	0.275
zhangjiafen	1966-10-3	12.700	16.591	0	38.102	2.046	4.000	0	0.054	0.100	1.838	0.208	41.052	0.488	0.274
zhangjiafen	1966-10-4	13.200	16.371	0.464	36.580	1.598	3.200	0.024	0.053	0.100	1.431	0.166	40.990	0.477	0.274
zhangjiafen	1966-10-5	14.200	16.452	3.550	39.314	0.100	0.200	0.195	0.053	0.100	0.090	0.010	41.085	0.478	0.273
zhangjiafen	1966-10-6	15.600	21.900	0.517	39.038	0.254	0.500	0.027	0.054	0.100	0.228	0.026	41.170	0.485	0.274
zhangjiafen	1966-10-7	16.500	22.926	0	37.375	1.259	2.500	0	0.053	0.100	1.128	0.130	41.146	0.481	0.274
zhangjiafen	1966-10-8	16.000	21.219	0.109	35.717	1.382	2.800	0.006	0.052	0.100	1.236	0.146	41.098	0.472	0.274
zhangjiafen	1966-10-9	16.000	19.271	0.063	34.613	0.726	1.500	0.004	0.052	0.100	0.648	0.078	41.110	0.464	0.274
zhangjiafen	1966-10-10	15.600	17.979	0.326	33.602	0.908	1.900	0.018	0.051	0.100	0.809	0.099	41.096	0.458	0.274
zhangjiafen	1966-10-11	15.100	17.408	0	31.931	1.315	2.800	0	0.050	0.100	1.169	0.146	41.027	0.451	0.274
zhangjiafen	1966-10-12	15.600	16.851	0	30.544	1.010	2.200	0	0.049	0.100	0.896	0.114	40.982	0.442	0.274
zhangjiafen	1966-10-13	15.600	16.361	0.096	28.565	1.796	4.000	0.004	0.048	0.100	1.588	0.208	40.835	0.434	0.273
zhangjiafen	1966-10-14	15.100	16.020	3.573	30.698	0.895	2.000	0.169	0.048	0.099	0.791	0.104	40.792	0.433	0.272
zhangjiafen	1966-10-15	15.600	18.866	3.290	32.717	0.689	1.500	0.167	0.049	0.099	0.612	0.078	40.787	0.444	0.272
zhangjiafen	1966-10-16	16.500	24.510	0.967	32.438	0.790	1.700	0.045	0.050	0.099	0.702	0.088	40.776	0.449	0.272
zhangjiafen	1966-10-17	16.500	24.765	0.036	31.162	0.920	2.000	0.001	0.049	0.099	0.816	0.104	40.746	0.444	0.272
zhangjiafen	1966-10-18	16.000	22.636	0	29.599	1.218	2.700	0	0.048	0.099	1.078	0.140	40.672	0.436	0.272
zhangjiafen	1966-10-19	15.100	20.215	0	27.882	1.408	3.200	0	0.047	0.099	1.243	0.166	40.563	0.427	0.271
zhangjiafen	1966-10-20	14.600	18.260	0	26.815	0.686	1.600	0	0.046	0.099	0.604	0.083	40.528	0.417	0.270
zhangjiafen	1966-10-21	14.600	16.900	0.046	25.627	0.884	2.100	0.002	0.046	0.099	0.776	0.109	40.461	0.411	0.270
zhangjiafen	1966-10-22	14.600	16.087	0.047	24.503	0.825	2.000	0.001	0.045	0.098	0.722	0.103	40.393	0.403	0.270
zhangjiafen	1966-10-23	14.200	15.580	0.113	23.887	0.324	0.800	0.005	0.044	0.098	0.283	0.041	40.380	0.396	0.269
zhangjiafen	1966-10-24	14.200	15.313	0.170	23.300	0.360	0.900	0.008	0.044	0.098	0.314	0.046	40.359	0.392	0.269
zhangjiafen	1966-10-25	13.700	15.282	0.256	22.394	0.830	2.100	0.009	0.043	0.098	0.721	0.108	40.271	0.388	0.269
zhangjiafen	1966-10-26	13.700	15.324	0.978	21.357	1.790	4.600	0.037	0.043	0.098	1.553	0.237	40.051	0.383	0.268
zhangjiafen	1966-10-27	13.700	16.442	0	20.160	0.906	2.400	0	0.041	0.097	0.783	0.123	39.935	0.373	0.267
zhangjiafen	1966-10-28	14.200	16.167	0	18.997	0.882	2.400	0	0.040	0.097	0.759	0.123	39.812	0.364	0.266
zhangjiafen	1966-10-29	14.200	15.551	0	17.868	0.858	2.400	0	0.039	0.097	0.735	0.123	39.681	0.355	0.265
zhangjiafen	1966-10-30	14.600	14.998	0	16.803	0.799	2.300	0	0.038	0.097	0.681	0.118	39.548	0.345	0.265
zhangjiafen	1966-10-31	14.600	14.586	0	15.345	1.280	3.800	0	0.037	0.096	1.086	0.194	39.330	0.336	0.264
zhangjiafen	1966-11-1	14.200	14.289	0	14.224	0.905	2.800	0	0.036	0.096	0.762	0.143	39.152	0.323	0.262
zhangjiafen	1966-11-2	14.200	14.057	0	13.641	0.281	0.900	0	0.035	0.095	0.236	0.046	39.063	0.313	0.261
zhangjiafen	1966-11-3	14.200	13.861	0	12.917	0.459	1.500	0	0.034	0.095	0.383	0.076	38.938	0.307	0.260
zhangjiafen	1966-11-4	13.700	13.693	0	12.065	0.626	2.100	0	0.033	0.095	0.519	0.106	38.776	0.299	0.260
zhangjiafen	1966-11-5	13.700	13.543	0.147	11.030	1.039	3.600	0.004	0.032	0.094	0.857	0.182	38.531	0.290	0.259
zhangjiafen	1966-11-6	13.700	13.468	0	10.271	0.552	2.000	0	0.031	0.094	0.451	0.101	38.356	0.277	0.257
zhangjiafen	1966-11-7	13.700	13.339	0	9.778	0.240	0.900	0	0.030	0.093	0.195	0.045	38.229	0.268	0.256
zhangjiafen	1966-11-8	13.700	13.172	0	8.985	0.624	2.400	0	0.029	0.093	0.504	0.121	38.022	0.261	0.255
zhangjiafen	1966-11-9	13.700	12.998	0	8.189	0.649	2.600	0	0.028	0.093	0.519	0.130	37.795	0.250	0.253
zhangjiafen	1966-11-10	13.700	12.821	0	7.435	0.620	2.600	0	0.026	0.092	0.490	0.130	37.558	0.238	0.252
zhangjiafen	1966-11-11	13.700	12.641	0	6.971	0.273	1.200	0	0.025	0.092	0.213	0.060	37.382	0.226	0.250
zhangjiafen	1966-11-12	13.200	12.459	0.324	6.681	0.467	2.100	0.006	0.024	0.091	0.363	0.104	37.158	0.220	0.249
zhangjiafen	1966-11-13	12.700	12.376	0	6.148	0.387	1.800	0	0.024	0.091	0.298	0.089	36.942	0.212	0.248
zhangjiafen	1966-11-14	12.700	12.245	0	5.643	0.371	1.800	0	0.022	0.090	0.282	0.089	36.718	0.201	0.246
zhangjiafen	1966-11-15	11.400	12.076	0	5.166	0.354	1.800	0	0.021	0.090	0.266	0.089	36.485	0.191	0.245
zhangjiafen	1966-11-16	11.800	11.887	0	4.757	0.282	1.500	0	0.020	0.089	0.208	0.074	36.259	0.180	0.243
zhangjiafen	1966-11-17	11.400	11.691	0.028	4.395	0.272	1.500	0	0.019	0.089	0.199	0.073	36.028	0.173	0.242
zhangjiafen	1966-11-18	11.100	11.497	0	4.025	0.261	1.500	0	0.018	0.088	0.188	0.073	35.791	0.164	0.240
zhangjiafen	1966-11-19	10.400	11.311	0.203	3.871	0.253	1.500	0.003	0.018	0.088	0.180	0.073	35.549	0.158	0.239
zhangjiafen	1966-11-20	9.340	11.166	0	3.531	0.244	1.500	0	0.017	0.087	0.172	0.073	35.303	0.151	0.237
zhangjiafen	1966-11-21	9.200	11.021	0	3.217	0.231	1.500	0	0.016	0.087	0.159	0.072	35.049	0.140	0.235
zhangjiafen	1966-11-22	9.350	10.868	0	2.924	0.220	1.500	0	0.015	0.086	0.148	0.072	34.788	0.131	0.234
zhangjiafen	1966-11-23	10.300	10.705	0	2.652	0.209	1.500	0	0.013	0.086	0.137	0.072	34.520	0.121	0.232
zhangjiafen	1966-11-24	10.100	10.534	0	2.400	0.198	1.500	0	0.013	0.085	0.127	0.071	34.246	0.113	0.230
zhangjiafen	1966-11-25	9.270	10.360	0	2.168	0.188	1.500	0	0.012	0.085	0.117	0.071	33.966	0.104	0.228
zhangjiafen	1966-11-26	7.770	10.189	0	1.953	0.179	1.500	0	0.011	0.084	0.108	0.071	33.681	0.096	0.226
zhangjiafen	1966-11-27	9.180	10.021	0	1.755	0.170	1.500	0	0.010	0.084	0.099	0.071	33.391	0.089	0.225
zhangjiafen	1966-11-28	8.130	9.858	0	1.574	0.161	1.500	0	0.009	0.083	0.091	0.070	33.096	0.082	0.223
zhangjiafen	1966-11-29	8.050	9.700	0	1.409	0.153	1.500	0	0.008	0.083	0.083	0.070	32.798	0.075	0.221
zhangjiafen	1966-11-30	5.420	9.547	0	1.257	0.145	1.500	0	0.008	0.082	0.076	0.070	32.496	0.068	0.219
zhangjiafen	1966-12-1	6.220	9.399	0	1.088	0.202	2.200	0	0.007	0.082	0.101	0.102	32.158	0.062	0.217
zhangjiafen	1966-12-2	6.160	9.257	0	0.994	0.069	0.800	0	0.006	0.081	0.033	0.037	31.881	0.055	0.214
zhangjiafen	1966-12-3	7.850	9.116	0	0.892	0.100	1.200	0	0.006	0.080	0.045	0.055	31.585	0.051	0.213
zhangjiafen	1966-12-4	8.250	8.984	0	0.792	0.112	1.400	0	0.005	0.080	0.048	0.064	31.278	0.047	0.211
zhangjiafen	1966-12-5	8.670	8.861	0	0.710	0.084	1.100	0	0.005	0.079	0.034	0.050	30.982	0.043	0.209
zhangjiafen	1966-12-6	8.670	8.745	0	0.639	0.073	1.000	0	0.004	0.079	0.028	0.045	30.691	0.039	0.207
zhangjiafen	1966-12-7	8.210	8.636	0	0.571	0.078	1.100	0	0.004	0.079	0.028	0.049	30.394	0.036	0.205
zhangjiafen	1966-12-8	8.000	8.535	0	0.511	0.068	1.000	0	0.004	0.078	0.024	0.045	30.101	0.033	0.203
zhangjiafen	1966-12-9	7.850	8.439	0	0.452	0.079	1.200	0	0.003	0.078	0.026	0.053	29.799	0.030	0.201
zhangjiafen	1966-12-10	8.110	8.349	0	0.413	0.032	0.500	0	0.003	0.077	0.010	0.022	29.528	0.027	0.199
zhangjiafen	1966-12-11	8.750	8.263	0	0.360	0.087	1.400	0	0.003	0.077	0.025	0.062	29.218	0.025	0.197
zhangjiafen	1966-12-12	9.830	8.182	0	0.322	0.048	0.800	0	0.002	0.076	0.013	0.035	28.934	0.022	0.195
zhangjiafen	1966-12-13	9.560	8.105	0	0.288	0.047	0.800	0	0.002	0.076	0.012	0.035	28.651	0.020	0.193
zhangjiafen	1966-12-14	8.800	8.032	0	0.261	0.028	0.500	0	0.002	0.076	0.007	0.022	28.381	0.019	0.191
zhangjiafen	1966-12-15	9.410	7.963	0	0.232	0.044	0.800	0	0.002	0.075	0.010	0.034	28.099	0.017	0.189
zhangjiafen	1966-12-16	9.410	7.898	0.007	0.218	0.005	0.100	0	0.002	0.075	0.001	0.004	27.850	0.017	0.187
zhangjiafen	1966-12-17	9.830	7.837	0.038	0.229	0.012	0.200	0	0.002	0.075	0.003	0.009	27.603	0.022	0.186
zhangjiafen	1966-12-18	9.780	7.803	0.055	0.251	0.006	0.100	0	0.003	0.074	0.002	0.004	27.367	0.027	0.184
zhangjiafen	1966-12-19	8.920	7.791	0.005	0.205	0.062	1.000	0	0.003	0.074	0.019	0.042	27.097	0.028	0.182
zhangjiafen	1966-12-20	6.580	7.781	0	0.178	0.006	0.100	0	0.003	0.074	0.002	0.004	26.861	0.023	0.181
zhangjiafen	1966-12-21	5.820	7.757	0	0.147	0.049	0.900	0	0.002	0.074	0.011	0.038	26.589	0.018	0.179
zhangjiafen	1966-12-22	5.310	7.716	0	0.129	0.020	0.400	0	0.002	0.073	0.004	0.017	26.335	0.014	0.177
zhangjiafen	1966-12-23	5.980	7.660	0	0.110	0.035	0.700	0	0.001	0.073	0.006	0.029	26.069	0.012	0.176
zhangjiafen	1966-12-24	5.230	7.600	0	0.093	0.039	0.800	0	0.001	0.073	0.006	0.033	25.800	0.010	0.174
zhangjiafen	1966-12-25	5.230	7.542	0	0.079	0.033	0.700	0	0.001	0.073	0.004	0.029	25.535	0.009	0.172
zhangjiafen	1966-12-26	6.830	7.488	0	0.068	0.028	0.600	0	0.001	0.072	0.003	0.025	25.275	0.008	0.170
zhangjiafen	1966-12-27	6.980	7.439	0	0.058	0.023	0.500	0	0.001	0.072	0.002	0.020	25.021	0.007	0.169
zhangjiafen	1966-12-28	5.870	7.395	0	0.049	0.022	0.500	0	0.001	0.072	0.002	0.020	24.768	0.006	0.167
zhangjiafen	1966-12-29	5.770	7.356	0	0.042	0.022	0.500	0	0.001	0.072	0.002	0.020	24.517	0.005	0.165
zhangjiafen	1966-12-30	6.700	7.320	0	0.035	0.022	0.500	0	0.001	0.071	0.002	0.020	24.266	0.005	0.163
zhangjiafen	1966-12-31	7.900	7.287	0	0.028	0.043	1.000	0	0	0.071	0.003	0.040	23.997	0.004	0.162
