zhangjiafen	1963-1-1	4.160	8.080	0	6.080	0.261	1.700	0	0.014	0.073	0.185	0.076	29.774	0.129	0.200
zhangjiafen	1963-1-2	4.520	8.080	0	5.765	0.253	1.700	0	0.014	0.072	0.178	0.076	29.560	0.124	0.199
zhangjiafen	1963-1-3	4.750	9.800	0	5.463	0.246	1.700	0	0.013	0.072	0.170	0.075	29.326	0.119	0.197
zhangjiafen	1963-1-4	4.660	11.203	0.010	5.184	0.239	1.700	0	0.013	0.071	0.164	0.075	29.104	0.115	0.195
zhangjiafen	1963-1-5	5.910	11.757	0.025	4.925	0.234	1.700	0.001	0.012	0.071	0.159	0.075	28.881	0.112	0.194
zhangjiafen	1963-1-6	4.160	11.595	0	4.649	0.229	1.700	0	0.012	0.070	0.154	0.075	28.646	0.109	0.192
zhangjiafen	1963-1-7	4.270	11.074	0	4.388	0.220	1.700	0	0.011	0.070	0.146	0.074	28.417	0.103	0.191
zhangjiafen	1963-1-8	2.800	10.460	0	4.137	0.214	1.700	0	0.011	0.069	0.140	0.074	28.184	0.100	0.189
zhangjiafen	1963-1-9	4.720	9.889	0	3.895	0.209	1.700	0	0.011	0.069	0.135	0.074	27.954	0.097	0.188
zhangjiafen	1963-1-10	4.160	9.415	0	3.661	0.203	1.700	0	0.010	0.069	0.130	0.073	27.717	0.093	0.186
zhangjiafen	1963-1-11	4.840	9.046	0	3.435	0.198	1.700	0	0.010	0.069	0.125	0.073	27.483	0.090	0.185
zhangjiafen	1963-1-12	4.730	8.768	0	3.218	0.193	1.700	0	0.010	0.069	0.120	0.073	27.246	0.087	0.183
zhangjiafen	1963-1-13	4.980	8.562	0	3.009	0.188	1.700	0	0.009	0.069	0.115	0.072	27.007	0.084	0.182
zhangjiafen	1963-1-14	4.090	8.407	0	2.809	0.182	1.700	0	0.009	0.069	0.110	0.072	26.767	0.081	0.180
zhangjiafen	1963-1-15	4.520	8.287	0	2.617	0.177	1.700	0	0.009	0.069	0.105	0.072	26.522	0.078	0.178
zhangjiafen	1963-1-16	5.620	8.190	0	2.434	0.172	1.700	0	0.008	0.068	0.100	0.071	26.280	0.074	0.177
zhangjiafen	1963-1-17	5.340	8.106	0.013	2.268	0.169	1.700	0	0.008	0.068	0.098	0.071	26.037	0.073	0.175
zhangjiafen	1963-1-18	5.340	8.034	0	2.098	0.164	1.700	0	0.008	0.068	0.093	0.071	25.797	0.070	0.174
zhangjiafen	1963-1-19	7.040	7.970	0.025	1.958	0.161	1.700	0	0.008	0.068	0.090	0.070	25.558	0.068	0.172
zhangjiafen	1963-1-20	5.620	7.912	0	1.802	0.155	1.700	0	0.007	0.068	0.085	0.070	25.311	0.064	0.170
zhangjiafen	1963-1-21	6.460	7.856	0	1.664	0.145	1.700	0	0.006	0.068	0.076	0.070	25.056	0.057	0.169
zhangjiafen	1963-1-22	5.620	7.799	0.028	1.552	0.145	1.700	0	0.006	0.068	0.076	0.069	24.809	0.058	0.167
zhangjiafen	1963-1-23	4.800	7.744	0	1.420	0.141	1.700	0	0.006	0.068	0.072	0.069	24.568	0.055	0.165
zhangjiafen	1963-1-24	5.200	7.691	0	1.305	0.131	1.700	0	0.005	0.068	0.062	0.069	24.309	0.047	0.164
zhangjiafen	1963-1-25	7.060	7.635	0	1.197	0.127	1.700	0	0.005	0.068	0.059	0.068	24.062	0.045	0.162
zhangjiafen	1963-1-26	6.680	7.576	0.027	1.112	0.128	1.700	0	0.005	0.068	0.060	0.068	23.805	0.046	0.160
zhangjiafen	1963-1-27	7.070	7.520	0.113	1.101	0.132	1.700	0.002	0.006	0.068	0.065	0.068	23.568	0.051	0.159
zhangjiafen	1963-1-28	6.940	7.478	0.327	1.244	0.162	1.700	0.004	0.009	0.068	0.095	0.067	23.350	0.077	0.157
zhangjiafen	1963-1-29	7.440	7.494	0.038	1.093	0.166	1.700	0.001	0.009	0.068	0.099	0.067	23.142	0.081	0.156
zhangjiafen	1963-1-30	7.300	7.560	0	0.935	0.150	1.700	0	0.008	0.068	0.083	0.067	22.922	0.068	0.154
zhangjiafen	1963-1-31	6.380	7.622	0	0.807	0.134	1.700	0	0.006	0.068	0.068	0.066	22.689	0.055	0.153
zhangjiafen	1963-2-1	7.120	7.645	0	0.694	0.148	2.100	0	0.005	0.068	0.067	0.082	22.433	0.044	0.151
zhangjiafen	1963-2-2	10.900	7.618	0	0.604	0.134	2.100	0	0.004	0.068	0.053	0.081	22.168	0.034	0.150
zhangjiafen	1963-2-3	8.100	7.553	0	0.531	0.124	2.100	0	0.003	0.068	0.043	0.081	21.899	0.028	0.148
zhangjiafen	1963-2-4	5.900	7.466	0	0.468	0.117	2.100	0	0.003	0.068	0.037	0.080	21.629	0.024	0.146
zhangjiafen	1963-2-5	6.990	7.373	0	0.411	0.112	2.100	0	0.002	0.068	0.033	0.080	21.360	0.021	0.144
zhangjiafen	1963-2-6	7.880	7.284	0	0.361	0.109	2.100	0	0.002	0.068	0.029	0.079	21.090	0.019	0.142
zhangjiafen	1963-2-7	6.100	7.202	0	0.317	0.104	2.100	0	0.002	0.068	0.026	0.079	20.818	0.017	0.141
zhangjiafen	1963-2-8	4.880	7.131	0	0.278	0.101	2.100	0	0.002	0.067	0.023	0.078	20.549	0.015	0.139
zhangjiafen	1963-2-9	6.170	7.071	0	0.242	0.098	2.100	0	0.001	0.067	0.020	0.078	20.282	0.013	0.137
zhangjiafen	1963-2-10	6.180	7.022	0.025	0.224	0.102	2.100	0	0.002	0.067	0.025	0.077	20.019	0.017	0.135
zhangjiafen	1963-2-11	6.900	6.984	0	0.186	0.100	2.100	0	0.002	0.067	0.023	0.076	19.759	0.015	0.133
zhangjiafen	1963-2-12	6.900	6.956	0	0.159	0.092	2.100	0	0.001	0.067	0.016	0.076	19.494	0.011	0.132
zhangjiafen	1963-2-13	7.060	6.935	0	0.137	0.088	2.100	0	0.001	0.067	0.013	0.075	19.226	0.008	0.130
zhangjiafen	1963-2-14	7.500	6.916	0	0.119	0.086	2.100	0	0.001	0.067	0.011	0.075	18.962	0.007	0.128
zhangjiafen	1963-2-15	7.200	6.897	0.246	0.268	0.129	2.100	0	0.004	0.067	0.055	0.074	18.734	0.038	0.126
zhangjiafen	1963-2-16	7.820	6.913	0.259	0.385	0.152	2.100	0.004	0.006	0.067	0.078	0.074	18.523	0.054	0.125
zhangjiafen	1963-2-17	7.330	6.975	0.055	0.307	0.149	2.100	0.001	0.006	0.067	0.076	0.074	18.310	0.053	0.123
zhangjiafen	1963-2-18	7.470	7.060	0	0.211	0.128	2.100	0	0.004	0.067	0.055	0.073	18.086	0.038	0.122
zhangjiafen	1963-2-19	9.000	7.139	0	0.146	0.110	2.100	0	0.003	0.067	0.037	0.073	17.852	0.026	0.121
zhangjiafen	1963-2-20	8.250	7.187	0	0.102	0.098	2.100	0	0.002	0.067	0.025	0.072	17.611	0.018	0.119
zhangjiafen	1963-2-21	7.630	7.191	0	0.071	0.089	2.100	0	0.001	0.067	0.018	0.072	17.367	0.012	0.117
zhangjiafen	1963-2-22	9.890	7.155	0	0.052	0.083	2.100	0	0.001	0.067	0.012	0.071	17.121	0.008	0.116
zhangjiafen	1963-2-23	10.200	7.096	0	0.037	0.111	3.000	0	0.001	0.067	0.010	0.101	16.843	0.005	0.114
zhangjiafen	1963-2-24	10.800	7.028	0	0.028	0.106	3.000	0	0	0.067	0.006	0.100	16.567	0.003	0.112
zhangjiafen	1963-2-25	12.900	6.961	0.008	0.024	0.107	3.000	0	0	0.067	0.008	0.099	16.293	0.004	0.110
zhangjiafen	1963-2-26	10.500	6.902	0	0.018	0.104	3.000	0	0	0.067	0.006	0.098	16.022	0.003	0.109
zhangjiafen	1963-2-27	11.200	6.854	0	0.015	0.100	3.000	0	0	0.067	0.002	0.098	15.751	0.001	0.107
zhangjiafen	1963-2-28	13.400	6.816	0	0.012	0.099	3.000	0	0	0.067	0.002	0.097	15.483	0.001	0.105
zhangjiafen	1963-3-1	14.800	6.787	0	0.009	0.133	4.100	0	0	0.067	0.002	0.131	15.182	0.001	0.103
zhangjiafen	1963-3-2	14.500	6.765	0	0.007	0.131	4.100	0	0	0.067	0.001	0.130	14.884	0.001	0.101
zhangjiafen	1963-3-3	12.500	6.749	0	0.006	0.130	4.100	0	0	0.067	0.001	0.129	14.590	0	0.099
zhangjiafen	1963-3-4	11.800	6.736	0	0.005	0.128	4.100	0	0	0.067	0.001	0.127	14.297	0	0.097
zhangjiafen	1963-3-5	11.800	6.727	0	0.004	0.127	4.100	0	0	0.067	0.001	0.126	14.010	0	0.095
zhangjiafen	1963-3-6	10.500	6.721	1.324	1.016	0.347	4.100	0.001	0.009	0.067	0.222	0.125	13.803	0.079	0.093
zhangjiafen	1963-3-7	12.200	6.794	2.945	3.408	0.391	2.800	0.077	0.017	0.067	0.306	0.085	13.713	0.153	0.092
zhangjiafen	1963-3-8	12.200	7.659	2.817	5.439	0.518	2.800	0.121	0.023	0.067	0.434	0.084	13.678	0.208	0.091
zhangjiafen	1963-3-9	8.750	9.972	0.309	5.017	0.553	2.800	0.016	0.025	0.065	0.469	0.084	13.659	0.221	0.091
zhangjiafen	1963-3-10	7.440	12.041	0.452	4.755	0.538	2.800	0.021	0.024	0.065	0.454	0.084	13.634	0.216	0.091
zhangjiafen	1963-3-11	8.660	12.756	0	4.095	0.515	2.800	0	0.023	0.066	0.431	0.084	13.599	0.206	0.091
zhangjiafen	1963-3-12	8.000	12.348	0	3.484	0.482	2.800	0	0.021	0.066	0.398	0.084	13.550	0.192	0.091
zhangjiafen	1963-3-13	8.660	11.514	0	2.923	0.448	2.800	0	0.020	0.067	0.364	0.084	13.487	0.178	0.090
zhangjiafen	1963-3-14	8.660	10.693	0	2.413	0.414	2.800	0	0.018	0.067	0.330	0.084	13.409	0.163	0.090
zhangjiafen	1963-3-15	8.660	10.039	0	1.651	0.770	5.700	0	0.016	0.067	0.600	0.170	13.230	0.147	0.089
zhangjiafen	1963-3-16	8.000	9.558	0.301	1.351	0.604	5.100	0.010	0.014	0.067	0.453	0.151	13.049	0.125	0.088
zhangjiafen	1963-3-17	8.660	9.227	0.107	0.964	0.522	5.000	0.004	0.012	0.067	0.376	0.147	12.855	0.107	0.087
zhangjiafen	1963-3-18	9.310	8.987	0	0.473	0.613	7.000	0	0.009	0.067	0.409	0.204	12.581	0.084	0.086
zhangjiafen	1963-3-19	10.100	8.784	0	0.176	0.491	7.700	0	0.006	0.067	0.269	0.222	12.259	0.051	0.084
zhangjiafen	1963-3-20	10.900	8.568	0	0.141	0.031	0.700	0	0.002	0.067	0.011	0.020	12.113	0.022	0.082
zhangjiafen	1963-3-21	9.310	8.320	0.007	0.029	0.375	8.900	0	0.002	0.067	0.123	0.252	11.733	0.020	0.081
zhangjiafen	1963-3-22	8.660	8.059	0	0.012	0.142	4.600	0	0	0.067	0.014	0.128	11.464	0.004	0.078
zhangjiafen	1963-3-23	8.660	7.808	0	0.004	0.133	4.600	0	0	0.067	0.006	0.127	11.196	0.002	0.076
zhangjiafen	1963-3-24	6.880	7.585	0	0.001	0.119	4.300	0	0	0.067	0.002	0.117	10.938	0.001	0.075
zhangjiafen	1963-3-25	8.000	7.398	0	0.001	0.164	6.100	0	0	0.067	0.001	0.164	10.635	0	0.073
zhangjiafen	1963-3-26	8.000	7.248	0	0.001	0.148	5.600	0	0	0.067	0	0.148	10.348	0	0.071
zhangjiafen	1963-3-27	7.440	7.132	0.327	0.232	0.160	3.600	0	0.003	0.067	0.066	0.094	10.145	0.027	0.069
zhangjiafen	1963-3-28	8.000	7.117	0	0.112	0.207	4.500	0	0.003	0.067	0.091	0.116	9.924	0.030	0.068
zhangjiafen	1963-3-29	8.660	7.152	0	0.039	0.190	5.100	0	0.002	0.067	0.059	0.130	9.677	0.017	0.066
zhangjiafen	1963-3-30	8.660	7.154	1.421	1.158	0.293	3.500	0.003	0.009	0.067	0.204	0.088	9.542	0.085	0.065
zhangjiafen	1963-3-31	9.310	7.207	4.219	4.973	0.123	0.800	0.105	0.020	0.067	0.102	0.020	9.568	0.176	0.064
zhangjiafen	1963-4-1	9.310	8.504	0	3.886	0.988	5.400	0	0.023	0.067	0.852	0.136	9.513	0.211	0.064
zhangjiafen	1963-4-2	9.310	9.810	0	2.698	1.158	7.100	0	0.021	0.067	0.980	0.178	9.392	0.188	0.063
zhangjiafen	1963-4-3	9.310	10.361	0	1.902	0.760	5.500	0	0.017	0.067	0.623	0.137	9.283	0.157	0.063
zhangjiafen	1963-4-4	8.000	10.240	0	1.302	0.577	4.900	0	0.015	0.067	0.455	0.121	9.164	0.131	0.062
zhangjiafen	1963-4-5	8.000	9.804	0.656	1.443	0.465	4.200	0.019	0.014	0.067	0.362	0.103	9.054	0.122	0.061
zhangjiafen	1963-4-6	8.000	9.557	0	0.935	0.501	4.800	0	0.013	0.067	0.384	0.117	8.923	0.114	0.060
zhangjiafen	1963-4-7	8.660	9.308	0.745	1.165	0.497	5.000	0.020	0.012	0.067	0.376	0.121	8.783	0.107	0.059
zhangjiafen	1963-4-8	8.000	9.248	0.010	0.720	0.468	5.000	0	0.011	0.067	0.348	0.120	8.637	0.100	0.059
zhangjiafen	1963-4-9	8.660	9.134	0.078	0.450	0.384	5.000	0.002	0.009	0.067	0.265	0.119	8.469	0.077	0.058
zhangjiafen	1963-4-10	8.000	8.906	0.037	0.120	0.554	8.900	0.001	0.006	0.067	0.344	0.210	8.192	0.056	0.056
zhangjiafen	1963-4-11	8.000	8.602	0.385	0.196	0.442	7.700	0.003	0.006	0.067	0.264	0.179	7.942	0.050	0.055
zhangjiafen	1963-4-12	8.660	8.312	2.247	1.900	0.510	5.000	0.022	0.013	0.067	0.395	0.114	7.821	0.113	0.053
zhangjiafen	1963-4-13	8.660	8.323	0.737	1.847	0.735	5.800	0.024	0.016	0.067	0.603	0.132	7.716	0.146	0.052
zhangjiafen	1963-4-14	8.000	8.958	1.913	2.998	0.618	4.500	0.068	0.018	0.067	0.517	0.101	7.655	0.159	0.051
zhangjiafen	1963-4-15	8.000	10.115	4.577	6.317	0.938	5.200	0.204	0.023	0.063	0.822	0.117	7.635	0.210	0.051
zhangjiafen	1963-4-16	8.000	14.200	0.456	5.743	0.842	4.200	0.025	0.026	0.056	0.748	0.094	7.665	0.232	0.051
zhangjiafen	1963-4-17	8.000	15.706	0	4.491	1.147	6.100	0	0.024	0.060	1.010	0.137	7.635	0.218	0.051
zhangjiafen	1963-4-18	8.000	14.760	0.156	3.407	1.173	7.000	0.008	0.022	0.063	1.016	0.157	7.558	0.194	0.051
zhangjiafen	1963-4-19	8.000	13.264	0.997	3.573	0.689	4.400	0.039	0.020	0.065	0.591	0.098	7.527	0.182	0.050
zhangjiafen	1963-4-20	6.880	12.145	0.146	2.984	0.623	4.100	0.007	0.020	0.065	0.532	0.091	7.496	0.176	0.050
zhangjiafen	1963-4-21	6.880	11.413	0.730	2.519	1.165	8.000	0.022	0.019	0.066	0.987	0.178	7.371	0.169	0.050
zhangjiafen	1963-4-22	6.880	10.914	0	2.018	0.415	3.300	0	0.016	0.066	0.343	0.073	7.327	0.144	0.049
zhangjiafen	1963-4-23	6.880	10.503	0	1.317	0.705	6.300	0	0.014	0.067	0.567	0.138	7.199	0.126	0.049
zhangjiafen	1963-4-24	7.440	10.099	0	0.672	0.732	8.200	0	0.011	0.067	0.554	0.178	7.001	0.096	0.048
zhangjiafen	1963-4-25	7.440	9.655	1.131	1.041	0.869	10.000	0.018	0.010	0.067	0.655	0.214	6.766	0.093	0.047
zhangjiafen	1963-4-26	7.440	9.290	3.754	4.150	0.473	3.400	0.061	0.018	0.066	0.402	0.072	6.746	0.163	0.045
zhangjiafen	1963-4-27	7.440	9.720	4.346	7.303	0.814	4.100	0.207	0.026	0.061	0.727	0.086	6.787	0.233	0.045
zhangjiafen	1963-4-28	7.440	13.234	1.224	7.154	1.126	5.100	0.069	0.028	0.052	1.019	0.108	6.838	0.256	0.045
zhangjiafen	1963-4-29	7.440	15.555	0.008	5.640	1.389	6.600	0	0.027	0.057	1.249	0.140	6.841	0.245	0.046
zhangjiafen	1963-4-30	7.440	15.683	0	3.886	1.704	9.100	0	0.024	0.063	1.511	0.193	6.760	0.220	0.046
zhangjiafen	1963-5-1	7.440	14.545	0	2.414	1.469	9.400	0	0.020	0.066	1.271	0.198	6.635	0.184	0.045
zhangjiafen	1963-5-2	6.880	13.031	1.663	2.686	1.346	9.500	0.063	0.018	0.066	1.147	0.198	6.491	0.166	0.044
zhangjiafen	1963-5-3	6.380	11.999	5.917	7.460	0.760	4.100	0.226	0.024	0.062	0.675	0.085	6.519	0.218	0.043
zhangjiafen	1963-5-4	6.380	14.458	0.315	5.905	1.746	8.200	0.019	0.027	0.053	1.577	0.170	6.500	0.247	0.043
zhangjiafen	1963-5-5	6.380	16.406	0.939	6.167	0.413	2.100	0.054	0.025	0.058	0.369	0.043	6.585	0.229	0.043
zhangjiafen	1963-5-6	6.380	16.680	1.998	6.799	1.099	5.300	0.108	0.027	0.056	0.988	0.110	6.616	0.241	0.044
zhangjiafen	1963-5-7	5.870	17.400	0.497	5.836	1.295	6.300	0.032	0.027	0.056	1.164	0.131	6.624	0.239	0.044
zhangjiafen	1963-5-8	5.870	16.567	0	4.043	1.749	9.400	0	0.024	0.060	1.553	0.196	6.541	0.217	0.044
zhangjiafen	1963-5-9	5.420	14.846	0.022	2.512	1.572	10.200	0.001	0.020	0.064	1.361	0.211	6.402	0.180	0.044
zhangjiafen	1963-5-10	4.970	13.091	0.048	1.435	1.187	9.900	0.002	0.015	0.066	0.985	0.202	6.228	0.137	0.043
zhangjiafen	1963-5-11	4.970	11.602	0.036	0.698	0.908	10.400	0.002	0.010	0.067	0.699	0.210	6.004	0.094	0.041
zhangjiafen	1963-5-12	4.550	10.430	0.067	0.388	0.493	8.200	0.001	0.006	0.067	0.331	0.162	5.793	0.058	0.040
zhangjiafen	1963-5-13	3.740	9.540	0.139	0.276	0.321	6.100	0.002	0.005	0.067	0.203	0.118	5.617	0.048	0.039
zhangjiafen	1963-5-14	3.740	8.895	0	0.091	0.367	9.300	0	0.003	0.067	0.189	0.177	5.365	0.030	0.037
zhangjiafen	1963-5-15	3.360	8.422	0.135	0.057	0.366	10.400	0	0.003	0.067	0.173	0.194	5.092	0.024	0.036
zhangjiafen	1963-5-16	3.010	8.064	0.198	0.088	0.322	9.100	0.002	0.003	0.067	0.157	0.165	4.852	0.025	0.034
zhangjiafen	1963-5-17	3.010	7.790	0.563	0.311	0.495	10.600	0.007	0.005	0.067	0.307	0.187	4.607	0.042	0.032
zhangjiafen	1963-5-18	3.010	7.603	2.465	2.337	0.363	3.600	0.006	0.013	0.067	0.301	0.062	4.567	0.119	0.031
zhangjiafen	1963-5-19	3.010	7.694	1.988	3.623	0.503	3.500	0.067	0.019	0.067	0.443	0.060	4.583	0.174	0.030
zhangjiafen	1963-5-20	3.360	8.818	0.388	2.755	1.166	7.600	0.016	0.021	0.067	1.035	0.131	4.541	0.186	0.030
zhangjiafen	1963-5-21	3.360	9.974	0	1.597	1.137	8.700	0	0.018	0.067	0.989	0.149	4.452	0.158	0.030
zhangjiafen	1963-5-22	3.360	10.454	0.001	0.795	0.823	8.300	0	0.013	0.067	0.682	0.141	4.331	0.117	0.030
zhangjiafen	1963-5-23	3.360	10.248	0.673	1.173	0.208	2.400	0.016	0.011	0.067	0.168	0.040	4.296	0.101	0.029
zhangjiafen	1963-5-24	3.010	10.086	0.237	0.730	0.678	7.300	0.005	0.012	0.067	0.557	0.121	4.188	0.109	0.029
zhangjiafen	1963-5-25	2.660	9.618	0	0.276	0.500	7.100	0	0.009	0.067	0.384	0.117	4.055	0.079	0.028
zhangjiafen	1963-5-26	2.660	9.064	0.373	0.411	0.237	4.200	0.005	0.007	0.067	0.169	0.068	3.952	0.059	0.027
zhangjiafen	1963-5-27	2.660	8.581	0	0.132	0.430	8.900	0	0.005	0.067	0.288	0.142	3.764	0.047	0.026
zhangjiafen	1963-5-28	2.660	8.206	0	0.069	0.141	5.700	0	0.001	0.067	0.053	0.088	3.597	0.013	0.025
zhangjiafen	1963-5-29	2.380	7.899	0.165	0.069	0.254	7.200	0	0.003	0.067	0.145	0.109	3.427	0.030	0.024
zhangjiafen	1963-5-30	2.660	7.648	1.490	1.059	0.588	9.400	0.003	0.008	0.067	0.449	0.139	3.267	0.068	0.023
zhangjiafen	1963-5-31	3.010	7.697	0	0.570	0.575	9.600	0	0.007	0.067	0.437	0.138	3.104	0.063	0.022
zhangjiafen	1963-6-1	2.100	7.704	1.534	1.211	0.915	10.200	0.006	0.012	0.067	0.771	0.143	2.981	0.108	0.021
zhangjiafen	1963-6-2	1.840	7.805	0.872	1.163	0.899	9.300	0.025	0.013	0.067	0.771	0.128	2.884	0.117	0.020
zhangjiafen	1963-6-3	1.840	8.004	1.527	1.763	0.858	8.300	0.042	0.014	0.067	0.746	0.112	2.812	0.126	0.019
zhangjiafen	1963-6-4	1.840	8.527	0.147	0.873	1.064	10.600	0.003	0.014	0.067	0.922	0.141	2.707	0.122	0.019
zhangjiafen	1963-6-5	1.840	8.956	7.134	6.387	1.344	8.600	0.173	0.021	0.063	1.232	0.112	2.707	0.193	0.018
zhangjiafen	1963-6-6	2.380	11.250	3.645	8.861	0.746	3.500	0.186	0.028	0.048	0.701	0.046	2.850	0.255	0.018
zhangjiafen	1963-6-7	9.310	17.826	0.090	7.673	1.043	4.700	0.006	0.029	0.038	0.980	0.063	2.993	0.263	0.019
zhangjiafen	1963-6-8	9.310	18.082	1.058	7.039	1.439	6.800	0.067	0.028	0.043	1.346	0.094	3.088	0.252	0.020
zhangjiafen	1963-6-9	6.880	16.521	0	4.869	2.063	10.600	0	0.026	0.051	1.914	0.149	3.101	0.233	0.020
zhangjiafen	1963-6-10	4.970	13.950	0	3.014	1.814	11.400	0	0.021	0.063	1.653	0.160	3.050	0.192	0.021
zhangjiafen	1963-6-11	4.130	11.995	0	1.494	1.588	13.200	0	0.016	0.065	1.404	0.184	2.926	0.145	0.020
zhangjiafen	1963-6-12	3.360	10.705	0.165	0.726	1.013	12.100	0.005	0.011	0.067	0.848	0.165	2.773	0.098	0.019
zhangjiafen	1963-6-13	3.360	9.919	0	0.198	0.698	13.000	0	0.006	0.067	0.526	0.172	2.574	0.058	0.018
zhangjiafen	1963-6-14	4.970	9.269	0	0.067	0.271	10.800	0	0.002	0.067	0.134	0.137	2.372	0.018	0.017
zhangjiafen	1963-6-15	3.740	8.660	0	0.022	0.177	10.900	0	0.001	0.067	0.045	0.132	2.164	0.006	0.015
zhangjiafen	1963-6-16	2.380	8.138	0.701	0.395	0.420	9.800	0	0.005	0.067	0.308	0.112	2.016	0.046	0.014
zhangjiafen	1963-6-17	2.100	7.803	0.224	0.343	0.356	9.300	0.003	0.004	0.066	0.254	0.103	1.874	0.039	0.012
zhangjiafen	1963-6-18	3.360	7.597	4.479	3.915	0.794	6.700	0.019	0.017	0.066	0.723	0.071	1.875	0.150	0.012
zhangjiafen	1963-6-19	6.880	7.966	1.177	4.153	0.719	4.700	0.059	0.021	0.060	0.669	0.050	1.943	0.190	0.012
zhangjiafen	1963-6-20	7.440	9.657	0	2.647	1.417	9.800	0	0.020	0.061	1.310	0.107	1.942	0.179	0.012
zhangjiafen	1963-6-21	6.880	9.871	1.205	2.865	0.839	6.400	0.035	0.018	0.065	0.769	0.070	1.959	0.164	0.013
zhangjiafen	1963-6-22	5.420	10.072	0	1.511	1.303	10.500	0	0.017	0.066	1.188	0.115	1.921	0.156	0.013
zhangjiafen	1963-6-23	5.420	9.974	0.006	0.513	1.168	13.900	0	0.011	0.067	1.017	0.151	1.794	0.103	0.012
zhangjiafen	1963-6-24	4.550	9.627	0	0.145	0.487	12.400	0	0.005	0.067	0.357	0.130	1.628	0.041	0.011
zhangjiafen	1963-6-25	5.420	9.135	0	0.028	0.258	12.900	0	0.002	0.067	0.130	0.127	1.439	0.015	0.009
zhangjiafen	1963-6-26	4.550	8.571	0.280	0.087	0.355	12.400	0	0.003	0.067	0.241	0.114	1.279	0.029	0.007
zhangjiafen	1963-6-27	3.740	8.075	0.988	0.518	0.599	11.000	0.001	0.007	0.067	0.505	0.094	1.177	0.067	0.008
zhangjiafen	1963-6-28	4.130	7.717	1.377	1.142	0.706	9.100	0.016	0.011	0.067	0.631	0.075	1.126	0.099	0.008
zhangjiafen	1963-6-29	4.130	7.571	6.321	5.495	1.684	11.200	0.161	0.021	0.065	1.593	0.091	1.155	0.193	0.007
zhangjiafen	1963-6-30	11.600	9.049	1.938	5.391	1.766	9.600	0.101	0.026	0.057	1.686	0.080	1.240	0.230	0.008
zhangjiafen	1963-7-1	11.700	12.136	27.144	27.926	2.885	9.200	1.410	0.039	0.005	2.805	0.080	1.501	0.355	0.008
zhangjiafen	1963-7-2	79.900	55.795	3.215	29.104	1.285	3.200	0.306	0.048	0.004	1.254	0.031	1.884	0.429	0.010
zhangjiafen	1963-7-3	25.000	62.258	1.304	27.293	2.584	6.400	0.125	0.048	0.005	2.513	0.071	2.226	0.430	0.013
zhangjiafen	1963-7-4	5.420	47.778	8.327	31.211	3.178	7.700	0.838	0.048	0.005	3.086	0.093	2.549	0.436	0.015
zhangjiafen	1963-7-5	58.900	65.137	2.569	30.833	2.238	5.300	0.284	0.049	0.006	2.170	0.069	2.901	0.444	0.017
zhangjiafen	1963-7-6	50.100	60.141	2.523	31.092	1.558	3.700	0.265	0.049	0.007	1.507	0.051	3.266	0.442	0.019
zhangjiafen	1963-7-7	47.500	48.802	0.359	28.720	2.289	5.500	0.037	0.049	0.008	2.208	0.081	3.592	0.437	0.022
zhangjiafen	1963-7-8	19.900	32.079	0.886	26.072	3.090	7.700	0.091	0.047	0.009	2.972	0.119	3.864	0.424	0.024
zhangjiafen	1963-7-9	15.000	22.751	2.765	25.424	2.812	7.200	0.256	0.046	0.010	2.697	0.115	4.129	0.415	0.026
zhangjiafen	1963-7-10	11.700	20.465	4.844	26.592	2.874	7.300	0.459	0.046	0.010	2.754	0.121	4.387	0.417	0.028
zhangjiafen	1963-7-11	10.900	26.663	1.907	25.488	2.488	6.300	0.167	0.046	0.011	2.380	0.107	4.656	0.417	0.029
zhangjiafen	1963-7-12	10.100	33.091	1.555	24.804	1.707	4.400	0.152	0.046	0.012	1.630	0.077	4.948	0.411	0.031
zhangjiafen	1963-7-13	9.310	30.246	3.926	26.111	1.878	4.800	0.369	0.046	0.012	1.792	0.087	5.229	0.413	0.033
zhangjiafen	1963-7-14	8.660	30.950	12.160	34.654	2.047	4.800	1.167	0.049	0.013	1.958	0.089	5.534	0.442	0.035
zhangjiafen	1963-7-15	15.700	69.226	2.284	33.541	2.751	6.100	0.249	0.051	0.014	2.634	0.117	5.829	0.463	0.037
zhangjiafen	1963-7-16	16.700	63.537	1.633	31.324	3.314	7.500	0.178	0.051	0.014	3.167	0.148	6.083	0.455	0.039
zhangjiafen	1963-7-17	11.700	46.979	1.854	30.551	2.023	4.700	0.204	0.049	0.015	1.929	0.094	6.378	0.445	0.041
zhangjiafen	1963-7-18	11.700	40.051	7.566	35.003	1.902	4.300	0.796	0.050	0.016	1.813	0.089	6.685	0.454	0.043
zhangjiafen	1963-7-19	17.700	52.285	1.904	33.330	2.986	6.600	0.217	0.051	0.016	2.847	0.139	6.948	0.463	0.045
zhangjiafen	1963-7-20	15.800	47.557	0.076	30.113	2.929	6.700	0.009	0.050	0.017	2.785	0.144	7.190	0.449	0.046
zhangjiafen	1963-7-21	12.500	35.177	0.321	26.843	3.251	7.800	0.032	0.048	0.018	3.080	0.171	7.385	0.432	0.048
zhangjiafen	1963-7-22	12.000	26.499	7.563	31.976	1.259	3.000	0.755	0.048	0.018	1.193	0.066	7.685	0.434	0.049
zhangjiafen	1963-7-23	19.700	48.886	15.213	42.829	2.256	4.800	1.681	0.053	0.019	2.148	0.108	7.985	0.478	0.051
zhangjiafen	1963-7-24	108.000	117.423	12.673	51.446	1.988	3.800	1.568	0.059	0.019	1.901	0.088	8.354	0.529	0.053
zhangjiafen	1963-7-25	95.100	147.373	1.863	49.719	2.817	5.200	0.265	0.063	0.020	2.694	0.123	8.723	0.568	0.056
zhangjiafen	1963-7-26	37.600	94.664	0.843	46.561	3.442	6.500	0.118	0.060	0.021	3.286	0.156	9.025	0.538	0.058
zhangjiafen	1963-7-27	18.400	55.460	8.943	52.244	1.604	3.000	1.127	0.060	0.022	1.530	0.073	9.412	0.542	0.060
zhangjiafen	1963-7-28	34.300	81.521	2.651	51.545	2.528	4.600	0.318	0.062	0.023	2.413	0.115	9.768	0.557	0.063
zhangjiafen	1963-7-29	22.600	61.855	0	47.242	3.882	7.200	0	0.060	0.024	3.699	0.183	10.040	0.544	0.065
zhangjiafen	1963-7-30	15.000	40.911	0	43.078	3.773	7.300	0	0.058	0.024	3.585	0.188	10.281	0.521	0.067
zhangjiafen	1963-7-31	13.300	27.995	0	39.198	3.511	7.100	0	0.056	0.025	3.325	0.185	10.502	0.500	0.069
zhangjiafen	1963-8-1	11.700	20.409	0	35.719	3.120	6.600	0	0.053	0.026	2.946	0.174	10.711	0.479	0.070
zhangjiafen	1963-8-2	10.100	15.832	1.358	33.343	3.284	7.200	0.128	0.052	0.026	3.092	0.192	10.885	0.464	0.071
zhangjiafen	1963-8-3	9.310	13.580	3.584	34.804	1.309	2.900	0.381	0.051	0.026	1.231	0.078	11.167	0.459	0.073
zhangjiafen	1963-8-4	12.600	25.347	6.568	39.412	0.752	1.600	0.723	0.053	0.027	0.709	0.044	11.498	0.475	0.074
zhangjiafen	1963-8-5	23.800	50.837	3.533	40.118	2.004	4.100	0.391	0.055	0.028	1.890	0.113	11.771	0.491	0.077
zhangjiafen	1963-8-6	18.400	49.115	13.806	50.723	1.094	2.100	1.588	0.058	0.029	1.036	0.059	12.126	0.520	0.078
zhangjiafen	1963-8-7	15.000	96.234	34.138	78.231	1.479	2.400	4.463	0.076	0.029	1.411	0.068	12.627	0.680	0.081
zhangjiafen	1963-8-8	115.000	324.877	29.516	101.442	0.144	0.200	4.629	0.154	0.031	0.138	0.006	13.892	1.386	0.084
zhangjiafen	1963-8-9	780.000	521.397	12.262	108.600	1.398	1.800	2.224	0.153	0.034	1.344	0.054	15.093	1.381	0.093
zhangjiafen	1963-8-10	634.000	323.642	1.279	105.461	3.301	4.200	0.210	0.103	0.037	3.170	0.132	15.756	0.931	0.101
zhangjiafen	1963-8-11	307.000	134.321	0	100.253	4.402	5.700	0	0.099	0.038	4.220	0.182	16.324	0.894	0.105
zhangjiafen	1963-8-12	175.000	64.783	0.372	95.645	4.152	5.500	0.059	0.095	0.040	3.973	0.179	16.849	0.853	0.109
zhangjiafen	1963-8-13	119.000	39.097	3.593	93.330	4.606	6.200	0.588	0.092	0.041	4.401	0.205	17.316	0.825	0.112
zhangjiafen	1963-8-14	103.000	41.619	3.329	92.994	2.286	3.100	0.580	0.090	0.042	2.182	0.104	17.868	0.814	0.115
zhangjiafen	1963-8-15	119.000	66.197	1.642	90.802	2.785	3.800	0.280	0.090	0.043	2.655	0.130	18.384	0.807	0.119
zhangjiafen	1963-8-16	97.800	61.616	5.269	92.556	1.830	2.500	0.878	0.089	0.045	1.743	0.087	18.934	0.805	0.123
zhangjiafen	1963-8-17	94.200	75.840	2.464	91.009	2.860	3.900	0.394	0.090	0.046	2.723	0.137	19.431	0.806	0.126
zhangjiafen	1963-8-18	67.300	67.719	6.462	92.666	2.936	4.000	1.090	0.092	0.047	2.793	0.143	19.940	0.829	0.130
zhangjiafen	1963-8-19	101.000	99.303	4.730	93.105	2.731	3.700	0.789	0.091	0.048	2.597	0.134	20.440	0.815	0.133
zhangjiafen	1963-8-20	121.000	100.171	0.171	88.883	3.658	5.000	0.027	0.089	0.050	3.475	0.183	20.872	0.801	0.136
zhangjiafen	1963-8-21	66.200	63.356	0.322	85.171	3.296	4.600	0.050	0.086	0.051	3.126	0.170	21.284	0.772	0.139
zhangjiafen	1963-8-22	53.700	40.408	1.175	82.661	2.817	4.000	0.186	0.083	0.052	2.668	0.149	21.690	0.749	0.142
zhangjiafen	1963-8-23	51.100	32.233	0.475	79.892	2.498	3.600	0.070	0.081	0.053	2.363	0.136	22.088	0.730	0.145
zhangjiafen	1963-8-24	52.800	27.575	0.012	75.455	3.878	5.700	0.002	0.079	0.054	3.661	0.217	22.377	0.707	0.147
zhangjiafen	1963-8-25	44.300	23.479	0	71.268	3.642	5.500	0	0.076	0.054	3.431	0.211	22.643	0.680	0.149
zhangjiafen	1963-8-26	40.500	20.124	0	67.509	3.224	5.000	0	0.073	0.055	3.032	0.193	22.899	0.655	0.151
zhangjiafen	1963-8-27	38.200	17.615	0	63.799	3.205	5.100	0	0.070	0.056	3.007	0.198	23.125	0.632	0.153
zhangjiafen	1963-8-28	36.000	15.856	0.429	61.190	2.454	4.000	0.058	0.068	0.056	2.298	0.156	23.372	0.613	0.154
zhangjiafen	1963-8-29	30.200	16.243	4.028	61.344	2.864	4.700	0.521	0.067	0.057	2.680	0.184	23.582	0.606	0.156
zhangjiafen	1963-8-30	30.200	27.038	3.752	60.725	3.417	5.600	0.502	0.067	0.057	3.197	0.220	23.752	0.605	0.157
zhangjiafen	1963-8-31	31.500	44.574	1.125	59.058	2.115	3.500	0.152	0.066	0.058	1.977	0.138	23.994	0.597	0.158
zhangjiafen	1963-9-1	28.400	44.444	0	53.462	5.309	9.000	0	0.064	0.058	4.952	0.357	23.998	0.580	0.160
zhangjiafen	1963-9-2	26.000	34.070	0	49.852	3.222	5.700	0	0.061	0.058	2.996	0.226	24.107	0.553	0.160
zhangjiafen	1963-9-3	24.900	25.520	0	46.368	3.117	5.700	0	0.059	0.059	2.890	0.227	24.195	0.534	0.161
zhangjiafen	1963-9-4	23.800	20.073	0	42.190	3.901	7.400	0	0.057	0.059	3.606	0.295	24.195	0.515	0.161
zhangjiafen	1963-9-5	22.100	16.768	0	38.116	3.830	7.600	0	0.055	0.059	3.527	0.303	24.164	0.493	0.161
zhangjiafen	1963-9-6	20.500	14.755	0.051	35.996	1.787	3.700	0.005	0.053	0.059	1.640	0.147	24.271	0.474	0.161
zhangjiafen	1963-9-7	19.100	13.530	0.021	32.719	3.044	6.500	0.002	0.051	0.059	2.784	0.260	24.251	0.461	0.162
zhangjiafen	1963-9-8	20.000	12.802	1.514	31.760	1.996	4.400	0.155	0.050	0.059	1.820	0.176	24.302	0.448	0.162
zhangjiafen	1963-9-9	20.000	14.576	0.583	30.651	1.248	2.800	0.066	0.049	0.060	1.136	0.112	24.410	0.441	0.162
zhangjiafen	1963-9-10	21.600	17.698	5.485	34.012	1.131	2.500	0.596	0.050	0.060	1.031	0.100	24.534	0.447	0.163
zhangjiafen	1963-9-11	36.800	37.706	2.096	34.360	1.114	2.400	0.223	0.051	0.060	1.018	0.096	24.670	0.457	0.164
zhangjiafen	1963-9-12	31.500	39.000	1.340	34.422	0.699	1.500	0.130	0.051	0.060	0.639	0.060	24.844	0.458	0.164
zhangjiafen	1963-9-13	27.800	33.610	2.711	35.209	1.224	2.600	0.291	0.051	0.060	1.119	0.105	24.975	0.462	0.166
zhangjiafen	1963-9-14	23.200	35.381	0.032	32.807	2.103	4.500	0.003	0.051	0.061	1.921	0.182	25.024	0.459	0.166
zhangjiafen	1963-9-15	21.000	28.530	0.778	30.733	2.496	5.500	0.081	0.050	0.061	2.273	0.223	25.021	0.447	0.167
zhangjiafen	1963-9-16	18.200	24.118	0.110	29.230	1.233	2.800	0.010	0.048	0.061	1.119	0.114	25.115	0.436	0.167
zhangjiafen	1963-9-17	18.200	20.293	0	26.818	2.143	5.000	0	0.047	0.061	1.940	0.203	25.109	0.426	0.167
zhangjiafen	1963-9-18	17.700	17.359	0	23.809	2.833	6.900	0	0.046	0.061	2.553	0.280	25.010	0.410	0.167
zhangjiafen	1963-9-19	17.700	15.239	0.177	22.235	1.446	3.700	0.019	0.044	0.061	1.295	0.150	25.026	0.394	0.167
zhangjiafen	1963-9-20	17.700	14.251	0.754	20.064	2.730	7.200	0.060	0.043	0.061	2.438	0.292	24.889	0.384	0.167
zhangjiafen	1963-9-21	17.300	13.711	0	17.581	2.338	6.500	0	0.041	0.061	2.075	0.263	24.766	0.367	0.166
zhangjiafen	1963-9-22	17.700	13.061	0.284	15.625	2.071	6.100	0.027	0.039	0.062	1.824	0.246	24.641	0.349	0.165
zhangjiafen	1963-9-23	17.300	13.616	2.492	16.511	1.161	3.500	0.205	0.038	0.063	1.020	0.141	24.616	0.343	0.164
zhangjiafen	1963-9-24	17.700	18.466	0.138	14.874	1.580	4.800	0.011	0.038	0.064	1.386	0.193	24.535	0.340	0.164
zhangjiafen	1963-9-25	17.300	18.157	0.236	13.117	1.850	5.900	0.018	0.036	0.064	1.613	0.237	24.396	0.326	0.164
zhangjiafen	1963-9-26	16.400	16.138	0	11.347	1.652	5.600	0	0.034	0.065	1.427	0.224	24.252	0.309	0.163
zhangjiafen	1963-9-27	16.000	14.241	0.084	9.991	1.300	4.700	0.006	0.032	0.066	1.112	0.188	24.127	0.291	0.162
zhangjiafen	1963-9-28	15.600	12.887	1.653	10.121	1.301	4.800	0.095	0.032	0.066	1.109	0.191	23.996	0.286	0.161
zhangjiafen	1963-9-29	16.000	12.630	7.357	16.019	0.655	2.200	0.547	0.034	0.064	0.567	0.087	23.995	0.310	0.160
zhangjiafen	1963-9-30	34.500	34.481	1.444	15.630	1.545	4.800	0.111	0.037	0.064	1.354	0.191	23.911	0.331	0.160
zhangjiafen	1963-10-1	24.400	33.073	0	13.590	1.930	6.200	0	0.036	0.064	1.684	0.246	23.763	0.321	0.159
zhangjiafen	1963-10-2	20.000	24.803	1.827	14.284	0.756	2.500	0.126	0.035	0.064	0.658	0.099	23.755	0.313	0.158
zhangjiafen	1963-10-3	19.100	21.128	0	12.395	1.775	5.900	0	0.035	0.064	1.542	0.233	23.611	0.312	0.158
zhangjiafen	1963-10-4	18.600	17.982	0	10.909	1.349	4.800	0	0.033	0.066	1.160	0.189	23.492	0.293	0.157
zhangjiafen	1963-10-5	16.000	15.404	0	9.192	1.659	6.300	0	0.031	0.066	1.411	0.248	23.297	0.275	0.157
zhangjiafen	1963-10-6	16.000	13.478	0	7.438	1.761	7.300	0	0.028	0.067	1.476	0.286	23.041	0.253	0.155
zhangjiafen	1963-10-7	15.600	12.119	0.025	6.250	1.172	5.400	0.002	0.025	0.067	0.961	0.210	22.836	0.226	0.154
zhangjiafen	1963-10-8	15.600	11.220	0.008	5.710	0.398	2.000	0.001	0.023	0.068	0.320	0.077	22.744	0.206	0.152
zhangjiafen	1963-10-9	14.800	10.618	0.084	5.038	0.669	3.500	0.004	0.022	0.068	0.533	0.135	22.587	0.197	0.152
zhangjiafen	1963-10-10	14.400	10.237	0.778	5.260	0.380	2.000	0.034	0.022	0.068	0.303	0.077	22.489	0.198	0.151
zhangjiafen	1963-10-11	14.000	10.527	2.652	7.223	0.387	1.800	0.117	0.025	0.068	0.318	0.069	22.431	0.229	0.150
zhangjiafen	1963-10-12	14.400	12.704	0.022	6.409	0.680	3.000	0.002	0.027	0.067	0.564	0.115	22.341	0.242	0.150
zhangjiafen	1963-10-13	14.400	13.081	0	5.557	0.728	3.400	0	0.025	0.068	0.598	0.130	22.223	0.229	0.149
zhangjiafen	1963-10-14	14.800	12.589	0.001	4.882	0.542	2.700	0	0.024	0.068	0.439	0.103	22.118	0.214	0.148
zhangjiafen	1963-10-15	14.400	11.783	0	4.087	0.717	3.800	0	0.022	0.068	0.572	0.145	21.957	0.200	0.147
zhangjiafen	1963-10-16	14.400	10.994	0	3.411	0.608	3.500	0	0.020	0.068	0.475	0.133	21.792	0.182	0.146
zhangjiafen	1963-10-17	14.800	10.350	0	2.948	0.367	2.300	0	0.018	0.069	0.280	0.087	21.656	0.165	0.145
zhangjiafen	1963-10-18	14.800	9.864	0.115	2.558	0.438	2.900	0.004	0.017	0.068	0.329	0.109	21.489	0.155	0.144
zhangjiafen	1963-10-19	14.800	9.542	0.325	2.380	0.438	3.000	0.012	0.017	0.068	0.325	0.113	21.314	0.149	0.143
zhangjiafen	1963-10-20	14.800	9.497	0	1.926	0.413	3.000	0	0.015	0.068	0.301	0.112	21.131	0.139	0.142
zhangjiafen	1963-10-21	14.800	9.373	0	1.514	0.397	3.200	0	0.013	0.068	0.278	0.119	20.924	0.121	0.141
zhangjiafen	1963-10-22	14.400	9.170	0.055	1.152	0.441	3.900	0.001	0.012	0.068	0.297	0.144	20.679	0.107	0.139
zhangjiafen	1963-10-23	14.000	8.930	0.012	1.004	0.091	0.900	0	0.010	0.068	0.058	0.033	20.532	0.092	0.138
zhangjiafen	1963-10-24	14.000	8.696	0	0.683	0.372	3.900	0	0.009	0.068	0.229	0.143	20.268	0.084	0.137
zhangjiafen	1963-10-25	13.600	8.473	0	0.528	0.148	1.800	0	0.007	0.068	0.082	0.066	20.065	0.066	0.135
zhangjiafen	1963-10-26	13.600	8.255	0	0.391	0.149	2.000	0	0.006	0.068	0.076	0.072	19.846	0.055	0.134
zhangjiafen	1963-10-27	14.000	8.046	0	0.279	0.140	2.100	0	0.005	0.068	0.064	0.076	19.614	0.044	0.132
zhangjiafen	1963-10-28	14.000	7.853	0.066	0.168	0.306	4.800	0.001	0.005	0.068	0.135	0.172	19.284	0.041	0.131
zhangjiafen	1963-10-29	14.400	7.697	0.002	0.106	0.120	2.300	0	0.003	0.068	0.038	0.082	19.030	0.024	0.129
zhangjiafen	1963-10-30	14.000	7.533	0	0.060	0.133	2.900	0	0.002	0.068	0.031	0.102	18.749	0.016	0.127
zhangjiafen	1963-10-31	14.400	7.369	0	0.038	0.078	1.900	0	0.001	0.068	0.012	0.066	18.499	0.009	0.125
zhangjiafen	1963-11-1	14.400	7.216	0	0.020	0.128	3.300	0	0.001	0.068	0.013	0.115	18.199	0.006	0.123
zhangjiafen	1963-11-2	14.000	7.087	0	0.015	0.029	0.800	0	0	0.068	0.002	0.028	17.985	0.003	0.121
zhangjiafen	1963-11-3	14.000	6.985	0.294	0.251	0.051	0.900	0	0.004	0.068	0.021	0.031	17.800	0.034	0.120
zhangjiafen	1963-11-4	13.600	6.934	0.097	0.252	0.092	1.400	0.001	0.005	0.068	0.044	0.048	17.612	0.046	0.119
zhangjiafen	1963-11-5	13.600	6.950	0.126	0.273	0.100	1.500	0.001	0.005	0.068	0.049	0.051	17.425	0.048	0.117
zhangjiafen	1963-11-6	13.600	6.994	0.280	0.426	0.105	1.400	0.003	0.007	0.068	0.057	0.047	17.254	0.060	0.116
zhangjiafen	1963-11-7	13.600	7.108	0.209	0.481	0.128	1.600	0.004	0.008	0.068	0.074	0.054	17.085	0.068	0.115
zhangjiafen	1963-11-8	13.200	7.289	0.078	0.412	0.126	1.600	0.001	0.007	0.068	0.073	0.053	16.916	0.066	0.114
zhangjiafen	1963-11-9	12.800	7.423	0	0.287	0.115	1.600	0	0.006	0.068	0.062	0.053	16.740	0.057	0.113
zhangjiafen	1963-11-10	12.400	7.484	0.227	0.377	0.120	1.600	0.002	0.007	0.068	0.067	0.053	16.569	0.062	0.112
zhangjiafen	1963-11-11	12.400	7.521	0.598	0.786	0.142	1.600	0.011	0.009	0.068	0.089	0.053	16.420	0.081	0.110
zhangjiafen	1963-11-12	12.400	7.669	0	0.597	0.146	1.600	0	0.009	0.068	0.094	0.052	16.276	0.085	0.109
zhangjiafen	1963-11-13	12.400	7.783	0.256	0.650	0.174	2.000	0.007	0.009	0.068	0.109	0.065	16.114	0.079	0.109
zhangjiafen	1963-11-14	12.400	7.908	0.026	0.485	0.182	2.200	0.001	0.008	0.068	0.110	0.071	15.940	0.073	0.107
zhangjiafen	1963-11-15	12.400	7.958	0	0.377	0.079	1.100	0	0.006	0.068	0.044	0.035	15.789	0.058	0.106
zhangjiafen	1963-11-16	12.400	7.919	0	0.289	0.065	1.000	0	0.005	0.068	0.033	0.032	15.633	0.049	0.105
zhangjiafen	1963-11-17	12.400	7.819	0	0.210	0.077	1.300	0	0.004	0.068	0.035	0.042	15.459	0.040	0.104
zhangjiafen	1963-11-18	12.000	7.691	0	0.147	0.074	1.400	0	0.003	0.067	0.030	0.044	15.275	0.031	0.103
zhangjiafen	1963-11-19	12.000	7.557	0.034	0.106	0.117	2.300	0	0.003	0.067	0.044	0.073	15.062	0.028	0.102
zhangjiafen	1963-11-20	12.000	7.428	0.206	0.237	0.059	1.000	0.002	0.005	0.067	0.028	0.031	14.904	0.041	0.100
zhangjiafen	1963-11-21	12.000	7.337	0.527	0.615	0.109	1.400	0.009	0.008	0.067	0.065	0.044	14.761	0.068	0.099
zhangjiafen	1963-11-22	11.600	7.342	0.606	1.019	0.131	1.400	0.015	0.010	0.067	0.087	0.043	14.642	0.090	0.098
zhangjiafen	1963-11-23	11.600	7.487	1.706	2.407	0.171	1.400	0.048	0.014	0.067	0.127	0.043	14.562	0.128	0.098
zhangjiafen	1963-11-24	11.200	8.022	0.003	2.104	0.188	1.400	0	0.016	0.067	0.145	0.043	14.499	0.144	0.097
zhangjiafen	1963-11-25	10.800	8.746	0	1.823	0.177	1.400	0	0.015	0.067	0.134	0.043	14.425	0.133	0.097
zhangjiafen	1963-11-26	11.600	9.236	0.068	1.628	0.166	1.400	0.002	0.014	0.067	0.123	0.043	14.342	0.124	0.096
zhangjiafen	1963-11-27	12.400	9.324	0	1.388	0.156	1.400	0	0.013	0.067	0.113	0.043	14.250	0.114	0.096
zhangjiafen	1963-11-28	12.400	9.126	0.117	1.279	0.147	1.400	0.004	0.012	0.067	0.105	0.043	14.151	0.106	0.095
zhangjiafen	1963-11-29	12.400	8.839	0	1.074	0.139	1.400	0	0.011	0.067	0.097	0.043	14.045	0.098	0.094
zhangjiafen	1963-11-30	12.400	8.572	0.169	1.046	0.133	1.400	0.004	0.010	0.067	0.091	0.042	13.933	0.092	0.094
zhangjiafen	1963-12-1	11.600	8.363	0	0.873	0.117	1.300	0	0.010	0.067	0.078	0.039	13.820	0.086	0.093
zhangjiafen	1963-12-2	11.600	8.212	0.256	0.955	0.114	1.300	0.008	0.009	0.067	0.075	0.039	13.703	0.082	0.092
zhangjiafen	1963-12-3	12.000	8.115	0	0.797	0.110	1.300	0	0.009	0.067	0.071	0.039	13.584	0.078	0.091
zhangjiafen	1963-12-4	12.400	8.060	0.055	0.710	0.102	1.300	0.002	0.008	0.067	0.063	0.039	13.457	0.070	0.091
zhangjiafen	1963-12-5	11.600	8.021	0	0.585	0.095	1.300	0	0.007	0.067	0.057	0.039	13.324	0.062	0.090
zhangjiafen	1963-12-6	10.400	7.968	0	0.475	0.087	1.300	0	0.006	0.067	0.049	0.038	13.184	0.054	0.089
zhangjiafen	1963-12-7	10.100	7.884	0	0.381	0.080	1.300	0	0.005	0.067	0.042	0.038	13.037	0.047	0.088
zhangjiafen	1963-12-8	9.370	7.772	0	0.302	0.074	1.300	0	0.004	0.067	0.036	0.038	12.885	0.040	0.087
zhangjiafen	1963-12-9	11.600	7.647	0	0.236	0.067	1.300	0	0.004	0.067	0.030	0.038	12.727	0.033	0.086
zhangjiafen	1963-12-10	11.800	7.526	0	0.182	0.062	1.300	0	0.003	0.067	0.024	0.037	12.564	0.027	0.085
zhangjiafen	1963-12-11	11.800	7.415	0	0.137	0.057	1.300	0	0.002	0.067	0.020	0.037	12.399	0.022	0.084
zhangjiafen	1963-12-12	12.100	7.318	0	0.101	0.053	1.300	0	0.002	0.067	0.016	0.037	12.230	0.018	0.083
zhangjiafen	1963-12-13	12.400	7.233	0	0.072	0.050	1.300	0	0.002	0.067	0.013	0.037	12.059	0.014	0.082
zhangjiafen	1963-12-14	13.700	7.157	0	0.050	0.046	1.300	0	0.001	0.067	0.010	0.036	11.886	0.011	0.080
zhangjiafen	1963-12-15	12.500	7.089	0	0.034	0.043	1.300	0	0.001	0.067	0.007	0.036	11.712	0.008	0.079
zhangjiafen	1963-12-16	10.900	7.026	0	0.023	0.041	1.300	0	0.001	0.067	0.005	0.036	11.536	0.006	0.078
zhangjiafen	1963-12-17	10.900	6.970	0	0.015	0.039	1.300	0	0	0.067	0.003	0.036	11.360	0.004	0.077
zhangjiafen	1963-12-18	9.240	6.919	0	0.011	0.037	1.300	0	0	0.067	0.002	0.035	11.184	0.002	0.076
zhangjiafen	1963-12-19	9.360	6.874	0	0.008	0.036	1.300	0	0	0.067	0.001	0.035	11.009	0.002	0.075
zhangjiafen	1963-12-20	9.800	6.835	0	0.006	0.036	1.300	0	0	0.067	0.001	0.035	10.835	0.001	0.073
zhangjiafen	1963-12-21	11.000	6.802	0	0.005	0.035	1.300	0	0	0.067	0	0.035	10.661	0.001	0.072
zhangjiafen	1963-12-22	9.740	6.775	0	0.004	0.035	1.300	0	0	0.067	0	0.034	10.489	0	0.071
zhangjiafen	1963-12-23	11.000	6.754	0	0.004	0.034	1.300	0	0	0.067	0	0.034	10.318	0	0.070
zhangjiafen	1963-12-24	9.090	6.739	0	0.003	0.034	1.300	0	0	0.067	0	0.034	10.149	0	0.069
zhangjiafen	1963-12-25	9.200	6.728	0	0.003	0.033	1.300	0	0	0.067	0	0.033	9.981	0	0.068
zhangjiafen	1963-12-26	4.250	6.720	0	0.003	0.033	1.300	0	0	0.067	0	0.033	9.814	0	0.066
zhangjiafen	1963-12-27	4.970	6.714	0	0.003	0.033	1.300	0	0	0.067	0	0.033	9.649	0	0.065
zhangjiafen	1963-12-28	6.390	6.711	0	0.003	0.033	1.300	0	0	0.067	0	0.033	9.485	0	0.064
zhangjiafen	1963-12-29	7.000	6.708	0.005	0.006	0.033	1.300	0	0	0.067	0.001	0.032	9.323	0.001	0.063
zhangjiafen	1963-12-30	8.400	6.708	0	0.003	0.033	1.300	0	0	0.067	0.001	0.032	9.163	0.001	0.062
zhangjiafen	1963-12-31	8.300	6.710	0	0.003	0.032	1.300	0	0	0.067	0	0.032	9.004	0	0.061
