zhangjiafen	1963-1-1	4.160	8.080	0	6.080	0.261	1.700	0	0.014	0.073	0.185	0.076	29.774	0.129	0.200
zhangjiafen	1963-1-2	4.520	8.080	0	5.765	0.253	1.700	0	0.014	0.072	0.178	0.076	29.560	0.124	0.199
zhangjiafen	1963-1-3	4.750	9.800	0	5.463	0.246	1.700	0	0.013	0.072	0.170	0.075	29.326	0.119	0.197
zhangjiafen	1963-1-4	4.660	11.203	0.010	5.184	0.239	1.700	0	0.013	0.071	0.164	0.075	29.104	0.115	0.195
zhangjiafen	1963-1-5	5.910	11.756	0.025	4.925	0.234	1.700	0	0.012	0.071	0.159	0.075	28.881	0.112	0.194
zhangjiafen	1963-1-6	4.160	11.591	0	4.649	0.229	1.700	0	0.012	0.070	0.154	0.075	28.646	0.109	0.192
zhangjiafen	1963-1-7	4.270	11.066	0	4.389	0.220	1.700	0	0.011	0.070	0.146	0.074	28.417	0.103	0.191
zhangjiafen	1963-1-8	2.800	10.449	0	4.138	0.214	1.700	0	0.011	0.069	0.140	0.074	28.184	0.100	0.189
zhangjiafen	1963-1-9	4.720	9.878	0	3.895	0.209	1.700	0	0.011	0.069	0.135	0.074	27.954	0.097	0.188
zhangjiafen	1963-1-10	4.160	9.407	0	3.661	0.203	1.700	0	0.010	0.069	0.130	0.073	27.717	0.093	0.186
zhangjiafen	1963-1-11	4.840	9.040	0	3.436	0.198	1.700	0	0.010	0.069	0.125	0.073	27.483	0.090	0.185
zhangjiafen	1963-1-12	4.730	8.765	0	3.219	0.193	1.700	0	0.010	0.069	0.120	0.073	27.246	0.087	0.183
zhangjiafen	1963-1-13	4.980	8.560	0	3.010	0.188	1.700	0	0.009	0.069	0.115	0.072	27.007	0.084	0.182
zhangjiafen	1963-1-14	4.090	8.406	0	2.809	0.182	1.700	0	0.009	0.069	0.110	0.072	26.767	0.081	0.180
zhangjiafen	1963-1-15	4.520	8.286	0	2.618	0.177	1.700	0	0.009	0.069	0.105	0.072	26.523	0.078	0.178
zhangjiafen	1963-1-16	5.620	8.189	0	2.435	0.172	1.700	0	0.008	0.068	0.100	0.071	26.280	0.074	0.177
zhangjiafen	1963-1-17	5.340	8.106	0.013	2.268	0.169	1.700	0	0.008	0.068	0.098	0.071	26.037	0.073	0.175
zhangjiafen	1963-1-18	5.340	8.033	0	2.098	0.164	1.700	0	0.008	0.068	0.093	0.071	25.797	0.070	0.174
zhangjiafen	1963-1-19	7.040	7.969	0.025	1.958	0.161	1.700	0	0.008	0.068	0.090	0.070	25.558	0.068	0.172
zhangjiafen	1963-1-20	5.620	7.909	0	1.802	0.155	1.700	0	0.007	0.068	0.085	0.070	25.311	0.064	0.170
zhangjiafen	1963-1-21	6.460	7.852	0	1.665	0.145	1.700	0	0.006	0.068	0.076	0.070	25.056	0.057	0.169
zhangjiafen	1963-1-22	5.620	7.794	0.028	1.552	0.146	1.700	0	0.006	0.068	0.076	0.069	24.810	0.058	0.167
zhangjiafen	1963-1-23	4.800	7.738	0	1.420	0.141	1.700	0	0.006	0.068	0.072	0.069	24.568	0.055	0.165
zhangjiafen	1963-1-24	5.200	7.686	0	1.306	0.131	1.700	0	0.005	0.068	0.062	0.069	24.309	0.047	0.164
zhangjiafen	1963-1-25	7.060	7.631	0	1.197	0.127	1.700	0	0.005	0.068	0.059	0.068	24.063	0.045	0.162
zhangjiafen	1963-1-26	6.680	7.573	0.027	1.113	0.128	1.700	0	0.005	0.068	0.060	0.068	23.806	0.046	0.160
zhangjiafen	1963-1-27	7.070	7.517	0.113	1.103	0.132	1.700	0	0.006	0.068	0.065	0.068	23.568	0.051	0.159
zhangjiafen	1963-1-28	6.940	7.469	0.327	1.250	0.162	1.700	0.001	0.009	0.068	0.095	0.067	23.351	0.077	0.157
zhangjiafen	1963-1-29	7.440	7.461	0.038	1.098	0.166	1.700	0	0.009	0.068	0.099	0.067	23.143	0.082	0.156
zhangjiafen	1963-1-30	7.300	7.490	0	0.941	0.150	1.700	0	0.008	0.068	0.083	0.067	22.923	0.068	0.154
zhangjiafen	1963-1-31	6.380	7.522	0	0.812	0.135	1.700	0	0.006	0.068	0.068	0.066	22.690	0.056	0.153
zhangjiafen	1963-2-1	7.120	7.534	0	0.698	0.149	2.100	0	0.005	0.068	0.067	0.082	22.434	0.044	0.151
zhangjiafen	1963-2-2	10.900	7.518	0	0.608	0.134	2.100	0	0.004	0.068	0.053	0.081	22.169	0.034	0.150
zhangjiafen	1963-2-3	8.100	7.476	0	0.534	0.124	2.100	0	0.003	0.068	0.043	0.081	21.901	0.028	0.148
zhangjiafen	1963-2-4	5.900	7.415	0	0.470	0.117	2.100	0	0.003	0.068	0.037	0.080	21.631	0.024	0.146
zhangjiafen	1963-2-5	6.990	7.343	0	0.414	0.113	2.100	0	0.002	0.068	0.033	0.080	21.361	0.021	0.144
zhangjiafen	1963-2-6	7.880	7.267	0	0.363	0.109	2.100	0	0.002	0.068	0.030	0.079	21.092	0.019	0.142
zhangjiafen	1963-2-7	6.100	7.194	0	0.318	0.105	2.100	0	0.002	0.068	0.026	0.079	20.820	0.017	0.141
zhangjiafen	1963-2-8	4.880	7.128	0	0.279	0.101	2.100	0	0.002	0.067	0.023	0.078	20.551	0.015	0.139
zhangjiafen	1963-2-9	6.170	7.070	0	0.244	0.098	2.100	0	0.001	0.067	0.021	0.078	20.285	0.013	0.137
zhangjiafen	1963-2-10	6.180	7.022	0.025	0.225	0.102	2.100	0	0.002	0.067	0.025	0.077	20.021	0.017	0.135
zhangjiafen	1963-2-11	6.900	6.985	0	0.187	0.100	2.100	0	0.002	0.067	0.023	0.076	19.761	0.015	0.133
zhangjiafen	1963-2-12	6.900	6.957	0	0.160	0.092	2.100	0	0.001	0.067	0.016	0.076	19.496	0.011	0.132
zhangjiafen	1963-2-13	7.060	6.935	0	0.138	0.088	2.100	0	0.001	0.067	0.013	0.075	19.228	0.008	0.130
zhangjiafen	1963-2-14	7.500	6.916	0	0.119	0.086	2.100	0	0.001	0.067	0.011	0.075	18.964	0.007	0.128
zhangjiafen	1963-2-15	7.200	6.897	0.246	0.269	0.129	2.100	0	0.004	0.067	0.055	0.074	18.737	0.038	0.126
zhangjiafen	1963-2-16	7.820	6.912	0.259	0.390	0.152	2.100	0	0.006	0.067	0.078	0.074	18.525	0.055	0.125
zhangjiafen	1963-2-17	7.330	6.959	0.055	0.312	0.150	2.100	0	0.006	0.067	0.076	0.074	18.313	0.053	0.123
zhangjiafen	1963-2-18	7.470	7.018	0	0.215	0.129	2.100	0	0.004	0.067	0.056	0.073	18.089	0.039	0.122
zhangjiafen	1963-2-19	9.000	7.067	0	0.149	0.110	2.100	0	0.003	0.067	0.038	0.073	17.856	0.026	0.121
zhangjiafen	1963-2-20	8.250	7.095	0	0.104	0.098	2.100	0	0.002	0.067	0.026	0.072	17.614	0.018	0.119
zhangjiafen	1963-2-21	7.630	7.099	0	0.073	0.090	2.100	0	0.001	0.067	0.018	0.072	17.371	0.012	0.117
zhangjiafen	1963-2-22	9.890	7.080	0	0.053	0.083	2.100	0	0.001	0.067	0.012	0.071	17.124	0.008	0.116
zhangjiafen	1963-2-23	10.200	7.043	0	0.038	0.111	3.000	0	0.001	0.067	0.010	0.101	16.847	0.005	0.114
zhangjiafen	1963-2-24	10.800	6.996	0	0.028	0.107	3.000	0	0	0.067	0.006	0.100	16.571	0.003	0.112
zhangjiafen	1963-2-25	12.900	6.945	0.008	0.025	0.107	3.000	0	0	0.067	0.008	0.099	16.297	0.004	0.110
zhangjiafen	1963-2-26	10.500	6.895	0	0.018	0.104	3.000	0	0	0.067	0.006	0.098	16.026	0.003	0.109
zhangjiafen	1963-2-27	11.200	6.851	0	0.015	0.100	3.000	0	0	0.067	0.002	0.098	15.755	0.001	0.107
zhangjiafen	1963-2-28	13.400	6.816	0	0.012	0.099	3.000	0	0	0.067	0.002	0.097	15.487	0.001	0.105
zhangjiafen	1963-3-1	14.800	6.788	0	0.009	0.133	4.100	0	0	0.067	0.002	0.131	15.186	0.001	0.103
zhangjiafen	1963-3-2	14.500	6.766	0	0.007	0.131	4.100	0	0	0.067	0.001	0.130	14.888	0.001	0.101
zhangjiafen	1963-3-3	12.500	6.749	0	0.006	0.130	4.100	0	0	0.067	0.001	0.129	14.594	0	0.099
zhangjiafen	1963-3-4	11.800	6.736	0	0.005	0.128	4.100	0	0	0.067	0.001	0.127	14.301	0	0.097
zhangjiafen	1963-3-5	11.800	6.727	0	0.004	0.127	4.100	0	0	0.067	0.001	0.126	14.014	0	0.095
zhangjiafen	1963-3-6	10.500	6.721	1.324	1.018	0.347	4.100	0	0.009	0.067	0.222	0.125	13.807	0.079	0.093
zhangjiafen	1963-3-7	12.200	6.784	2.945	3.476	0.393	2.800	0.007	0.017	0.067	0.309	0.085	13.717	0.154	0.092
zhangjiafen	1963-3-8	12.200	7.036	2.817	5.604	0.523	2.800	0.017	0.023	0.067	0.439	0.084	13.685	0.210	0.091
zhangjiafen	1963-3-9	8.750	7.571	0.309	5.185	0.560	2.800	0.003	0.025	0.064	0.476	0.084	13.669	0.224	0.091
zhangjiafen	1963-3-10	7.440	8.203	0.452	4.930	0.546	2.800	0.003	0.024	0.065	0.461	0.084	13.647	0.218	0.091
zhangjiafen	1963-3-11	8.660	8.702	0	4.259	0.523	2.800	0	0.023	0.066	0.439	0.084	13.616	0.209	0.091
zhangjiafen	1963-3-12	8.000	8.968	0	3.636	0.489	2.800	0	0.022	0.066	0.405	0.084	13.570	0.195	0.091
zhangjiafen	1963-3-13	8.660	9.034	0	3.064	0.456	2.800	0	0.020	0.067	0.372	0.084	13.510	0.181	0.090
zhangjiafen	1963-3-14	8.660	8.985	0	2.541	0.422	2.800	0	0.018	0.067	0.338	0.084	13.435	0.166	0.090
zhangjiafen	1963-3-15	8.660	8.886	0	1.760	0.786	5.700	0	0.017	0.067	0.616	0.170	13.259	0.150	0.090
zhangjiafen	1963-3-16	8.000	8.773	0.301	1.450	0.618	5.100	0.001	0.014	0.067	0.467	0.151	13.082	0.129	0.088
zhangjiafen	1963-3-17	8.660	8.648	0.107	1.047	0.537	5.000	0	0.012	0.067	0.390	0.147	12.891	0.111	0.087
zhangjiafen	1963-3-18	9.310	8.506	0	0.531	0.633	7.000	0	0.010	0.067	0.429	0.204	12.621	0.088	0.086
zhangjiafen	1963-3-19	10.100	8.346	0	0.207	0.513	7.700	0	0.006	0.067	0.291	0.222	12.302	0.055	0.084
zhangjiafen	1963-3-20	10.900	8.166	0	0.167	0.032	0.700	0	0.003	0.067	0.012	0.020	12.158	0.025	0.082
zhangjiafen	1963-3-21	9.310	7.963	0.007	0.037	0.390	8.900	0	0.003	0.067	0.138	0.252	11.780	0.023	0.081
zhangjiafen	1963-3-22	8.660	7.752	0	0.016	0.146	4.600	0	0.001	0.067	0.017	0.128	11.512	0.006	0.079
zhangjiafen	1963-3-23	8.660	7.551	0	0.006	0.135	4.600	0	0	0.067	0.008	0.127	11.244	0.003	0.077
zhangjiafen	1963-3-24	6.880	7.370	0	0.002	0.120	4.300	0	0	0.067	0.003	0.117	10.986	0.001	0.075
zhangjiafen	1963-3-25	8.000	7.217	0	0.001	0.165	6.100	0	0	0.067	0.001	0.164	10.681	0	0.073
zhangjiafen	1963-3-26	8.000	7.093	0	0.001	0.149	5.600	0	0	0.067	0	0.149	10.395	0	0.071
zhangjiafen	1963-3-27	7.440	6.996	0.327	0.232	0.160	3.600	0	0.003	0.067	0.066	0.094	10.191	0.027	0.069
zhangjiafen	1963-3-28	8.000	6.992	0	0.112	0.207	4.500	0	0.003	0.067	0.091	0.117	9.969	0.030	0.068
zhangjiafen	1963-3-29	8.660	7.037	0	0.039	0.190	5.100	0	0.002	0.067	0.059	0.131	9.721	0.017	0.066
zhangjiafen	1963-3-30	8.660	7.048	1.421	1.160	0.293	3.500	0	0.009	0.067	0.205	0.089	9.586	0.085	0.065
zhangjiafen	1963-3-31	9.310	7.064	4.219	5.070	0.123	0.800	0.008	0.020	0.067	0.103	0.020	9.612	0.178	0.064
zhangjiafen	1963-4-1	9.310	7.302	0	3.973	0.996	5.400	0	0.024	0.066	0.860	0.136	9.559	0.213	0.064
zhangjiafen	1963-4-2	9.310	7.713	0	2.772	1.169	7.100	0	0.021	0.067	0.991	0.178	9.439	0.190	0.064
zhangjiafen	1963-4-3	9.310	8.114	0	1.965	0.769	5.500	0	0.018	0.067	0.632	0.137	9.331	0.159	0.063
zhangjiafen	1963-4-4	8.000	8.374	0	1.355	0.585	4.900	0	0.015	0.067	0.463	0.121	9.213	0.133	0.062
zhangjiafen	1963-4-5	8.000	8.470	0.656	1.503	0.472	4.200	0.002	0.014	0.067	0.368	0.103	9.106	0.124	0.061
zhangjiafen	1963-4-6	8.000	8.477	0	0.984	0.510	4.800	0	0.013	0.067	0.392	0.118	8.976	0.116	0.061
zhangjiafen	1963-4-7	8.660	8.421	0.745	1.223	0.506	5.000	0.002	0.012	0.067	0.384	0.122	8.838	0.110	0.060
zhangjiafen	1963-4-8	8.000	8.341	0.010	0.766	0.477	5.000	0	0.011	0.067	0.357	0.121	8.693	0.102	0.059
zhangjiafen	1963-4-9	8.660	8.243	0.078	0.486	0.393	5.000	0	0.009	0.067	0.274	0.120	8.527	0.079	0.058
zhangjiafen	1963-4-10	8.000	8.112	0.037	0.138	0.569	8.900	0	0.007	0.067	0.358	0.211	8.251	0.059	0.057
zhangjiafen	1963-4-11	8.000	7.950	0.385	0.208	0.450	7.700	0	0.006	0.067	0.271	0.179	8.001	0.052	0.055
zhangjiafen	1963-4-12	8.660	7.785	2.247	1.929	0.513	5.000	0.001	0.013	0.067	0.398	0.115	7.880	0.114	0.053
zhangjiafen	1963-4-13	8.660	7.742	0.737	1.892	0.740	5.800	0.002	0.016	0.067	0.608	0.132	7.775	0.147	0.053
zhangjiafen	1963-4-14	8.000	7.868	1.913	3.095	0.625	4.500	0.008	0.018	0.067	0.524	0.102	7.716	0.161	0.052
zhangjiafen	1963-4-15	8.000	8.114	4.577	6.569	0.953	5.200	0.031	0.024	0.062	0.836	0.117	7.698	0.213	0.051
zhangjiafen	1963-4-16	8.000	8.702	0.456	5.997	0.856	4.200	0.005	0.026	0.055	0.762	0.094	7.732	0.235	0.051
zhangjiafen	1963-4-17	8.000	9.074	0	4.719	1.169	6.100	0	0.025	0.059	1.032	0.138	7.706	0.222	0.052
zhangjiafen	1963-4-18	8.000	9.140	0.156	3.613	1.199	7.000	0.002	0.022	0.063	1.041	0.158	7.633	0.198	0.051
zhangjiafen	1963-4-19	8.000	9.068	0.997	3.790	0.706	4.400	0.006	0.021	0.064	0.607	0.099	7.605	0.186	0.051
zhangjiafen	1963-4-20	6.880	8.972	0.146	3.187	0.640	4.100	0.001	0.020	0.065	0.548	0.092	7.579	0.181	0.051
zhangjiafen	1963-4-21	6.880	8.885	0.730	2.706	1.197	8.000	0.003	0.019	0.066	1.018	0.179	7.457	0.173	0.051
zhangjiafen	1963-4-22	6.880	8.806	0	2.185	0.429	3.300	0	0.017	0.066	0.356	0.073	7.417	0.149	0.050
zhangjiafen	1963-4-23	6.880	8.707	0	1.452	0.731	6.300	0	0.015	0.067	0.592	0.139	7.293	0.131	0.049
zhangjiafen	1963-4-24	7.440	8.596	0	0.767	0.766	8.200	0	0.011	0.067	0.587	0.179	7.098	0.101	0.049
zhangjiafen	1963-4-25	7.440	8.458	1.131	1.118	0.900	10.000	0.002	0.011	0.067	0.685	0.216	6.865	0.097	0.047
zhangjiafen	1963-4-26	7.440	8.321	3.754	4.272	0.481	3.400	0.006	0.018	0.066	0.409	0.072	6.847	0.166	0.046
zhangjiafen	1963-4-27	7.440	8.355	4.346	7.584	0.826	4.100	0.034	0.026	0.060	0.739	0.087	6.890	0.236	0.046
zhangjiafen	1963-4-28	7.440	8.851	1.224	7.467	1.146	5.100	0.014	0.029	0.050	1.038	0.108	6.946	0.260	0.046
zhangjiafen	1963-4-29	7.440	9.253	0.008	5.924	1.415	6.600	0	0.028	0.055	1.274	0.141	6.953	0.249	0.046
zhangjiafen	1963-4-30	7.440	9.417	0	4.129	1.741	9.100	0	0.025	0.062	1.546	0.194	6.874	0.224	0.046
zhangjiafen	1963-5-1	7.440	9.401	0	2.614	1.508	9.400	0	0.021	0.065	1.309	0.200	6.752	0.188	0.046
zhangjiafen	1963-5-2	6.880	9.263	1.663	2.897	1.386	9.500	0.009	0.019	0.066	1.186	0.200	6.611	0.171	0.045
zhangjiafen	1963-5-3	6.380	9.091	5.917	7.842	0.778	4.100	0.033	0.025	0.061	0.693	0.085	6.644	0.222	0.044
zhangjiafen	1963-5-4	6.380	9.241	0.315	6.258	1.785	8.200	0.004	0.028	0.052	1.614	0.171	6.628	0.252	0.044
zhangjiafen	1963-5-5	6.380	9.489	0.939	6.546	0.423	2.100	0.011	0.026	0.057	0.379	0.044	6.718	0.234	0.044
zhangjiafen	1963-5-6	6.380	9.641	1.998	7.232	1.128	5.300	0.022	0.027	0.054	1.016	0.111	6.754	0.247	0.045
zhangjiafen	1963-5-7	5.870	9.838	0.497	6.251	1.331	6.300	0.008	0.027	0.054	1.199	0.132	6.767	0.245	0.045
zhangjiafen	1963-5-8	5.870	9.859	0	4.399	1.804	9.400	0	0.025	0.059	1.606	0.198	6.689	0.223	0.045
zhangjiafen	1963-5-9	5.420	9.685	0.022	2.801	1.634	10.200	0	0.021	0.063	1.421	0.213	6.554	0.186	0.045
zhangjiafen	1963-5-10	4.970	9.408	0.048	1.657	1.249	9.900	0	0.016	0.065	1.044	0.205	6.385	0.145	0.044
zhangjiafen	1963-5-11	4.970	9.095	0.036	0.846	0.974	10.400	0	0.011	0.067	0.762	0.212	6.166	0.102	0.043
zhangjiafen	1963-5-12	4.550	8.777	0.067	0.485	0.538	8.200	0	0.007	0.067	0.373	0.164	5.958	0.064	0.041
zhangjiafen	1963-5-13	3.740	8.470	0.139	0.348	0.344	6.100	0	0.006	0.067	0.224	0.120	5.784	0.053	0.040
zhangjiafen	1963-5-14	3.740	8.196	0	0.129	0.398	9.300	0	0.004	0.067	0.218	0.180	5.532	0.034	0.038
zhangjiafen	1963-5-15	3.360	7.953	0.135	0.073	0.389	10.400	0	0.003	0.067	0.192	0.197	5.259	0.027	0.037
zhangjiafen	1963-5-16	3.010	7.738	0.198	0.094	0.334	9.100	0	0.003	0.067	0.166	0.168	5.016	0.027	0.035
zhangjiafen	1963-5-17	3.010	7.555	0.563	0.319	0.503	10.600	0	0.005	0.067	0.312	0.190	4.768	0.043	0.033
zhangjiafen	1963-5-18	3.010	7.414	2.465	2.349	0.365	3.600	0	0.013	0.067	0.302	0.063	4.725	0.119	0.032
zhangjiafen	1963-5-19	3.010	7.482	1.988	3.690	0.507	3.500	0.008	0.019	0.067	0.446	0.061	4.740	0.175	0.031
zhangjiafen	1963-5-20	3.360	7.824	0.388	2.823	1.178	7.600	0.002	0.021	0.067	1.045	0.133	4.697	0.187	0.032
zhangjiafen	1963-5-21	3.360	8.215	0	1.651	1.153	8.700	0	0.018	0.067	1.001	0.151	4.606	0.159	0.031
zhangjiafen	1963-5-22	3.360	8.484	0.001	0.834	0.838	8.300	0	0.013	0.067	0.695	0.143	4.484	0.119	0.031
zhangjiafen	1963-5-23	3.360	8.565	0.673	1.220	0.212	2.400	0.001	0.011	0.067	0.172	0.041	4.449	0.102	0.030
zhangjiafen	1963-5-24	3.010	8.535	0.237	0.769	0.691	7.300	0	0.012	0.067	0.568	0.123	4.340	0.111	0.030
zhangjiafen	1963-5-25	2.660	8.422	0	0.299	0.514	7.100	0	0.009	0.067	0.396	0.119	4.206	0.081	0.029
zhangjiafen	1963-5-26	2.660	8.248	0.373	0.432	0.243	4.200	0	0.007	0.067	0.174	0.069	4.103	0.061	0.028
zhangjiafen	1963-5-27	2.660	8.033	0	0.141	0.443	8.900	0	0.005	0.067	0.299	0.144	3.913	0.049	0.027
zhangjiafen	1963-5-28	2.660	7.814	0	0.075	0.146	5.700	0	0.002	0.067	0.055	0.090	3.744	0.014	0.026
zhangjiafen	1963-5-29	2.380	7.599	0.165	0.073	0.259	7.200	0	0.003	0.067	0.147	0.111	3.571	0.030	0.025
zhangjiafen	1963-5-30	2.660	7.413	1.490	1.063	0.592	9.400	0	0.008	0.067	0.451	0.141	3.407	0.069	0.024
zhangjiafen	1963-5-31	3.010	7.415	0	0.573	0.579	9.600	0	0.007	0.067	0.438	0.141	3.240	0.064	0.023
zhangjiafen	1963-6-1	2.100	7.483	1.534	1.217	0.919	10.200	0	0.012	0.067	0.773	0.146	3.114	0.108	0.022
zhangjiafen	1963-6-2	1.840	7.545	0.872	1.187	0.906	9.300	0.002	0.013	0.067	0.776	0.131	3.014	0.118	0.021
zhangjiafen	1963-6-3	1.840	7.589	1.527	1.816	0.869	8.300	0.004	0.014	0.067	0.754	0.115	2.940	0.128	0.020
zhangjiafen	1963-6-4	1.840	7.672	0.147	0.913	1.080	10.600	0	0.014	0.067	0.936	0.144	2.833	0.124	0.019
zhangjiafen	1963-6-5	1.840	7.778	7.134	6.565	1.362	8.600	0.018	0.022	0.063	1.247	0.115	2.831	0.195	0.019
zhangjiafen	1963-6-6	2.380	8.111	3.645	9.177	0.758	3.500	0.035	0.029	0.047	0.711	0.047	2.977	0.258	0.019
zhangjiafen	1963-6-7	9.310	8.913	0.090	7.973	1.061	4.700	0.002	0.030	0.037	0.997	0.065	3.122	0.267	0.020
zhangjiafen	1963-6-8	9.310	9.029	1.058	7.361	1.467	6.800	0.016	0.028	0.041	1.371	0.096	3.220	0.256	0.021
zhangjiafen	1963-6-9	6.880	8.821	0	5.144	2.108	10.600	0	0.026	0.049	1.956	0.152	3.235	0.237	0.021
zhangjiafen	1963-6-10	4.970	8.503	0	3.237	1.863	11.400	0	0.022	0.061	1.700	0.164	3.185	0.197	0.021
zhangjiafen	1963-6-11	4.130	8.380	0	1.654	1.648	13.200	0	0.017	0.065	1.460	0.188	3.061	0.150	0.021
zhangjiafen	1963-6-12	3.360	8.388	0.165	0.836	1.063	12.100	0.001	0.011	0.067	0.895	0.168	2.909	0.103	0.020
zhangjiafen	1963-6-13	3.360	8.377	0	0.248	0.752	13.000	0	0.007	0.067	0.576	0.176	2.710	0.063	0.019
zhangjiafen	1963-6-14	4.970	8.248	0	0.087	0.305	10.800	0	0.002	0.067	0.164	0.140	2.507	0.022	0.018
zhangjiafen	1963-6-15	3.740	7.991	0	0.030	0.192	10.900	0	0.001	0.067	0.056	0.136	2.296	0.007	0.016
zhangjiafen	1963-6-16	2.380	7.688	0.701	0.398	0.427	9.800	0	0.005	0.067	0.311	0.116	2.144	0.046	0.014
zhangjiafen	1963-6-17	2.100	7.479	0.224	0.347	0.363	9.300	0	0.004	0.066	0.257	0.106	1.998	0.039	0.013
zhangjiafen	1963-6-18	3.360	7.334	4.479	3.933	0.798	6.700	0.002	0.017	0.066	0.725	0.073	1.996	0.150	0.013
zhangjiafen	1963-6-19	6.880	7.438	1.177	4.216	0.724	4.700	0.010	0.021	0.060	0.673	0.052	2.062	0.191	0.013
zhangjiafen	1963-6-20	7.440	7.761	0	2.699	1.430	9.800	0	0.020	0.061	1.320	0.110	2.059	0.181	0.013
zhangjiafen	1963-6-21	6.880	7.887	1.205	2.938	0.849	6.400	0.004	0.018	0.065	0.777	0.072	2.075	0.166	0.013
zhangjiafen	1963-6-22	5.420	8.147	0	1.566	1.322	10.500	0	0.018	0.066	1.203	0.119	2.035	0.158	0.014
zhangjiafen	1963-6-23	5.420	8.337	0.006	0.542	1.195	13.900	0	0.012	0.067	1.040	0.156	1.905	0.105	0.013
zhangjiafen	1963-6-24	4.550	8.376	0	0.157	0.505	12.400	0	0.005	0.067	0.371	0.134	1.735	0.043	0.011
zhangjiafen	1963-6-25	5.420	8.241	0	0.031	0.272	12.900	0	0.002	0.067	0.141	0.132	1.542	0.016	0.010
zhangjiafen	1963-6-26	4.550	7.958	0.280	0.087	0.361	12.400	0	0.003	0.067	0.242	0.118	1.377	0.029	0.008
zhangjiafen	1963-6-27	3.740	7.656	0.988	0.518	0.603	11.000	0	0.007	0.067	0.505	0.098	1.270	0.067	0.009
zhangjiafen	1963-6-28	4.130	7.425	1.377	1.155	0.712	9.100	0.001	0.011	0.067	0.633	0.078	1.216	0.099	0.008
zhangjiafen	1963-6-29	4.130	7.312	6.321	5.637	1.703	11.200	0.015	0.022	0.065	1.609	0.095	1.242	0.194	0.008
zhangjiafen	1963-6-30	11.600	7.504	1.938	5.589	1.792	9.600	0.018	0.026	0.056	1.709	0.083	1.327	0.232	0.008
zhangjiafen	1963-7-1	11.700	7.985	27.144	29.205	2.945	9.200	0.265	0.040	0.005	2.862	0.083	1.590	0.361	0.009
zhangjiafen	1963-7-2	79.900	10.800	3.215	30.534	1.315	3.200	0.119	0.048	0.004	1.282	0.032	1.979	0.436	0.011
zhangjiafen	1963-7-3	25.000	14.492	1.304	28.728	2.646	6.400	0.050	0.049	0.005	2.573	0.072	2.326	0.438	0.013
zhangjiafen	1963-7-4	5.420	15.752	8.327	33.054	3.262	7.700	0.339	0.049	0.006	3.167	0.095	2.655	0.445	0.016
zhangjiafen	1963-7-5	58.900	22.587	2.569	32.756	2.303	5.300	0.130	0.050	0.006	2.233	0.070	3.015	0.454	0.018
zhangjiafen	1963-7-6	50.100	26.275	2.523	33.108	1.605	3.700	0.115	0.050	0.007	1.553	0.052	3.389	0.453	0.020
zhangjiafen	1963-7-7	47.500	24.962	0.359	30.675	2.361	5.500	0.015	0.050	0.008	2.278	0.082	3.724	0.448	0.023
zhangjiafen	1963-7-8	19.900	19.382	0.886	27.968	3.191	7.700	0.039	0.048	0.010	3.071	0.121	4.003	0.435	0.025
zhangjiafen	1963-7-9	15.000	15.072	2.765	27.369	2.909	7.200	0.099	0.047	0.010	2.792	0.117	4.275	0.426	0.027
zhangjiafen	1963-7-10	11.700	13.026	4.844	28.705	2.978	7.300	0.177	0.048	0.011	2.855	0.123	4.542	0.428	0.029
zhangjiafen	1963-7-11	10.900	13.635	1.907	27.603	2.581	6.300	0.059	0.048	0.011	2.472	0.109	4.820	0.429	0.030
zhangjiafen	1963-7-12	10.100	15.497	1.555	26.931	1.774	4.400	0.061	0.047	0.012	1.695	0.079	5.121	0.423	0.032
zhangjiafen	1963-7-13	9.310	15.376	3.926	28.377	1.954	4.800	0.141	0.047	0.013	1.866	0.088	5.412	0.426	0.034
zhangjiafen	1963-7-14	8.660	15.432	12.160	37.537	2.128	4.800	0.456	0.051	0.013	2.038	0.091	5.728	0.456	0.036
zhangjiafen	1963-7-15	15.700	25.009	2.284	36.434	2.861	6.100	0.114	0.053	0.014	2.742	0.119	6.035	0.478	0.038
zhangjiafen	1963-7-16	16.700	27.478	1.633	34.164	3.451	7.500	0.081	0.052	0.015	3.300	0.150	6.299	0.470	0.040
zhangjiafen	1963-7-17	11.700	24.595	1.854	33.397	2.110	4.700	0.096	0.051	0.015	2.014	0.096	6.606	0.460	0.042
zhangjiafen	1963-7-18	11.700	22.758	7.566	38.196	1.984	4.300	0.351	0.052	0.016	1.894	0.090	6.926	0.470	0.044
zhangjiafen	1963-7-19	17.700	25.816	1.904	36.489	3.116	6.600	0.105	0.053	0.017	2.974	0.142	7.200	0.479	0.046
zhangjiafen	1963-7-20	15.800	25.128	0.076	33.128	3.061	6.700	0.005	0.052	0.018	2.915	0.147	7.454	0.466	0.048
zhangjiafen	1963-7-21	12.500	21.334	0.321	29.706	3.405	7.800	0.013	0.050	0.018	3.232	0.174	7.661	0.448	0.050
zhangjiafen	1963-7-22	12.000	17.778	7.563	35.197	1.320	3.000	0.318	0.050	0.019	1.252	0.068	7.974	0.451	0.051
zhangjiafen	1963-7-23	19.700	24.046	15.213	46.809	2.359	4.800	0.801	0.055	0.019	2.248	0.110	8.288	0.497	0.053
zhangjiafen	1963-7-24	108.000	51.719	12.673	56.023	2.074	3.800	0.859	0.062	0.020	1.985	0.089	8.677	0.554	0.055
zhangjiafen	1963-7-25	95.100	74.696	1.863	54.202	2.937	5.200	0.178	0.069	0.021	2.812	0.125	9.098	0.625	0.058
zhangjiafen	1963-7-26	37.600	58.946	0.843	50.913	3.593	6.500	0.076	0.062	0.022	3.433	0.160	9.418	0.562	0.061
zhangjiafen	1963-7-27	18.400	38.992	8.943	56.992	1.675	3.000	0.633	0.063	0.023	1.600	0.075	9.824	0.567	0.063
zhangjiafen	1963-7-28	34.300	49.209	2.651	56.305	2.639	4.600	0.170	0.065	0.024	2.521	0.117	10.200	0.583	0.065
zhangjiafen	1963-7-29	22.600	39.966	0	51.803	4.055	7.200	0	0.063	0.025	3.868	0.187	10.490	0.570	0.068
zhangjiafen	1963-7-30	15.000	28.687	0	47.441	3.949	7.300	0	0.061	0.025	3.757	0.193	10.747	0.545	0.070
zhangjiafen	1963-7-31	13.300	21.090	0	43.367	3.683	7.100	0	0.058	0.026	3.493	0.190	10.982	0.522	0.072
zhangjiafen	1963-8-1	11.700	16.405	0	39.708	3.280	6.600	0	0.056	0.027	3.102	0.178	11.206	0.501	0.073
zhangjiafen	1963-8-2	10.100	13.492	1.358	37.213	3.459	7.200	0.052	0.054	0.027	3.263	0.196	11.393	0.485	0.075
zhangjiafen	1963-8-3	9.310	11.859	3.584	38.783	1.380	2.900	0.180	0.053	0.028	1.301	0.080	11.690	0.480	0.076
zhangjiafen	1963-8-4	12.600	16.348	6.568	43.696	0.792	1.600	0.354	0.055	0.028	0.748	0.045	12.036	0.498	0.078
zhangjiafen	1963-8-5	23.800	26.949	3.533	44.480	2.106	4.100	0.187	0.057	0.029	1.991	0.116	12.325	0.514	0.080
zhangjiafen	1963-8-6	18.400	27.455	13.806	55.792	1.148	2.100	0.801	0.061	0.030	1.088	0.060	12.698	0.545	0.082
zhangjiafen	1963-8-7	15.000	45.103	34.138	84.995	1.544	2.400	2.607	0.085	0.031	1.474	0.070	13.281	0.768	0.085
zhangjiafen	1963-8-8	115.000	164.200	29.516	108.853	0.150	0.200	3.375	0.214	0.032	0.144	0.006	15.081	1.927	0.089
zhangjiafen	1963-8-9	780.000	354.378	12.262	115.620	1.447	1.800	1.924	0.218	0.037	1.391	0.056	16.849	1.961	0.101
zhangjiafen	1963-8-10	634.000	271.248	1.279	112.357	3.413	4.200	0.161	0.110	0.041	3.274	0.138	17.549	0.992	0.112
zhangjiafen	1963-8-11	307.000	117.867	0	106.950	4.552	5.700	0	0.106	0.043	4.360	0.192	18.148	0.950	0.117
zhangjiafen	1963-8-12	175.000	58.580	0.372	102.164	4.297	5.500	0.043	0.101	0.044	4.108	0.188	18.699	0.905	0.121
zhangjiafen	1963-8-13	119.000	36.270	3.593	99.785	4.769	6.200	0.446	0.097	0.045	4.553	0.216	19.187	0.874	0.125
zhangjiafen	1963-8-14	103.000	36.317	3.329	99.434	2.368	3.100	0.464	0.096	0.047	2.259	0.109	19.765	0.862	0.128
zhangjiafen	1963-8-15	119.000	54.994	1.642	97.157	2.885	3.800	0.221	0.095	0.048	2.749	0.136	20.304	0.854	0.132
zhangjiafen	1963-8-16	97.800	52.699	5.269	98.999	1.896	2.500	0.676	0.095	0.049	1.805	0.091	20.880	0.851	0.135
zhangjiafen	1963-8-17	94.200	62.477	2.464	97.407	2.963	3.900	0.290	0.095	0.051	2.820	0.144	21.399	0.853	0.139
zhangjiafen	1963-8-18	67.300	56.434	6.462	99.146	3.042	4.000	0.850	0.098	0.052	2.893	0.149	21.937	0.882	0.143
zhangjiafen	1963-8-19	101.000	80.153	4.730	99.618	2.829	3.700	0.609	0.096	0.053	2.690	0.140	22.461	0.863	0.146
zhangjiafen	1963-8-20	121.000	81.008	0.171	95.227	3.791	5.000	0.020	0.094	0.055	3.600	0.191	22.914	0.848	0.150
zhangjiafen	1963-8-21	66.200	54.301	0.322	91.367	3.418	4.600	0.036	0.091	0.056	3.240	0.178	23.343	0.815	0.153
zhangjiafen	1963-8-22	53.700	36.358	1.175	88.760	2.923	4.000	0.135	0.088	0.057	2.767	0.156	23.765	0.791	0.156
zhangjiafen	1963-8-23	51.100	29.387	0.475	85.881	2.594	3.600	0.047	0.086	0.058	2.452	0.142	24.178	0.770	0.158
zhangjiafen	1963-8-24	52.800	25.327	0.012	81.262	4.028	5.700	0.001	0.083	0.059	3.802	0.226	24.476	0.745	0.161
zhangjiafen	1963-8-25	44.300	21.973	0	76.900	3.787	5.500	0	0.079	0.059	3.568	0.220	24.749	0.715	0.163
zhangjiafen	1963-8-26	40.500	19.329	0	72.980	3.356	5.000	0	0.076	0.060	3.156	0.201	25.010	0.688	0.165
zhangjiafen	1963-8-27	38.200	17.382	0	69.109	3.339	5.100	0	0.074	0.061	3.133	0.206	25.240	0.664	0.167
zhangjiafen	1963-8-28	36.000	16.020	0.429	66.390	2.560	4.000	0.036	0.071	0.061	2.397	0.162	25.491	0.643	0.168
zhangjiafen	1963-8-29	30.200	16.142	4.028	66.610	2.988	4.700	0.306	0.071	0.062	2.797	0.192	25.703	0.635	0.170
zhangjiafen	1963-8-30	30.200	22.165	3.752	66.018	3.566	5.600	0.304	0.070	0.062	3.336	0.229	25.874	0.634	0.171
zhangjiafen	1963-8-31	31.500	31.591	1.125	64.290	2.209	3.500	0.093	0.069	0.063	2.065	0.144	26.120	0.625	0.172
zhangjiafen	1963-9-1	28.400	32.315	0	58.440	5.548	9.000	0	0.067	0.064	5.176	0.372	26.117	0.607	0.174
zhangjiafen	1963-9-2	26.000	26.872	0	54.659	3.374	5.700	0	0.064	0.063	3.138	0.236	26.223	0.579	0.174
zhangjiafen	1963-9-3	24.900	21.754	0	51.005	3.269	5.700	0	0.062	0.064	3.033	0.236	26.308	0.559	0.175
zhangjiafen	1963-9-4	23.800	18.244	0	46.616	4.098	7.400	0	0.060	0.064	3.791	0.307	26.300	0.539	0.175
zhangjiafen	1963-9-5	22.100	16.021	0	42.326	4.032	7.600	0	0.057	0.064	3.717	0.315	26.261	0.516	0.175
zhangjiafen	1963-9-6	20.500	14.628	0.051	40.090	1.886	3.700	0.002	0.055	0.064	1.733	0.153	26.365	0.496	0.175
zhangjiafen	1963-9-7	19.100	13.752	0.021	36.626	3.218	6.500	0.001	0.054	0.064	2.948	0.270	26.338	0.483	0.176
zhangjiafen	1963-9-8	20.000	13.204	1.514	35.617	2.114	4.400	0.071	0.052	0.064	1.931	0.183	26.385	0.470	0.176
zhangjiafen	1963-9-9	20.000	13.879	0.583	34.446	1.324	2.800	0.032	0.051	0.064	1.207	0.116	26.491	0.463	0.176
zhangjiafen	1963-9-10	21.600	15.177	5.485	38.033	1.199	2.500	0.283	0.052	0.065	1.095	0.104	26.614	0.469	0.177
zhangjiafen	1963-9-11	36.800	23.538	2.096	38.414	1.179	2.400	0.104	0.053	0.065	1.079	0.100	26.751	0.479	0.177
zhangjiafen	1963-9-12	31.500	24.772	1.340	38.486	0.740	1.500	0.057	0.053	0.065	0.677	0.063	26.925	0.481	0.178
zhangjiafen	1963-9-13	27.800	22.817	2.711	39.336	1.294	2.600	0.137	0.054	0.066	1.185	0.109	27.055	0.484	0.180
zhangjiafen	1963-9-14	23.200	23.559	0.032	36.798	2.224	4.500	0.002	0.053	0.066	2.035	0.190	27.101	0.481	0.180
zhangjiafen	1963-9-15	21.000	20.661	0.778	34.605	2.644	5.500	0.037	0.052	0.066	2.412	0.232	27.091	0.469	0.181
zhangjiafen	1963-9-16	18.200	18.390	0.110	33.013	1.308	2.800	0.004	0.051	0.066	1.190	0.118	27.184	0.457	0.181
zhangjiafen	1963-9-17	18.200	16.423	0	30.450	2.278	5.000	0	0.050	0.066	2.066	0.211	27.173	0.447	0.181
zhangjiafen	1963-9-18	17.700	14.927	0	27.242	3.019	6.900	0	0.048	0.066	2.728	0.291	27.066	0.432	0.181
zhangjiafen	1963-9-19	17.700	13.849	0.177	25.560	1.546	3.700	0.008	0.046	0.066	1.390	0.156	27.079	0.415	0.180
zhangjiafen	1963-9-20	17.700	13.303	0.754	23.221	2.925	7.200	0.020	0.045	0.066	2.621	0.304	26.934	0.405	0.181
zhangjiafen	1963-9-21	17.300	12.959	0	20.548	2.514	6.500	0	0.043	0.066	2.241	0.273	26.804	0.389	0.180
zhangjiafen	1963-9-22	17.700	12.553	0.284	18.427	2.237	6.100	0.011	0.041	0.066	1.981	0.256	26.675	0.372	0.179
zhangjiafen	1963-9-23	17.300	12.625	2.492	19.330	1.256	3.500	0.074	0.041	0.066	1.109	0.146	26.650	0.365	0.178
zhangjiafen	1963-9-24	17.700	14.090	0.138	17.555	1.708	4.800	0.004	0.040	0.067	1.507	0.201	26.567	0.362	0.178
zhangjiafen	1963-9-25	17.300	13.948	0.236	15.636	2.008	5.900	0.006	0.039	0.067	1.762	0.246	26.426	0.349	0.177
zhangjiafen	1963-9-26	16.400	13.169	0	13.699	1.802	5.600	0	0.037	0.068	1.569	0.233	26.280	0.332	0.176
zhangjiafen	1963-9-27	16.000	12.385	0.084	12.200	1.426	4.700	0.002	0.035	0.069	1.231	0.195	26.157	0.315	0.175
zhangjiafen	1963-9-28	15.600	11.788	1.653	12.257	1.427	4.800	0.024	0.034	0.068	1.228	0.199	26.026	0.310	0.174
zhangjiafen	1963-9-29	16.000	11.533	7.357	18.456	0.709	2.200	0.170	0.037	0.067	0.618	0.091	26.026	0.332	0.174
zhangjiafen	1963-9-30	34.500	16.891	1.444	18.011	1.660	4.800	0.037	0.039	0.067	1.462	0.198	25.939	0.352	0.174
zhangjiafen	1963-10-1	24.400	17.644	0	15.810	2.078	6.200	0	0.038	0.067	1.822	0.256	25.785	0.342	0.173
zhangjiafen	1963-10-2	20.000	15.772	1.827	16.514	0.815	2.500	0.039	0.037	0.067	0.712	0.103	25.777	0.334	0.172
zhangjiafen	1963-10-3	19.100	14.542	0	14.478	1.910	5.900	0	0.037	0.067	1.667	0.243	25.628	0.332	0.172
zhangjiafen	1963-10-4	18.600	13.406	0	12.866	1.460	4.800	0	0.035	0.068	1.263	0.197	25.506	0.314	0.171
zhangjiafen	1963-10-5	16.000	12.440	0	10.990	1.805	6.300	0	0.033	0.069	1.547	0.258	25.306	0.297	0.170
zhangjiafen	1963-10-6	16.000	11.698	0	9.051	1.932	7.300	0	0.031	0.069	1.634	0.298	25.046	0.275	0.169
zhangjiafen	1963-10-7	15.600	11.156	0.025	7.718	1.300	5.400	0.001	0.028	0.070	1.081	0.219	24.840	0.250	0.167
zhangjiafen	1963-10-8	15.600	10.767	0.008	7.106	0.445	2.000	0	0.026	0.070	0.365	0.081	24.754	0.230	0.166
zhangjiafen	1963-10-9	14.800	10.474	0.084	6.335	0.749	3.500	0.001	0.025	0.070	0.608	0.141	24.599	0.221	0.165
zhangjiafen	1963-10-10	14.400	10.254	0.778	6.520	0.422	2.000	0.007	0.024	0.070	0.342	0.080	24.505	0.219	0.164
zhangjiafen	1963-10-11	14.000	10.212	2.652	8.527	0.420	1.800	0.024	0.027	0.069	0.348	0.072	24.446	0.247	0.163
zhangjiafen	1963-10-12	14.400	10.592	0.022	7.648	0.733	3.000	0	0.029	0.069	0.612	0.120	24.353	0.259	0.163
zhangjiafen	1963-10-13	14.400	10.599	0	6.723	0.788	3.400	0	0.027	0.069	0.653	0.136	24.231	0.246	0.162
zhangjiafen	1963-10-14	14.800	10.440	0.001	5.985	0.590	2.700	0	0.026	0.070	0.483	0.108	24.124	0.231	0.162
zhangjiafen	1963-10-15	14.400	10.239	0	5.109	0.785	3.800	0	0.024	0.070	0.634	0.151	23.960	0.218	0.161
zhangjiafen	1963-10-16	14.400	10.050	0	4.354	0.671	3.500	0	0.022	0.070	0.532	0.139	23.793	0.201	0.160
zhangjiafen	1963-10-17	14.800	9.878	0	3.831	0.409	2.300	0	0.020	0.070	0.318	0.091	23.658	0.184	0.159
zhangjiafen	1963-10-18	14.800	9.712	0.115	3.375	0.490	2.900	0.001	0.019	0.070	0.376	0.114	23.491	0.174	0.158
zhangjiafen	1963-10-19	14.800	9.556	0.325	3.139	0.490	3.000	0.002	0.019	0.070	0.372	0.118	23.315	0.168	0.157
zhangjiafen	1963-10-20	14.800	9.439	0	2.618	0.464	3.000	0	0.018	0.070	0.347	0.117	23.130	0.158	0.155
zhangjiafen	1963-10-21	14.800	9.300	0	2.135	0.452	3.200	0	0.016	0.070	0.328	0.125	22.923	0.141	0.154
zhangjiafen	1963-10-22	14.400	9.143	0.055	1.694	0.507	3.900	0	0.014	0.069	0.356	0.151	22.676	0.127	0.153
zhangjiafen	1963-10-23	14.000	8.973	0.012	1.511	0.106	0.900	0	0.012	0.069	0.072	0.035	22.533	0.111	0.151
zhangjiafen	1963-10-24	14.000	8.796	0	1.109	0.437	3.900	0	0.012	0.069	0.287	0.150	22.267	0.104	0.150
zhangjiafen	1963-10-25	13.600	8.624	0	0.903	0.178	1.800	0	0.010	0.069	0.110	0.069	22.068	0.087	0.148
zhangjiafen	1963-10-26	13.600	8.449	0	0.711	0.183	2.000	0	0.008	0.069	0.107	0.076	21.852	0.076	0.147
zhangjiafen	1963-10-27	14.000	8.277	0	0.544	0.175	2.100	0	0.007	0.069	0.096	0.079	21.623	0.065	0.146
zhangjiafen	1963-10-28	14.000	8.110	0.066	0.353	0.376	4.800	0	0.007	0.069	0.195	0.180	21.289	0.059	0.144
zhangjiafen	1963-10-29	14.400	7.952	0.002	0.247	0.150	2.300	0	0.004	0.069	0.064	0.086	21.033	0.040	0.142
zhangjiafen	1963-10-30	14.000	7.788	0	0.155	0.168	2.900	0	0.003	0.069	0.061	0.107	20.747	0.031	0.140
zhangjiafen	1963-10-31	14.400	7.622	0	0.105	0.097	1.900	0	0.002	0.069	0.027	0.070	20.491	0.021	0.138
zhangjiafen	1963-11-1	14.400	7.457	0	0.057	0.154	3.300	0	0.002	0.068	0.034	0.121	20.180	0.015	0.137
zhangjiafen	1963-11-2	14.000	7.305	0	0.044	0.034	0.800	0	0.001	0.068	0.005	0.029	19.957	0.008	0.135
zhangjiafen	1963-11-3	14.000	7.169	0.294	0.274	0.055	0.900	0	0.004	0.068	0.023	0.032	19.760	0.037	0.133
zhangjiafen	1963-11-4	13.600	7.080	0.097	0.271	0.096	1.400	0	0.005	0.068	0.046	0.050	19.558	0.048	0.132
zhangjiafen	1963-11-5	13.600	7.051	0.126	0.289	0.105	1.500	0	0.006	0.068	0.051	0.054	19.356	0.050	0.130
zhangjiafen	1963-11-6	13.600	7.063	0.280	0.442	0.108	1.400	0	0.007	0.068	0.059	0.050	19.171	0.061	0.129
zhangjiafen	1963-11-7	13.600	7.119	0.209	0.499	0.132	1.600	0	0.008	0.068	0.075	0.057	18.987	0.069	0.128
zhangjiafen	1963-11-8	13.200	7.216	0.078	0.428	0.130	1.600	0	0.008	0.068	0.074	0.056	18.804	0.068	0.127
zhangjiafen	1963-11-9	12.800	7.310	0	0.301	0.120	1.600	0	0.006	0.068	0.064	0.056	18.613	0.058	0.125
zhangjiafen	1963-11-10	12.400	7.371	0.227	0.390	0.124	1.600	0	0.007	0.068	0.068	0.056	18.428	0.063	0.124
zhangjiafen	1963-11-11	12.400	7.412	0.598	0.806	0.146	1.600	0.001	0.009	0.068	0.090	0.055	18.264	0.082	0.123
zhangjiafen	1963-11-12	12.400	7.470	0	0.616	0.150	1.600	0	0.010	0.068	0.095	0.055	18.105	0.086	0.122
zhangjiafen	1963-11-13	12.400	7.539	0.256	0.672	0.179	2.000	0.001	0.009	0.068	0.110	0.069	17.928	0.080	0.121
zhangjiafen	1963-11-14	12.400	7.603	0.026	0.504	0.187	2.200	0	0.008	0.068	0.112	0.075	17.740	0.074	0.120
zhangjiafen	1963-11-15	12.400	7.642	0	0.394	0.082	1.100	0	0.007	0.068	0.045	0.037	17.575	0.059	0.118
zhangjiafen	1963-11-16	12.400	7.640	0	0.305	0.068	1.000	0	0.006	0.068	0.034	0.034	17.407	0.050	0.117
zhangjiafen	1963-11-17	12.400	7.601	0	0.223	0.080	1.300	0	0.005	0.068	0.036	0.044	17.220	0.041	0.116
zhangjiafen	1963-11-18	12.000	7.533	0	0.157	0.078	1.400	0	0.004	0.068	0.031	0.047	17.023	0.032	0.115
zhangjiafen	1963-11-19	12.000	7.449	0.034	0.114	0.122	2.300	0	0.003	0.068	0.046	0.077	16.794	0.029	0.113
zhangjiafen	1963-11-20	12.000	7.358	0.206	0.246	0.061	1.000	0	0.005	0.068	0.028	0.033	16.624	0.042	0.112
zhangjiafen	1963-11-21	12.000	7.284	0.527	0.630	0.112	1.400	0	0.008	0.068	0.066	0.046	16.468	0.069	0.111
zhangjiafen	1963-11-22	11.600	7.258	0.606	1.046	0.134	1.400	0.001	0.010	0.068	0.088	0.046	16.336	0.091	0.110
zhangjiafen	1963-11-23	11.600	7.294	1.706	2.475	0.175	1.400	0.004	0.014	0.068	0.129	0.046	16.243	0.130	0.109
zhangjiafen	1963-11-24	11.200	7.434	0.003	2.169	0.193	1.400	0	0.016	0.067	0.147	0.046	16.168	0.146	0.108
zhangjiafen	1963-11-25	10.800	7.661	0	1.883	0.181	1.400	0	0.015	0.067	0.136	0.045	16.082	0.135	0.108
zhangjiafen	1963-11-26	11.600	7.892	0.068	1.686	0.171	1.400	0	0.014	0.067	0.125	0.045	15.988	0.125	0.107
zhangjiafen	1963-11-27	12.400	8.057	0	1.443	0.160	1.400	0	0.013	0.067	0.115	0.045	15.884	0.116	0.107
zhangjiafen	1963-11-28	12.400	8.133	0.117	1.333	0.152	1.400	0	0.012	0.067	0.107	0.045	15.773	0.108	0.106
zhangjiafen	1963-11-29	12.400	8.137	0	1.123	0.144	1.400	0	0.011	0.067	0.099	0.045	15.656	0.100	0.105
zhangjiafen	1963-11-30	12.400	8.097	0.169	1.095	0.137	1.400	0	0.010	0.067	0.093	0.045	15.533	0.094	0.104
zhangjiafen	1963-12-1	11.600	8.033	0	0.918	0.121	1.300	0	0.010	0.067	0.080	0.041	15.408	0.088	0.104
zhangjiafen	1963-12-2	11.600	7.959	0.256	1.003	0.118	1.300	0.001	0.009	0.067	0.077	0.041	15.281	0.084	0.103
zhangjiafen	1963-12-3	12.000	7.886	0	0.841	0.114	1.300	0	0.009	0.067	0.073	0.041	15.151	0.080	0.102
zhangjiafen	1963-12-4	12.400	7.820	0.055	0.752	0.106	1.300	0	0.008	0.067	0.065	0.041	15.013	0.072	0.101
zhangjiafen	1963-12-5	11.600	7.761	0	0.622	0.099	1.300	0	0.007	0.067	0.058	0.041	14.869	0.064	0.100
zhangjiafen	1963-12-6	10.400	7.705	0	0.509	0.091	1.300	0	0.006	0.067	0.051	0.041	14.718	0.056	0.099
zhangjiafen	1963-12-7	10.100	7.646	0	0.411	0.084	1.300	0	0.005	0.067	0.044	0.040	14.561	0.049	0.098
zhangjiafen	1963-12-8	9.370	7.582	0	0.327	0.078	1.300	0	0.005	0.067	0.037	0.040	14.399	0.042	0.097
zhangjiafen	1963-12-9	11.600	7.514	0	0.258	0.071	1.300	0	0.004	0.067	0.031	0.040	14.230	0.035	0.096
zhangjiafen	1963-12-10	11.800	7.443	0	0.200	0.065	1.300	0	0.003	0.067	0.026	0.040	14.057	0.029	0.095
zhangjiafen	1963-12-11	11.800	7.371	0	0.153	0.061	1.300	0	0.003	0.067	0.021	0.039	13.881	0.024	0.094
zhangjiafen	1963-12-12	12.100	7.299	0	0.114	0.057	1.300	0	0.002	0.067	0.017	0.039	13.701	0.020	0.093
zhangjiafen	1963-12-13	12.400	7.229	0	0.082	0.053	1.300	0	0.002	0.067	0.014	0.039	13.520	0.016	0.091
zhangjiafen	1963-12-14	13.700	7.163	0	0.058	0.049	1.300	0	0.001	0.067	0.011	0.039	13.336	0.012	0.090
zhangjiafen	1963-12-15	12.500	7.100	0	0.040	0.047	1.300	0	0.001	0.067	0.008	0.038	13.151	0.009	0.089
zhangjiafen	1963-12-16	10.900	7.041	0	0.026	0.044	1.300	0	0.001	0.067	0.006	0.038	12.965	0.007	0.088
zhangjiafen	1963-12-17	10.900	6.987	0	0.018	0.042	1.300	0	0	0.067	0.004	0.038	12.778	0.004	0.086
zhangjiafen	1963-12-18	9.240	6.937	0	0.012	0.040	1.300	0	0	0.067	0.003	0.038	12.591	0.003	0.085
zhangjiafen	1963-12-19	9.360	6.891	0	0.009	0.039	1.300	0	0	0.067	0.002	0.037	12.404	0.002	0.084
zhangjiafen	1963-12-20	9.800	6.851	0	0.006	0.038	1.300	0	0	0.067	0.001	0.037	12.218	0.001	0.083
zhangjiafen	1963-12-21	11.000	6.817	0	0.005	0.037	1.300	0	0	0.067	0.001	0.037	12.034	0.001	0.081
zhangjiafen	1963-12-22	9.740	6.788	0	0.004	0.037	1.300	0	0	0.067	0	0.036	11.850	0	0.080
zhangjiafen	1963-12-23	11.000	6.765	0	0.004	0.036	1.300	0	0	0.067	0	0.036	11.668	0	0.079
zhangjiafen	1963-12-24	9.090	6.748	0	0.003	0.036	1.300	0	0	0.067	0	0.036	11.488	0	0.078
zhangjiafen	1963-12-25	9.200	6.734	0	0.003	0.036	1.300	0	0	0.067	0	0.036	11.309	0	0.077
zhangjiafen	1963-12-26	4.250	6.725	0	0.003	0.035	1.300	0	0	0.067	0	0.035	11.131	0	0.075
zhangjiafen	1963-12-27	4.970	6.719	0	0.003	0.035	1.300	0	0	0.067	0	0.035	10.955	0	0.074
zhangjiafen	1963-12-28	6.390	6.714	0	0.003	0.035	1.300	0	0	0.067	0	0.035	10.780	0	0.073
zhangjiafen	1963-12-29	7.000	6.711	0.005	0.006	0.035	1.300	0	0	0.067	0.001	0.034	10.608	0.001	0.072
zhangjiafen	1963-12-30	8.400	6.710	0	0.003	0.035	1.300	0	0	0.067	0.001	0.034	10.437	0.001	0.071
zhangjiafen	1963-12-31	8.300	6.712	0	0.003	0.034	1.300	0	0	0.067	0	0.034	10.267	0	0.070
