zhangjiafen	1966-1-1	4.690	8.080	0	6.113	0.215	1.400	0	0.014	0.073	0.153	0.063	29.800	0.129	0.200
zhangjiafen	1966-1-2	4.780	8.080	0	5.932	0.060	0.400	0	0.014	0.072	0.042	0.018	29.630	0.125	0.199
zhangjiafen	1966-1-3	4.450	9.802	0	5.704	0.132	0.900	0	0.014	0.072	0.092	0.040	29.440	0.122	0.198
zhangjiafen	1966-1-4	4.390	11.214	0	5.474	0.143	1.000	0	0.013	0.072	0.099	0.044	29.243	0.118	0.196
zhangjiafen	1966-1-5	4.440	11.781	0	5.197	0.223	1.600	0	0.013	0.071	0.153	0.071	29.026	0.113	0.195
zhangjiafen	1966-1-6	4.810	11.628	0	4.996	0.121	0.900	0	0.012	0.071	0.082	0.040	28.826	0.108	0.193
zhangjiafen	1966-1-7	5.310	11.104	0.250	4.997	0.149	1.000	0	0.014	0.070	0.105	0.044	28.654	0.130	0.192
zhangjiafen	1966-1-8	5.550	10.521	0.172	4.990	0.031	0.200	0	0.016	0.070	0.022	0.009	28.522	0.140	0.191
zhangjiafen	1966-1-9	5.390	10.021	0	4.735	0.139	0.900	0	0.016	0.069	0.100	0.039	28.363	0.140	0.190
zhangjiafen	1966-1-10	6.440	9.636	0	4.507	0.118	0.800	0	0.015	0.069	0.084	0.035	28.201	0.131	0.189
zhangjiafen	1966-1-11	6.150	9.345	0	4.304	0.098	0.700	0	0.013	0.069	0.068	0.030	28.034	0.121	0.188
zhangjiafen	1966-1-12	6.210	9.117	0	4.050	0.188	1.400	0	0.013	0.069	0.128	0.061	27.836	0.114	0.187
zhangjiafen	1966-1-13	6.710	8.931	0	3.807	0.192	1.500	0	0.012	0.069	0.127	0.065	27.621	0.105	0.186
zhangjiafen	1966-1-14	6.400	8.775	0	3.588	0.171	1.400	0	0.011	0.069	0.111	0.060	27.406	0.098	0.184
zhangjiafen	1966-1-15	7.030	8.639	0	3.386	0.153	1.300	0	0.010	0.069	0.098	0.056	27.185	0.093	0.183
zhangjiafen	1966-1-16	7.350	8.519	0	3.194	0.149	1.300	0	0.010	0.069	0.093	0.055	26.969	0.089	0.181
zhangjiafen	1966-1-17	6.660	8.412	0	3.051	0.078	0.700	0	0.010	0.069	0.048	0.030	26.775	0.086	0.180
zhangjiafen	1966-1-18	6.350	8.316	0	2.906	0.087	0.800	0	0.009	0.069	0.053	0.034	26.582	0.083	0.179
zhangjiafen	1966-1-19	6.290	8.231	0	2.760	0.095	0.900	0	0.009	0.069	0.058	0.038	26.380	0.080	0.177
zhangjiafen	1966-1-20	6.750	8.155	0	2.631	0.072	0.700	0	0.009	0.069	0.043	0.029	26.178	0.077	0.176
zhangjiafen	1966-1-21	6.590	8.086	0	2.500	0.081	0.800	0	0.008	0.069	0.048	0.033	25.977	0.075	0.175
zhangjiafen	1966-1-22	8.880	8.024	0	2.363	0.099	1.000	0	0.008	0.069	0.057	0.042	25.766	0.072	0.173
zhangjiafen	1966-1-23	8.240	7.967	0.215	2.421	0.097	0.900	0	0.010	0.069	0.060	0.037	25.576	0.087	0.172
zhangjiafen	1966-1-24	6.900	7.932	0.068	2.315	0.112	1.000	0	0.010	0.069	0.071	0.041	25.388	0.093	0.171
zhangjiafen	1966-1-25	6.370	7.934	0.002	2.136	0.139	1.300	0	0.010	0.069	0.085	0.053	25.184	0.086	0.169
zhangjiafen	1966-1-26	6.140	7.944	0.012	2.013	0.081	0.800	0	0.009	0.069	0.048	0.033	24.993	0.078	0.168
zhangjiafen	1966-1-27	5.270	7.934	0	1.878	0.096	1.000	0	0.008	0.069	0.055	0.041	24.790	0.072	0.167
zhangjiafen	1966-1-28	5.470	7.900	0	1.750	0.100	1.100	0	0.007	0.069	0.055	0.045	24.578	0.066	0.165
zhangjiafen	1966-1-29	5.390	7.846	0	1.638	0.086	1.000	0	0.007	0.068	0.046	0.040	24.364	0.060	0.164
zhangjiafen	1966-1-30	6.140	7.783	0	1.530	0.091	1.100	0	0.006	0.068	0.047	0.044	24.143	0.055	0.162
zhangjiafen	1966-1-31	6.140	7.718	0	1.414	0.119	1.500	0	0.006	0.068	0.059	0.060	23.905	0.051	0.161
zhangjiafen	1966-2-1	6.260	7.656	0	1.287	0.153	2.000	0	0.005	0.068	0.074	0.080	23.646	0.048	0.159
zhangjiafen	1966-2-2	6.370	7.596	0	1.176	0.133	1.800	0	0.005	0.068	0.062	0.071	23.392	0.045	0.158
zhangjiafen	1966-2-3	5.700	7.541	0	1.085	0.100	1.400	0	0.005	0.068	0.045	0.055	23.155	0.042	0.156
zhangjiafen	1966-2-4	6.180	7.488	0	1.011	0.069	1.000	0	0.004	0.068	0.030	0.039	22.933	0.040	0.154
zhangjiafen	1966-2-5	6.180	7.439	0	0.937	0.074	1.100	0	0.004	0.068	0.031	0.043	22.706	0.038	0.153
zhangjiafen	1966-2-6	6.920	7.393	0	0.871	0.066	1.000	0	0.004	0.068	0.027	0.039	22.484	0.035	0.151
zhangjiafen	1966-2-7	7.570	7.350	0	0.799	0.089	1.400	0	0.004	0.068	0.035	0.054	22.244	0.033	0.150
zhangjiafen	1966-2-8	8.250	7.311	0.011	0.738	0.094	1.500	0	0.004	0.068	0.036	0.058	22.004	0.032	0.148
zhangjiafen	1966-2-9	7.970	7.275	0	0.662	0.115	1.900	0	0.003	0.068	0.043	0.073	21.746	0.030	0.147
zhangjiafen	1966-2-10	8.250	7.243	0	0.592	0.116	2.000	0	0.003	0.068	0.040	0.076	21.484	0.027	0.145
zhangjiafen	1966-2-11	7.040	7.213	0	0.540	0.078	1.400	0	0.003	0.068	0.026	0.053	21.244	0.024	0.143
zhangjiafen	1966-2-12	6.420	7.183	0	0.470	0.142	2.600	0	0.003	0.068	0.044	0.097	20.960	0.023	0.142
zhangjiafen	1966-2-13	7.180	7.154	0	0.414	0.115	2.200	0	0.002	0.068	0.034	0.082	20.691	0.020	0.140
zhangjiafen	1966-2-14	8.350	7.123	0	0.356	0.142	2.800	0	0.002	0.068	0.038	0.104	20.400	0.018	0.138
zhangjiafen	1966-2-15	7.110	7.092	0	0.310	0.121	2.500	0	0.002	0.068	0.029	0.092	20.121	0.016	0.136
zhangjiafen	1966-2-16	7.370	7.061	0	0.271	0.108	2.300	0	0.002	0.068	0.024	0.084	19.849	0.014	0.134
zhangjiafen	1966-2-17	6.710	7.030	0	0.236	0.100	2.200	0	0.001	0.068	0.021	0.080	19.581	0.013	0.132
zhangjiafen	1966-2-18	6.850	7.000	0.026	0.223	0.078	1.600	0	0.002	0.068	0.020	0.058	19.343	0.018	0.131
zhangjiafen	1966-2-19	6.140	6.986	0.251	0.376	0.111	1.700	0	0.005	0.068	0.050	0.061	19.130	0.043	0.129
zhangjiafen	1966-2-20	6.260	7.011	2.627	2.795	0.089	0.700	0	0.014	0.068	0.064	0.025	19.039	0.130	0.128
zhangjiafen	1966-2-21	6.180	7.148	0.062	2.614	0.077	0.500	0	0.018	0.068	0.060	0.018	18.992	0.165	0.127
zhangjiafen	1966-2-22	7.170	7.393	0	2.323	0.150	1.000	0	0.018	0.067	0.114	0.035	18.922	0.159	0.127
zhangjiafen	1966-2-23	6.980	7.674	0	2.049	0.143	1.000	0	0.017	0.067	0.107	0.035	18.843	0.150	0.126
zhangjiafen	1966-2-24	7.300	7.922	0	1.743	0.203	1.500	0	0.016	0.067	0.150	0.053	18.738	0.141	0.126
zhangjiafen	1966-2-25	8.230	8.101	0	1.371	0.316	2.500	0	0.014	0.067	0.228	0.088	18.587	0.129	0.125
zhangjiafen	1966-2-26	8.550	8.199	0	1.062	0.264	2.300	0	0.013	0.067	0.183	0.081	18.428	0.114	0.124
zhangjiafen	1966-2-27	8.490	8.217	0	0.715	0.361	3.500	0	0.011	0.067	0.239	0.122	18.214	0.098	0.123
zhangjiafen	1966-2-28	13.200	8.172	0	0.398	0.393	4.500	0	0.009	0.067	0.237	0.156	17.946	0.077	0.121
zhangjiafen	1966-3-1	10.800	8.071	0	0.228	0.240	3.500	0	0.006	0.067	0.119	0.120	17.688	0.050	0.120
zhangjiafen	1966-3-2	12.600	7.920	0	0.157	0.100	1.800	0	0.003	0.067	0.038	0.062	17.472	0.031	0.118
zhangjiafen	1966-3-3	14.600	7.742	0	0.100	0.108	2.200	0	0.002	0.067	0.033	0.075	17.236	0.022	0.116
zhangjiafen	1966-3-4	16.100	7.562	0.041	0.074	0.174	3.700	0	0.002	0.067	0.049	0.125	16.948	0.019	0.115
zhangjiafen	1966-3-5	12.300	7.397	2.065	1.970	0.075	0.700	0	0.012	0.067	0.051	0.023	16.850	0.105	0.113
zhangjiafen	1966-3-6	12.300	7.401	0.314	2.011	0.149	1.100	0	0.016	0.067	0.113	0.037	16.777	0.144	0.112
zhangjiafen	1966-3-7	10.400	7.550	0	1.745	0.146	1.100	0	0.016	0.067	0.110	0.037	16.702	0.141	0.112
zhangjiafen	1966-3-8	11.400	7.740	0	1.516	0.113	0.900	0	0.015	0.067	0.083	0.030	16.625	0.131	0.111
zhangjiafen	1966-3-9	11.400	7.900	0	1.177	0.284	2.400	0	0.013	0.067	0.205	0.080	16.489	0.121	0.111
zhangjiafen	1966-3-10	11.400	8.004	0	0.897	0.235	2.200	0	0.012	0.067	0.162	0.073	16.345	0.106	0.110
zhangjiafen	1966-3-11	11.800	8.043	0	0.525	0.420	4.400	0	0.010	0.067	0.275	0.145	16.115	0.090	0.109
zhangjiafen	1966-3-12	12.700	8.021	0	0.237	0.402	5.300	0	0.007	0.067	0.229	0.173	15.830	0.063	0.107
zhangjiafen	1966-3-13	13.200	7.937	0	0.126	0.179	3.200	0	0.004	0.067	0.075	0.103	15.588	0.035	0.106
zhangjiafen	1966-3-14	11.800	7.789	0.064	0.083	0.207	4.000	0	0.003	0.067	0.078	0.128	15.318	0.029	0.104
zhangjiafen	1966-3-15	11.800	7.606	0.187	0.129	0.249	4.500	0	0.004	0.067	0.106	0.143	15.041	0.035	0.102
zhangjiafen	1966-3-16	11.400	7.420	0.362	0.325	0.211	3.200	0	0.006	0.067	0.110	0.101	14.823	0.051	0.100
zhangjiafen	1966-3-17	10.400	7.278	0.027	0.231	0.126	1.900	0	0.006	0.067	0.066	0.059	14.649	0.051	0.099
zhangjiafen	1966-3-18	9.670	7.193	0.053	0.190	0.115	2.000	0	0.004	0.067	0.053	0.062	14.460	0.039	0.098
zhangjiafen	1966-3-19	7.750	7.143	0	0.131	0.066	1.300	0	0.003	0.067	0.026	0.040	14.286	0.030	0.096
zhangjiafen	1966-3-20	7.750	7.109	0	0.073	0.105	2.300	0	0.002	0.067	0.035	0.071	14.075	0.022	0.095
zhangjiafen	1966-3-21	8.050	7.080	0	0.036	0.092	2.300	0	0.002	0.067	0.022	0.070	13.858	0.014	0.094
zhangjiafen	1966-3-22	9.010	7.046	0	0.013	0.117	3.300	0	0.001	0.067	0.018	0.100	13.607	0.008	0.092
zhangjiafen	1966-3-23	8.680	7.007	0	0.005	0.123	3.900	0	0	0.067	0.007	0.117	13.335	0.003	0.091
zhangjiafen	1966-3-24	8.350	6.963	0	0.004	0.078	2.600	0	0	0.067	0.001	0.077	13.102	0.001	0.089
zhangjiafen	1966-3-25	8.050	6.918	0	0.003	0.109	3.700	0	0	0.067	0.001	0.109	12.839	0	0.087
zhangjiafen	1966-3-26	8.350	6.874	0	0.003	0.073	2.500	0	0	0.067	0	0.073	12.614	0	0.086
zhangjiafen	1966-3-27	8.350	6.834	0	0.002	0.052	1.800	0	0	0.067	0	0.052	12.411	0	0.084
zhangjiafen	1966-3-28	9.340	6.799	0.075	0.045	0.143	4.200	0	0.001	0.067	0.023	0.120	12.149	0.008	0.083
zhangjiafen	1966-3-29	9.010	6.802	2.809	2.535	0.247	2.200	0	0.013	0.067	0.185	0.062	12.059	0.120	0.081
zhangjiafen	1966-3-30	9.340	6.916	0.561	2.565	0.436	3.000	0	0.018	0.067	0.351	0.085	11.989	0.162	0.080
zhangjiafen	1966-3-31	9.340	7.151	0	1.986	0.513	3.700	0	0.017	0.067	0.409	0.104	11.892	0.154	0.080
zhangjiafen	1966-4-1	9.340	7.430	0.010	1.380	0.605	4.900	0	0.015	0.067	0.468	0.137	11.742	0.134	0.079
zhangjiafen	1966-4-2	9.340	7.676	0	0.969	0.396	3.800	0	0.012	0.067	0.291	0.106	11.600	0.109	0.078
zhangjiafen	1966-4-3	9.340	7.833	0	0.593	0.415	4.700	0	0.010	0.067	0.285	0.130	11.413	0.087	0.077
zhangjiafen	1966-4-4	9.340	7.885	0.252	0.519	0.374	4.700	0	0.008	0.067	0.245	0.129	11.216	0.076	0.076
zhangjiafen	1966-4-5	8.680	7.888	1.068	1.329	0.215	2.300	0	0.011	0.067	0.153	0.063	11.107	0.095	0.075
zhangjiafen	1966-4-6	9.010	7.922	0.445	1.464	0.240	2.200	0	0.013	0.067	0.181	0.059	11.023	0.116	0.074
zhangjiafen	1966-4-7	9.670	7.985	0	1.164	0.234	2.200	0	0.013	0.067	0.175	0.059	10.936	0.113	0.073
zhangjiafen	1966-4-8	9.340	8.029	0	0.877	0.248	2.600	0	0.011	0.067	0.178	0.070	10.824	0.098	0.073
zhangjiafen	1966-4-9	9.010	8.031	0	0.615	0.258	3.100	0	0.009	0.067	0.175	0.083	10.683	0.081	0.072
zhangjiafen	1966-4-10	8.680	7.984	0.681	1.105	0.120	1.300	0	0.011	0.067	0.086	0.034	10.606	0.095	0.071
zhangjiafen	1966-4-11	8.680	7.906	0.257	0.929	0.420	4.100	0	0.012	0.067	0.312	0.108	10.469	0.109	0.071
zhangjiafen	1966-4-12	8.350	7.831	0	0.647	0.253	2.800	0	0.010	0.067	0.179	0.073	10.351	0.093	0.070
zhangjiafen	1966-4-13	8.350	7.766	0.014	0.253	0.524	6.800	0	0.008	0.067	0.346	0.177	10.111	0.074	0.069
zhangjiafen	1966-4-14	8.050	7.707	0.851	0.834	0.275	3.500	0	0.009	0.067	0.185	0.090	9.963	0.077	0.067
zhangjiafen	1966-4-15	8.050	7.670	0	0.457	0.427	5.200	0	0.009	0.067	0.293	0.133	9.778	0.081	0.066
zhangjiafen	1966-4-16	8.050	7.666	0.014	0.241	0.300	4.800	0	0.006	0.067	0.178	0.122	9.578	0.054	0.065
zhangjiafen	1966-4-17	8.050	7.643	0.180	0.186	0.308	5.100	0	0.006	0.067	0.180	0.128	9.371	0.052	0.064
zhangjiafen	1966-4-18	7.450	7.588	0.866	0.813	0.230	3.000	0	0.008	0.067	0.155	0.074	9.243	0.076	0.062
zhangjiafen	1966-4-19	7.450	7.529	0	0.387	0.494	6.000	0	0.009	0.067	0.347	0.148	9.050	0.084	0.062
zhangjiafen	1966-4-20	7.750	7.491	0.380	0.466	0.346	4.900	0	0.007	0.067	0.226	0.119	8.870	0.067	0.060
zhangjiafen	1966-4-21	7.750	7.467	0	0.254	0.261	4.200	0	0.006	0.067	0.159	0.101	8.697	0.055	0.059
zhangjiafen	1966-4-22	7.750	7.446	0.451	0.479	0.253	3.900	0	0.007	0.067	0.160	0.093	8.539	0.060	0.058
zhangjiafen	1966-4-23	7.750	7.448	0	0.173	0.427	6.800	0	0.006	0.067	0.266	0.161	8.311	0.057	0.057
zhangjiafen	1966-4-24	7.450	7.452	0.006	0.067	0.224	5.500	0	0.003	0.067	0.095	0.128	8.086	0.025	0.055
zhangjiafen	1966-4-25	7.450	7.412	0.001	0.029	0.126	4.200	0	0.001	0.067	0.030	0.097	7.878	0.010	0.054
zhangjiafen	1966-4-26	7.150	7.326	0	0.006	0.172	6.600	0	0.001	0.067	0.022	0.150	7.614	0.005	0.053
zhangjiafen	1966-4-27	6.570	7.217	0	0.002	0.111	4.800	0	0	0.067	0.004	0.107	7.390	0.001	0.051
zhangjiafen	1966-4-28	6.010	7.109	0	0.001	0.186	8.400	0	0	0.067	0.001	0.185	7.089	0	0.049
zhangjiafen	1966-4-29	5.210	7.011	0.056	0.021	0.188	7.200	0	0.001	0.067	0.033	0.155	6.826	0.007	0.047
zhangjiafen	1966-4-30	5.210	6.954	0.303	0.224	0.174	4.700	0	0.003	0.067	0.075	0.099	6.637	0.023	0.046
zhangjiafen	1966-5-1	5.210	6.966	1.824	1.673	0.352	4.000	0	0.011	0.067	0.269	0.083	6.539	0.096	0.044
zhangjiafen	1966-5-2	5.450	7.086	0.063	1.231	0.473	4.600	0	0.013	0.067	0.378	0.095	6.449	0.115	0.044
zhangjiafen	1966-5-3	5.730	7.268	0	0.683	0.602	7.000	0	0.010	0.067	0.459	0.144	6.288	0.093	0.043
zhangjiafen	1966-5-4	6.010	7.428	0	0.407	0.317	5.100	0	0.007	0.067	0.214	0.103	6.136	0.060	0.042
zhangjiafen	1966-5-5	5.730	7.505	0	0.264	0.170	3.500	0	0.005	0.067	0.100	0.070	5.999	0.041	0.041
zhangjiafen	1966-5-6	5.210	7.489	0.005	0.119	0.246	6.100	0	0.003	0.067	0.125	0.121	5.801	0.030	0.040
zhangjiafen	1966-5-7	5.210	7.407	0	0.045	0.167	5.500	0	0.002	0.067	0.060	0.107	5.604	0.016	0.039
zhangjiafen	1966-5-8	4.730	7.283	0	0.007	0.156	6.400	0	0.001	0.067	0.034	0.122	5.386	0.008	0.037
zhangjiafen	1966-5-9	4.730	7.143	0.150	0.038	0.199	5.500	0	0.003	0.067	0.096	0.103	5.206	0.026	0.036
zhangjiafen	1966-5-10	4.490	7.023	0	0.002	0.133	5.000	0	0.001	0.067	0.041	0.092	5.025	0.012	0.035
zhangjiafen	1966-5-11	4.060	6.940	0	0	0.125	6.800	0	0	0.067	0.003	0.123	4.802	0.001	0.033
zhangjiafen	1966-5-12	4.060	6.883	0	0	0.129	7.300	0	0	0.067	0	0.128	4.574	0	0.032
zhangjiafen	1966-5-13	3.680	6.843	0	0	0.134	7.800	0	0	0.067	0	0.134	4.343	0	0.030
zhangjiafen	1966-5-14	3.300	6.811	0	0	0.114	6.800	0	0	0.067	0	0.114	4.133	0	0.029
zhangjiafen	1966-5-15	2.960	6.784	0	0	0.130	8.000	0	0	0.067	0	0.130	3.908	0	0.028
zhangjiafen	1966-5-16	2.960	6.761	0	0	0.123	7.800	0	0	0.067	0	0.123	3.692	0	0.026
zhangjiafen	1966-5-17	2.960	6.743	0	0	0.109	7.100	0	0	0.067	0	0.109	3.491	0	0.025
zhangjiafen	1966-5-18	2.960	6.729	0.022	0.003	0.127	7.300	0	0	0.067	0.018	0.109	3.296	0.004	0.023
zhangjiafen	1966-5-19	2.620	6.720	0.294	0.186	0.189	6.700	0	0.002	0.067	0.092	0.097	3.130	0.020	0.022
zhangjiafen	1966-5-20	2.320	6.765	20.808	19.579	1.159	4.700	0.001	0.032	0.028	1.093	0.066	3.305	0.289	0.021
zhangjiafen	1966-5-21	2.620	6.719	8.175	27.232	0	0	0.084	0.044	0.010	0	0	3.667	0.394	0.022
zhangjiafen	1966-5-22	5.730	7.385	0.357	26.029	1.137	2.900	0.005	0.046	0.011	1.093	0.044	4.003	0.416	0.024
zhangjiafen	1966-5-23	9.010	7.637	1.262	25.186	1.702	4.400	0.018	0.046	0.012	1.631	0.071	4.304	0.411	0.027
zhangjiafen	1966-5-24	6.570	7.755	1.602	25.869	0.461	1.200	0.025	0.045	0.013	0.441	0.020	4.651	0.408	0.029
zhangjiafen	1966-5-25	6.290	7.882	8.416	33.037	0.660	1.600	0.137	0.048	0.013	0.632	0.028	5.010	0.431	0.031
zhangjiafen	1966-5-26	7.150	8.874	2.062	32.753	1.878	4.300	0.045	0.050	0.013	1.800	0.078	5.337	0.451	0.033
zhangjiafen	1966-5-27	7.150	10.213	0.001	30.537	1.802	4.200	0	0.049	0.014	1.724	0.078	5.653	0.444	0.036
zhangjiafen	1966-5-28	7.150	10.633	0.500	28.482	2.163	5.200	0.011	0.048	0.015	2.063	0.100	5.932	0.432	0.038
zhangjiafen	1966-5-29	5.730	10.338	6.294	31.809	2.484	5.900	0.116	0.048	0.016	2.367	0.116	6.197	0.436	0.039
zhangjiafen	1966-5-30	6.290	10.862	3.331	33.700	0.915	2.100	0.069	0.050	0.017	0.873	0.042	6.545	0.448	0.041
zhangjiafen	1966-5-31	9.010	12.071	0.202	31.855	1.619	3.700	0.005	0.050	0.017	1.542	0.077	6.857	0.449	0.044
zhangjiafen	1966-6-1	8.050	12.030	11.488	40.413	2.250	4.900	0.264	0.052	0.018	2.146	0.104	7.157	0.468	0.046
zhangjiafen	1966-6-2	7.450	14.520	0.688	38.038	2.629	5.500	0.014	0.054	0.018	2.509	0.119	7.457	0.485	0.048
zhangjiafen	1966-6-3	9.010	16.445	1.134	36.260	2.469	5.300	0.034	0.053	0.019	2.351	0.117	7.745	0.474	0.050
zhangjiafen	1966-6-4	9.010	15.730	0.029	32.525	3.424	7.600	0	0.051	0.020	3.252	0.171	7.961	0.460	0.052
zhangjiafen	1966-6-5	7.750	13.905	0.195	29.391	2.997	7.000	0.005	0.049	0.021	2.836	0.160	8.166	0.440	0.053
zhangjiafen	1966-6-6	6.570	12.078	0.901	28.130	1.769	4.300	0.020	0.047	0.022	1.669	0.100	8.415	0.425	0.054
zhangjiafen	1966-6-7	5.450	10.804	0	25.829	1.957	4.900	0	0.046	0.023	1.841	0.115	8.634	0.414	0.056
zhangjiafen	1966-6-8	5.450	9.819	0.069	22.876	2.750	7.200	0.001	0.044	0.025	2.578	0.172	8.779	0.399	0.057
zhangjiafen	1966-6-9	5.450	9.082	0.554	21.269	1.849	5.100	0.010	0.042	0.026	1.726	0.122	8.954	0.382	0.058
zhangjiafen	1966-6-10	5.210	8.551	0.772	19.664	2.106	6.000	0.004	0.041	0.027	1.960	0.146	9.093	0.371	0.060
zhangjiafen	1966-6-11	4.730	8.262	0.708	17.214	2.965	8.800	0.009	0.040	0.028	2.750	0.215	9.148	0.359	0.061
zhangjiafen	1966-6-12	5.210	8.072	2.090	17.729	1.267	3.900	0.017	0.039	0.030	1.172	0.096	9.310	0.349	0.061
zhangjiafen	1966-6-13	5.730	8.055	6.866	22.424	1.826	5.200	0.059	0.041	0.026	1.697	0.129	9.466	0.373	0.062
zhangjiafen	1966-6-14	8.350	8.774	0.468	20.733	1.856	5.100	0.005	0.043	0.025	1.729	0.127	9.634	0.384	0.063
zhangjiafen	1966-6-15	9.340	9.264	4.756	24.280	0.775	2.100	0.055	0.043	0.025	0.723	0.053	9.880	0.388	0.064
zhangjiafen	1966-6-16	13.400	9.533	5.519	27.923	1.431	3.600	0.080	0.046	0.025	1.339	0.092	10.109	0.412	0.066
zhangjiafen	1966-6-17	16.000	10.381	2.638	28.417	1.734	4.200	0.047	0.047	0.026	1.625	0.108	10.332	0.425	0.067
zhangjiafen	1966-6-18	17.700	11.420	1.556	28.393	1.158	2.800	0.023	0.047	0.027	1.085	0.073	10.588	0.425	0.069
zhangjiafen	1966-6-19	17.700	11.847	3.472	29.875	1.555	3.700	0.055	0.048	0.027	1.457	0.098	10.823	0.430	0.071
zhangjiafen	1966-6-20	17.100	12.298	0.965	28.876	1.562	3.700	0.021	0.048	0.028	1.463	0.099	11.056	0.431	0.072
zhangjiafen	1966-6-21	14.200	12.121	0.481	27.138	1.861	4.500	0.009	0.047	0.028	1.739	0.121	11.256	0.424	0.074
zhangjiafen	1966-6-22	11.400	11.376	1.222	26.704	1.255	3.100	0.023	0.046	0.029	1.170	0.084	11.484	0.416	0.075
zhangjiafen	1966-6-23	10.400	10.681	0.216	25.200	1.354	3.400	0.004	0.046	0.030	1.260	0.094	11.695	0.410	0.077
zhangjiafen	1966-6-24	10.000	10.041	2.154	25.182	1.810	4.600	0.037	0.045	0.030	1.682	0.128	11.865	0.406	0.078
zhangjiafen	1966-6-25	10.400	10.255	1.663	25.493	0.942	2.400	0.027	0.045	0.031	0.875	0.067	12.094	0.406	0.079
zhangjiafen	1966-6-26	10.400	10.383	0.107	23.352	1.939	5.000	0.004	0.045	0.031	1.798	0.141	12.242	0.401	0.081
zhangjiafen	1966-6-27	9.340	9.996	0.083	21.322	1.822	4.900	0.001	0.043	0.032	1.683	0.139	12.377	0.387	0.082
zhangjiafen	1966-6-28	8.050	9.365	0.438	20.572	0.824	2.300	0.011	0.042	0.033	0.759	0.066	12.571	0.376	0.082
zhangjiafen	1966-6-29	8.680	9.032	0.250	19.281	1.228	3.500	0.004	0.041	0.034	1.127	0.101	12.722	0.369	0.084
zhangjiafen	1966-6-30	8.680	8.734	0.035	17.524	1.524	4.500	0	0.040	0.035	1.394	0.130	12.830	0.358	0.085
zhangjiafen	1966-7-1	8.050	8.363	0.056	16.017	1.295	4.000	0	0.038	0.036	1.179	0.116	12.936	0.345	0.085
zhangjiafen	1966-7-2	7.450	8.036	0.893	15.560	1.068	3.400	0.009	0.037	0.038	0.969	0.099	13.049	0.336	0.086
zhangjiafen	1966-7-3	7.150	7.935	0.135	13.949	1.528	5.000	0.001	0.036	0.039	1.382	0.147	13.103	0.328	0.087
zhangjiafen	1966-7-4	6.010	7.880	6.478	20.000	0	0	0.044	0.038	0.037	0	0	13.324	0.345	0.087
zhangjiafen	1966-7-5	6.570	8.164	2.792	22.180	0.180	0.500	0.029	0.042	0.035	0.165	0.015	13.562	0.377	0.089
zhangjiafen	1966-7-6	8.680	8.772	0.837	21.391	1.291	3.500	0.013	0.043	0.035	1.186	0.105	13.716	0.384	0.090
zhangjiafen	1966-7-7	8.350	9.273	0	19.365	1.757	4.900	0	0.042	0.036	1.609	0.147	13.817	0.375	0.091
zhangjiafen	1966-7-8	6.570	9.382	0	16.731	2.452	7.200	0	0.040	0.037	2.235	0.217	13.829	0.359	0.092
zhangjiafen	1966-7-9	6.010	9.184	0.590	15.309	1.796	5.600	0.006	0.038	0.039	1.627	0.169	13.870	0.341	0.092
zhangjiafen	1966-7-10	5.450	8.927	3.188	17.045	1.152	3.600	0.031	0.038	0.040	1.043	0.109	13.969	0.341	0.092
zhangjiafen	1966-7-11	11.700	9.105	5.023	20.865	0.826	2.400	0.048	0.040	0.037	0.753	0.073	14.128	0.362	0.093
zhangjiafen	1966-7-12	9.340	9.650	24.052	43.626	0.531	1.200	0.299	0.050	0.034	0.494	0.037	14.410	0.447	0.094
zhangjiafen	1966-7-13	25.400	14.705	8.899	51.366	0.319	0.600	0.271	0.059	0.035	0.301	0.019	14.790	0.530	0.096
zhangjiafen	1966-7-14	82.700	25.003	0.608	50.401	0.993	1.800	0.027	0.061	0.036	0.937	0.056	15.147	0.548	0.099
zhangjiafen	1966-7-15	30.400	24.794	1.286	50.775	0.275	0.500	0.046	0.061	0.037	0.259	0.016	15.540	0.546	0.101
zhangjiafen	1966-7-16	23.600	21.790	0.544	49.090	1.701	3.100	0.024	0.060	0.038	1.602	0.099	15.843	0.544	0.104
zhangjiafen	1966-7-17	18.200	18.412	0.978	48.102	1.408	2.600	0.044	0.060	0.039	1.324	0.084	16.151	0.536	0.106
zhangjiafen	1966-7-18	15.100	16.150	0.043	45.308	2.398	4.500	0.002	0.059	0.039	2.251	0.147	16.384	0.527	0.108
zhangjiafen	1966-7-19	12.700	14.302	0.309	42.898	2.283	4.400	0.010	0.057	0.040	2.138	0.145	16.604	0.514	0.109
zhangjiafen	1966-7-20	11.400	12.988	0	39.241	3.322	6.600	0	0.055	0.040	3.103	0.219	16.733	0.499	0.111
zhangjiafen	1966-7-21	10.700	12.032	0.369	36.315	2.952	6.100	0.012	0.053	0.041	2.749	0.203	16.859	0.481	0.112
zhangjiafen	1966-7-22	9.340	11.407	0.136	34.583	1.450	3.100	0.002	0.052	0.041	1.347	0.104	17.069	0.467	0.112
zhangjiafen	1966-7-23	9.340	10.990	5.251	37.692	1.607	3.400	0.126	0.052	0.042	1.493	0.114	17.270	0.471	0.114
zhangjiafen	1966-7-24	9.340	12.508	5.818	41.168	1.774	3.600	0.147	0.054	0.042	1.652	0.122	17.480	0.489	0.115
zhangjiafen	1966-7-25	11.700	18.858	15.528	54.918	0.754	1.400	0.479	0.059	0.042	0.707	0.048	17.806	0.533	0.117
zhangjiafen	1966-7-26	63.400	36.849	3.683	57.376	0.405	0.700	0.202	0.064	0.043	0.381	0.024	18.197	0.577	0.119
zhangjiafen	1966-7-27	36.000	36.618	0.433	56.310	0.873	1.500	0.032	0.065	0.044	0.821	0.052	18.561	0.582	0.121
zhangjiafen	1966-7-28	26.300	28.760	23.839	78.040	0.063	0.100	1.282	0.077	0.045	0.060	0.004	19.080	0.691	0.124
zhangjiafen	1966-7-29	40.500	83.172	1.925	77.702	1.423	2.100	0.125	0.079	0.046	1.348	0.075	19.543	0.711	0.127
zhangjiafen	1966-7-30	28.100	57.351	0.254	75.113	2.152	3.200	0.027	0.078	0.048	2.036	0.115	19.952	0.702	0.130
zhangjiafen	1966-7-31	21.700	37.645	0.048	73.142	1.325	2.000	0.004	0.076	0.048	1.252	0.073	20.384	0.686	0.133
zhangjiafen	1966-8-1	18.800	26.010	0.630	71.721	1.311	2.000	0.063	0.075	0.050	1.237	0.074	20.801	0.676	0.136
zhangjiafen	1966-8-2	18.200	22.515	3.469	71.685	2.350	3.600	0.384	0.091	0.051	2.216	0.134	21.293	0.815	0.139
zhangjiafen	1966-8-3	25.000	37.680	11.063	81.034	0	0	0.813	0.090	0.052	0	0	21.910	0.811	0.142
zhangjiafen	1966-8-4	33.500	61.411	0.407	78.385	2.339	3.400	0.041	0.081	0.053	2.210	0.129	22.307	0.725	0.146
zhangjiafen	1966-8-5	32.000	46.402	0	75.430	2.301	3.400	0	0.078	0.054	2.170	0.131	22.680	0.706	0.149
zhangjiafen	1966-8-6	22.900	31.091	0.515	72.766	2.528	3.800	0.034	0.076	0.055	2.381	0.147	23.014	0.688	0.151
zhangjiafen	1966-8-7	19.400	23.582	13.531	82.878	1.771	2.600	0.948	0.080	0.056	1.669	0.101	23.425	0.721	0.153
zhangjiafen	1966-8-8	19.400	51.241	6.885	86.193	2.126	3.000	0.665	0.090	0.057	2.008	0.118	23.901	0.807	0.156
zhangjiafen	1966-8-9	30.700	77.683	3.388	86.343	2.147	3.000	0.340	0.087	0.058	2.028	0.119	24.346	0.782	0.159
zhangjiafen	1966-8-10	28.700	64.142	0.259	82.188	3.757	5.300	0.029	0.084	0.059	3.545	0.213	24.669	0.757	0.162
zhangjiafen	1966-8-11	20.600	45.336	0.006	78.836	2.704	3.900	0.001	0.081	0.060	2.547	0.157	25.017	0.730	0.164
zhangjiafen	1966-8-12	16.500	31.936	0.904	76.432	2.590	3.800	0.082	0.079	0.061	2.436	0.154	25.345	0.710	0.167
zhangjiafen	1966-8-13	15.100	28.222	23.854	90.769	6.943	9.800	1.980	0.100	0.062	6.542	0.401	25.610	0.896	0.169
zhangjiafen	1966-8-14	90.900	120.782	7.430	94.998	1.560	2.100	0.739	0.099	0.062	1.473	0.086	26.180	0.890	0.171
zhangjiafen	1966-8-15	43.900	105.658	13.457	102.891	2.838	3.700	1.616	0.126	0.064	2.684	0.154	26.924	1.136	0.175
zhangjiafen	1966-8-16	47.700	164.694	11.585	108.862	2.934	3.700	1.523	0.131	0.065	2.778	0.156	27.706	1.182	0.179
zhangjiafen	1966-8-17	65.800	169.927	0	102.730	5.400	6.800	0	0.102	0.067	5.110	0.290	28.082	0.918	0.185
zhangjiafen	1966-8-18	46.500	88.191	1.467	99.489	3.809	4.900	0.138	0.097	0.068	3.598	0.210	28.493	0.877	0.187
zhangjiafen	1966-8-19	37.900	52.961	0.772	97.050	2.301	3.000	0.091	0.095	0.069	2.171	0.130	28.956	0.852	0.190
zhangjiafen	1966-8-20	32.900	39.548	0.685	95.654	1.140	1.500	0.078	0.093	0.070	1.074	0.065	29.463	0.836	0.193
zhangjiafen	1966-8-21	31.200	32.374	0	92.549	2.332	3.100	0	0.091	0.072	2.195	0.136	29.878	0.819	0.196
zhangjiafen	1966-8-22	28.100	26.523	18.357	106.761	1.237	1.600	1.940	0.104	0.073	1.166	0.071	30.469	0.934	0.199
zhangjiafen	1966-8-23	39.600	119.230	0	103.583	2.302	2.900	0	0.101	0.074	2.173	0.130	30.969	0.907	0.203
zhangjiafen	1966-8-24	38.700	75.668	0.069	100.816	1.959	2.500	0.009	0.098	0.075	1.846	0.113	31.457	0.881	0.206
zhangjiafen	1966-8-25	29.500	46.179	1.108	100.173	0.700	0.900	0.130	0.096	0.076	0.659	0.041	31.996	0.867	0.210
zhangjiafen	1966-8-26	28.700	35.788	12.326	109.563	0.238	0.300	1.549	0.116	0.078	0.224	0.014	32.737	1.046	0.213
zhangjiafen	1966-8-27	28.700	98.606	0.525	107.070	2.017	2.500	0.078	0.104	0.080	1.901	0.116	33.260	0.936	0.218
zhangjiafen	1966-8-28	27.400	72.260	7.219	110.356	2.022	2.500	0.891	0.114	0.081	1.905	0.117	33.864	1.024	0.222
zhangjiafen	1966-8-29	28.100	78.074	1.369	108.881	1.707	2.100	0.186	0.105	0.082	1.608	0.099	34.403	0.945	0.226
zhangjiafen	1966-8-30	36.900	69.493	14.129	119.320	0.166	0.200	2.027	0.151	0.084	0.156	0.010	35.436	1.356	0.229
zhangjiafen	1966-8-31	55.800	157.622	0.430	115.229	3.534	4.200	0.068	0.112	0.086	3.332	0.202	35.919	1.007	0.236
zhangjiafen	1966-9-1	45.500	94.672	0	113.205	0.997	1.200	0	0.109	0.087	0.939	0.058	36.511	0.977	0.239
zhangjiafen	1966-9-2	34.500	56.329	0	110.440	1.811	2.200	0	0.106	0.089	1.703	0.108	37.026	0.956	0.243
zhangjiafen	1966-9-3	30.400	38.001	0.016	108.345	1.141	1.400	0.002	0.104	0.090	1.072	0.069	37.554	0.933	0.247
zhangjiafen	1966-9-4	28.700	29.128	1.146	108.313	0	0	0.153	0.103	0.091	0	0	38.136	0.924	0.250
zhangjiafen	1966-9-5	27.400	29.039	0.437	106.085	1.697	2.100	0.056	0.102	0.093	1.592	0.105	38.599	0.915	0.254
zhangjiafen	1966-9-6	24.900	28.296	9.009	111.118	2.034	2.500	1.040	0.103	0.094	1.908	0.126	39.047	0.925	0.257
zhangjiafen	1966-9-7	22.900	60.667	0.002	106.571	3.751	4.600	0	0.103	0.095	3.518	0.233	39.385	0.926	0.260
zhangjiafen	1966-9-8	23.600	55.769	0	102.732	3.043	3.800	0	0.099	0.096	2.850	0.193	39.724	0.891	0.263
zhangjiafen	1966-9-9	21.700	42.057	0.107	99.293	2.757	3.500	0.011	0.096	0.097	2.578	0.179	40.045	0.861	0.265
zhangjiafen	1966-9-10	20.000	32.572	0	96.336	2.173	2.800	0	0.093	0.097	2.029	0.144	40.373	0.836	0.267
zhangjiafen	1966-9-11	19.400	26.647	0	93.220	2.372	3.100	0	0.090	0.098	2.212	0.160	40.659	0.813	0.269
zhangjiafen	1966-9-12	18.200	23.223	0.085	89.061	3.609	4.800	0.007	0.088	0.099	3.361	0.248	40.829	0.788	0.271
zhangjiafen	1966-9-13	17.700	21.611	0	84.867	3.606	4.900	0	0.084	0.099	3.352	0.254	40.963	0.759	0.272
zhangjiafen	1966-9-14	16.500	20.566	0.420	81.497	3.172	4.400	0.033	0.081	0.100	2.943	0.228	41.095	0.733	0.273
zhangjiafen	1966-9-15	16.500	20.237	0.302	77.973	3.253	4.600	0.022	0.079	0.100	3.013	0.239	41.193	0.711	0.274
zhangjiafen	1966-9-16	16.000	20.293	3.025	77.654	2.516	3.600	0.238	0.078	0.100	2.329	0.187	41.329	0.699	0.275
zhangjiafen	1966-9-17	16.000	24.278	7.569	82.149	1.839	2.600	0.581	0.079	0.100	1.703	0.136	41.529	0.711	0.276
zhangjiafen	1966-9-18	16.500	43.533	0.930	80.670	1.641	2.300	0.086	0.080	0.101	1.521	0.120	41.753	0.721	0.277
zhangjiafen	1966-9-19	18.800	45.242	0.234	78.332	1.906	2.700	0.020	0.079	0.101	1.764	0.142	41.941	0.710	0.278
zhangjiafen	1966-9-20	18.800	37.460	0.156	75.261	2.642	3.800	0.015	0.077	0.102	2.442	0.200	42.053	0.693	0.280
zhangjiafen	1966-9-21	17.700	30.486	0.276	72.312	2.662	3.900	0.018	0.075	0.102	2.457	0.205	42.140	0.675	0.280
zhangjiafen	1966-9-22	16.500	25.705	0	69.667	2.078	3.100	0	0.073	0.102	1.915	0.163	42.251	0.658	0.281
zhangjiafen	1966-9-23	16.000	22.715	0.009	66.901	2.239	3.400	0.001	0.071	0.103	2.060	0.179	42.330	0.642	0.282
zhangjiafen	1966-9-24	15.600	20.818	0	64.010	2.391	3.700	0	0.070	0.103	2.195	0.195	42.376	0.626	0.282
zhangjiafen	1966-9-25	14.600	19.579	0	60.955	2.594	4.100	0	0.068	0.103	2.377	0.217	42.384	0.610	0.283
zhangjiafen	1966-9-26	14.200	18.773	0.042	58.071	2.475	4.000	0.002	0.066	0.103	2.263	0.211	42.381	0.594	0.283
zhangjiafen	1966-9-27	14.200	18.297	0.098	55.312	2.421	4.000	0.005	0.064	0.103	2.209	0.211	42.362	0.579	0.283
zhangjiafen	1966-9-28	14.200	18.013	0	52.905	1.954	3.300	0	0.063	0.103	1.779	0.174	42.367	0.565	0.282
zhangjiafen	1966-9-29	13.700	17.778	0.029	49.900	2.664	4.600	0.001	0.061	0.103	2.421	0.243	42.290	0.551	0.282
zhangjiafen	1966-9-30	14.300	17.583	0	47.056	2.481	4.400	0	0.060	0.103	2.248	0.232	42.209	0.536	0.282
zhangjiafen	1966-10-1	13.700	17.356	0	44.196	2.524	4.600	0	0.058	0.103	2.281	0.243	42.103	0.521	0.281
zhangjiafen	1966-10-2	13.700	17.113	0	41.996	1.815	3.400	0	0.056	0.102	1.636	0.179	42.049	0.507	0.281
zhangjiafen	1966-10-3	12.700	16.881	0	39.572	2.084	4.000	0	0.055	0.102	1.874	0.211	41.951	0.496	0.280
zhangjiafen	1966-10-4	13.200	16.673	0.464	38.024	1.629	3.200	0.013	0.054	0.102	1.460	0.168	41.886	0.485	0.280
zhangjiafen	1966-10-5	14.200	16.630	3.550	40.836	0.102	0.200	0.105	0.054	0.102	0.092	0.011	41.981	0.486	0.279
zhangjiafen	1966-10-6	15.600	19.319	0.517	40.559	0.259	0.500	0.014	0.055	0.102	0.233	0.026	42.066	0.493	0.280
zhangjiafen	1966-10-7	16.500	19.944	0	38.864	1.283	2.500	0	0.054	0.102	1.152	0.132	42.040	0.489	0.280
zhangjiafen	1966-10-8	16.000	19.163	0.109	37.173	1.410	2.800	0.003	0.053	0.102	1.262	0.147	41.991	0.480	0.280
zhangjiafen	1966-10-9	16.000	18.128	0.063	36.048	0.741	1.500	0.002	0.052	0.102	0.662	0.079	42.002	0.472	0.280
zhangjiafen	1966-10-10	15.600	17.373	0.326	35.019	0.926	1.900	0.010	0.052	0.102	0.826	0.100	41.986	0.466	0.280
zhangjiafen	1966-10-11	15.100	16.996	0	33.313	1.343	2.800	0	0.051	0.102	1.195	0.147	41.916	0.459	0.280
zhangjiafen	1966-10-12	15.600	16.644	0	31.897	1.032	2.200	0	0.050	0.102	0.916	0.116	41.869	0.450	0.279
zhangjiafen	1966-10-13	15.600	16.333	0.096	29.874	1.836	4.000	0.002	0.049	0.102	1.626	0.210	41.720	0.442	0.279
zhangjiafen	1966-10-14	15.100	16.098	3.573	32.063	0.915	2.000	0.085	0.049	0.101	0.810	0.105	41.676	0.441	0.278
zhangjiafen	1966-10-15	15.600	17.373	3.290	34.136	0.704	1.500	0.088	0.050	0.101	0.626	0.079	41.670	0.452	0.278
zhangjiafen	1966-10-16	16.500	20.022	0.967	33.854	0.807	1.700	0.024	0.051	0.101	0.718	0.089	41.658	0.457	0.278
zhangjiafen	1966-10-17	16.500	20.441	0.036	32.551	0.940	2.000	0.001	0.050	0.101	0.835	0.105	41.627	0.453	0.278
zhangjiafen	1966-10-18	16.000	19.590	0	30.953	1.245	2.700	0	0.049	0.101	1.104	0.142	41.552	0.445	0.278
zhangjiafen	1966-10-19	15.100	18.381	0	29.197	1.441	3.200	0	0.048	0.101	1.273	0.168	41.441	0.435	0.277
zhangjiafen	1966-10-20	14.600	17.290	0	28.105	0.703	1.600	0	0.047	0.101	0.619	0.084	41.406	0.426	0.276
zhangjiafen	1966-10-21	14.600	16.477	0.046	26.889	0.906	2.100	0.001	0.047	0.101	0.796	0.110	41.338	0.419	0.276
zhangjiafen	1966-10-22	14.600	15.960	0.047	25.737	0.845	2.000	0.001	0.046	0.101	0.741	0.104	41.269	0.411	0.276
zhangjiafen	1966-10-23	14.200	15.625	0.113	25.107	0.332	0.800	0.003	0.045	0.100	0.290	0.042	41.257	0.405	0.275
zhangjiafen	1966-10-24	14.200	15.431	0.170	24.505	0.369	0.900	0.004	0.045	0.100	0.322	0.047	41.235	0.401	0.275
zhangjiafen	1966-10-25	13.700	15.366	0.256	23.575	0.851	2.100	0.004	0.044	0.100	0.742	0.110	41.147	0.396	0.275
zhangjiafen	1966-10-26	13.700	15.344	0.978	22.506	1.837	4.600	0.016	0.043	0.100	1.597	0.240	40.924	0.391	0.274
zhangjiafen	1966-10-27	13.700	15.765	0	21.276	0.931	2.400	0	0.042	0.100	0.806	0.125	40.808	0.381	0.273
zhangjiafen	1966-10-28	14.200	15.613	0	20.080	0.907	2.400	0	0.041	0.099	0.782	0.125	40.684	0.372	0.272
zhangjiafen	1966-10-29	14.200	15.298	0	18.918	0.883	2.400	0	0.040	0.099	0.758	0.124	40.553	0.363	0.271
zhangjiafen	1966-10-30	14.600	14.988	0	17.820	0.823	2.300	0	0.039	0.099	0.704	0.119	40.419	0.354	0.270
zhangjiafen	1966-10-31	14.600	14.730	0	16.315	1.319	3.800	0	0.038	0.098	1.123	0.196	40.200	0.345	0.269
zhangjiafen	1966-11-1	14.200	14.519	0	15.156	0.934	2.800	0	0.037	0.098	0.790	0.144	40.022	0.332	0.268
zhangjiafen	1966-11-2	14.200	14.332	0	14.553	0.291	0.900	0	0.036	0.097	0.244	0.046	39.934	0.323	0.267
zhangjiafen	1966-11-3	14.200	14.159	0	13.803	0.475	1.500	0	0.035	0.097	0.398	0.077	39.810	0.317	0.266
zhangjiafen	1966-11-4	13.700	14.005	0	12.920	0.648	2.100	0	0.034	0.097	0.540	0.108	39.649	0.309	0.265
zhangjiafen	1966-11-5	13.700	13.863	0.147	11.840	1.076	3.600	0.001	0.033	0.097	0.892	0.184	39.403	0.300	0.264
zhangjiafen	1966-11-6	13.700	13.751	0	11.050	0.573	2.000	0	0.032	0.096	0.471	0.102	39.230	0.287	0.263
zhangjiafen	1966-11-7	13.700	13.613	0	10.536	0.250	0.900	0	0.031	0.096	0.204	0.046	39.106	0.279	0.262
zhangjiafen	1966-11-8	13.700	13.458	0	9.707	0.650	2.400	0	0.030	0.095	0.528	0.122	38.899	0.271	0.261
zhangjiafen	1966-11-9	13.700	13.300	0	8.872	0.677	2.600	0	0.029	0.095	0.545	0.132	38.674	0.261	0.259
zhangjiafen	1966-11-10	13.700	13.139	0	8.079	0.648	2.600	0	0.028	0.094	0.516	0.131	38.440	0.249	0.258
zhangjiafen	1966-11-11	13.700	12.971	0	7.590	0.286	1.200	0	0.026	0.094	0.226	0.060	38.267	0.237	0.256
zhangjiafen	1966-11-12	13.200	12.797	0.324	7.271	0.489	2.100	0.002	0.026	0.093	0.384	0.106	38.044	0.232	0.255
zhangjiafen	1966-11-13	12.700	12.654	0	6.707	0.406	1.800	0	0.025	0.093	0.316	0.090	37.831	0.223	0.254
zhangjiafen	1966-11-14	12.700	12.502	0	6.171	0.389	1.800	0	0.024	0.092	0.300	0.090	37.609	0.213	0.252
zhangjiafen	1966-11-15	11.400	12.340	0	5.663	0.373	1.800	0	0.023	0.092	0.284	0.090	37.379	0.203	0.251
zhangjiafen	1966-11-16	11.800	12.170	0	5.226	0.298	1.500	0	0.021	0.091	0.223	0.074	37.157	0.192	0.249
zhangjiafen	1966-11-17	11.400	11.994	0.028	4.837	0.287	1.500	0	0.020	0.091	0.213	0.074	36.928	0.184	0.248
zhangjiafen	1966-11-18	11.100	11.818	0	4.440	0.276	1.500	0	0.020	0.090	0.202	0.074	36.694	0.176	0.246
zhangjiafen	1966-11-19	10.400	11.643	0.203	4.261	0.267	1.500	0.001	0.019	0.090	0.193	0.074	36.454	0.169	0.245
zhangjiafen	1966-11-20	9.340	11.482	0	3.898	0.258	1.500	0	0.018	0.089	0.185	0.074	36.210	0.162	0.243
zhangjiafen	1966-11-21	9.200	11.326	0	3.558	0.245	1.500	0	0.017	0.089	0.172	0.073	35.958	0.151	0.241
zhangjiafen	1966-11-22	9.350	11.169	0	3.241	0.233	1.500	0	0.016	0.088	0.160	0.073	35.698	0.141	0.240
zhangjiafen	1966-11-23	10.300	11.008	0	2.945	0.222	1.500	0	0.015	0.088	0.149	0.073	35.432	0.132	0.238
zhangjiafen	1966-11-24	10.100	10.842	0	2.670	0.211	1.500	0	0.014	0.087	0.139	0.072	35.159	0.123	0.236
zhangjiafen	1966-11-25	9.270	10.672	0	2.415	0.200	1.500	0	0.013	0.087	0.128	0.072	34.880	0.114	0.234
zhangjiafen	1966-11-26	7.770	10.503	0	2.180	0.190	1.500	0	0.012	0.086	0.118	0.072	34.595	0.106	0.233
zhangjiafen	1966-11-27	9.180	10.334	0	1.962	0.181	1.500	0	0.011	0.085	0.109	0.072	34.305	0.098	0.231
zhangjiafen	1966-11-28	8.130	10.168	0	1.762	0.171	1.500	0	0.010	0.085	0.100	0.071	34.010	0.090	0.229
zhangjiafen	1966-11-29	8.050	10.005	0	1.579	0.163	1.500	0	0.009	0.084	0.092	0.071	33.711	0.083	0.227
zhangjiafen	1966-11-30	5.420	9.845	0	1.412	0.154	1.500	0	0.008	0.084	0.084	0.071	33.407	0.076	0.225
zhangjiafen	1966-12-1	6.220	9.689	0	1.224	0.215	2.200	0	0.008	0.083	0.112	0.103	33.067	0.069	0.223
zhangjiafen	1966-12-2	6.160	9.537	0	1.120	0.073	0.800	0	0.007	0.083	0.036	0.037	32.789	0.061	0.220
zhangjiafen	1966-12-3	7.850	9.387	0	1.006	0.106	1.200	0	0.006	0.082	0.050	0.056	32.489	0.057	0.219
zhangjiafen	1966-12-4	8.250	9.243	0	0.894	0.118	1.400	0	0.006	0.081	0.054	0.065	32.179	0.052	0.217
zhangjiafen	1966-12-5	8.670	9.109	0	0.803	0.089	1.100	0	0.005	0.081	0.038	0.051	31.880	0.047	0.215
zhangjiafen	1966-12-6	8.670	8.982	0	0.724	0.077	1.000	0	0.005	0.080	0.032	0.046	31.585	0.043	0.213
zhangjiafen	1966-12-7	8.210	8.862	0	0.647	0.082	1.100	0	0.004	0.080	0.032	0.050	31.284	0.040	0.211
zhangjiafen	1966-12-8	8.000	8.751	0	0.581	0.072	1.000	0	0.004	0.079	0.026	0.045	30.987	0.036	0.209
zhangjiafen	1966-12-9	7.850	8.646	0	0.515	0.083	1.200	0	0.004	0.079	0.029	0.054	30.681	0.033	0.207
zhangjiafen	1966-12-10	8.110	8.547	0	0.471	0.033	0.500	0	0.003	0.078	0.011	0.022	30.406	0.030	0.205
zhangjiafen	1966-12-11	8.750	8.454	0	0.411	0.091	1.400	0	0.003	0.078	0.028	0.063	30.090	0.028	0.203
zhangjiafen	1966-12-12	9.830	8.366	0	0.369	0.050	0.800	0	0.003	0.078	0.014	0.036	29.802	0.025	0.201
zhangjiafen	1966-12-13	9.560	8.281	0	0.330	0.049	0.800	0	0.003	0.077	0.013	0.035	29.514	0.023	0.199
zhangjiafen	1966-12-14	8.800	8.200	0	0.299	0.030	0.500	0	0.002	0.077	0.008	0.022	29.239	0.021	0.197
zhangjiafen	1966-12-15	9.410	8.123	0	0.267	0.046	0.800	0	0.002	0.076	0.011	0.035	28.953	0.019	0.195
zhangjiafen	1966-12-16	9.410	8.051	0.007	0.251	0.006	0.100	0	0.002	0.076	0.001	0.004	28.698	0.019	0.193
zhangjiafen	1966-12-17	9.830	7.982	0.038	0.259	0.012	0.200	0	0.003	0.076	0.003	0.009	28.446	0.023	0.191
zhangjiafen	1966-12-18	9.780	7.940	0.055	0.280	0.006	0.100	0	0.003	0.075	0.002	0.004	28.206	0.029	0.190
zhangjiafen	1966-12-19	8.920	7.919	0.005	0.232	0.063	1.000	0	0.003	0.075	0.020	0.043	27.929	0.030	0.188
zhangjiafen	1966-12-20	6.580	7.903	0	0.203	0.006	0.100	0	0.003	0.075	0.002	0.004	27.688	0.024	0.186
zhangjiafen	1966-12-21	5.820	7.872	0	0.170	0.051	0.900	0	0.002	0.074	0.012	0.038	27.411	0.020	0.185
zhangjiafen	1966-12-22	5.310	7.825	0	0.149	0.021	0.400	0	0.002	0.074	0.004	0.017	27.152	0.015	0.183
zhangjiafen	1966-12-23	5.980	7.765	0	0.128	0.036	0.700	0	0.001	0.074	0.006	0.030	26.881	0.013	0.181
zhangjiafen	1966-12-24	5.230	7.700	0	0.109	0.040	0.800	0	0.001	0.073	0.006	0.034	26.606	0.011	0.179
zhangjiafen	1966-12-25	5.230	7.638	0	0.094	0.034	0.700	0	0.001	0.073	0.005	0.029	26.336	0.010	0.177
zhangjiafen	1966-12-26	6.830	7.579	0	0.080	0.029	0.600	0	0.001	0.073	0.004	0.025	26.071	0.009	0.176
zhangjiafen	1966-12-27	6.980	7.526	0	0.069	0.023	0.500	0	0.001	0.073	0.003	0.021	25.812	0.008	0.174
zhangjiafen	1966-12-28	5.870	7.478	0	0.059	0.023	0.500	0	0.001	0.072	0.002	0.021	25.553	0.007	0.172
zhangjiafen	1966-12-29	5.770	7.434	0	0.051	0.023	0.500	0	0.001	0.072	0.002	0.020	25.296	0.006	0.170
zhangjiafen	1966-12-30	6.700	7.394	0	0.043	0.022	0.500	0	0.001	0.072	0.002	0.020	25.041	0.005	0.169
zhangjiafen	1966-12-31	7.900	7.357	0	0.034	0.044	1.000	0	0.001	0.072	0.003	0.040	24.766	0.005	0.167
