zhangjiafen	1964-1-1	7.490	8.080	0	6.146	0.169	1.100	0	0.014	0.073	0.120	0.049	29.810	0.129	0.200
zhangjiafen	1964-1-2	7.440	8.080	0	5.890	0.165	1.100	0	0.014	0.072	0.116	0.049	29.616	0.125	0.199
zhangjiafen	1964-1-3	6.910	9.803	0.031	5.665	0.165	1.100	0	0.014	0.072	0.116	0.049	29.421	0.126	0.197
zhangjiafen	1964-1-4	7.350	11.222	0.012	5.427	0.162	1.100	0	0.014	0.072	0.113	0.049	29.228	0.123	0.196
zhangjiafen	1964-1-5	7.520	11.801	0.014	5.205	0.156	1.100	0	0.013	0.071	0.107	0.049	29.032	0.116	0.195
zhangjiafen	1964-1-6	7.140	11.653	0.062	5.027	0.156	1.100	0.001	0.013	0.071	0.108	0.048	28.839	0.118	0.194
zhangjiafen	1964-1-7	7.760	11.140	0.112	4.889	0.160	1.100	0.001	0.014	0.070	0.112	0.048	28.645	0.125	0.192
zhangjiafen	1964-1-8	6.820	10.562	0	4.641	0.158	1.100	0	0.014	0.070	0.110	0.048	28.465	0.123	0.191
zhangjiafen	1964-1-9	6.380	10.043	0.083	4.494	0.150	1.100	0.001	0.013	0.069	0.102	0.048	28.269	0.114	0.190
zhangjiafen	1964-1-10	5.940	9.609	0.556	4.771	0.168	1.100	0.004	0.015	0.069	0.121	0.048	28.104	0.139	0.188
zhangjiafen	1964-1-11	6.440	9.326	0.405	4.864	0.182	1.100	0.002	0.017	0.069	0.135	0.048	27.957	0.157	0.187
zhangjiafen	1964-1-12	7.540	9.200	0.085	4.634	0.184	1.100	0.001	0.018	0.069	0.136	0.047	27.815	0.160	0.186
zhangjiafen	1964-1-13	8.100	9.158	0.003	4.339	0.177	1.100	0	0.017	0.069	0.129	0.047	27.665	0.152	0.185
zhangjiafen	1964-1-14	7.130	9.123	0.230	4.279	0.172	1.100	0.002	0.016	0.069	0.125	0.047	27.512	0.147	0.184
zhangjiafen	1964-1-15	7.680	9.068	0.192	4.185	0.170	1.100	0.002	0.016	0.069	0.123	0.047	27.356	0.144	0.183
zhangjiafen	1964-1-16	8.910	9.000	0	3.916	0.164	1.100	0	0.015	0.069	0.117	0.047	27.195	0.138	0.182
zhangjiafen	1964-1-17	7.820	8.927	0	3.663	0.157	1.100	0	0.014	0.069	0.110	0.047	27.027	0.129	0.181
zhangjiafen	1964-1-18	7.820	8.849	0	3.426	0.149	1.100	0	0.013	0.069	0.103	0.047	26.851	0.121	0.180
zhangjiafen	1964-1-19	6.440	8.762	0	3.206	0.142	1.100	0	0.012	0.069	0.096	0.047	26.669	0.112	0.179
zhangjiafen	1964-1-20	6.720	8.665	0.054	3.049	0.138	1.100	0	0.012	0.069	0.092	0.046	26.484	0.108	0.178
zhangjiafen	1964-1-21	7.350	8.563	0	2.848	0.133	1.100	0	0.011	0.069	0.087	0.046	26.295	0.102	0.177
zhangjiafen	1964-1-22	6.800	8.463	0	2.660	0.127	1.100	0	0.011	0.069	0.081	0.046	26.101	0.096	0.175
zhangjiafen	1964-1-23	6.230	8.370	0.004	2.489	0.122	1.100	0	0.010	0.069	0.076	0.046	25.901	0.090	0.174
zhangjiafen	1964-1-24	6.520	8.283	0	2.324	0.117	1.100	0	0.009	0.069	0.071	0.046	25.699	0.084	0.173
zhangjiafen	1964-1-25	6.210	8.201	0	2.172	0.111	1.100	0	0.009	0.069	0.066	0.045	25.491	0.077	0.171
zhangjiafen	1964-1-26	6.340	8.121	0.055	2.080	0.109	1.100	0	0.008	0.069	0.064	0.045	25.283	0.075	0.170
zhangjiafen	1964-1-27	6.210	8.045	0.485	2.365	0.129	1.100	0.002	0.011	0.069	0.084	0.045	25.103	0.102	0.169
zhangjiafen	1964-1-28	6.160	8.013	0.011	2.166	0.134	1.100	0	0.012	0.069	0.089	0.045	24.931	0.109	0.167
zhangjiafen	1964-1-29	6.440	8.027	0.003	1.979	0.125	1.100	0	0.011	0.068	0.080	0.045	24.750	0.098	0.166
zhangjiafen	1964-1-30	6.090	8.046	0	1.809	0.117	1.100	0	0.010	0.068	0.072	0.045	24.560	0.088	0.165
zhangjiafen	1964-1-31	5.570	8.044	0	1.657	0.109	1.100	0	0.009	0.068	0.065	0.044	24.362	0.079	0.164
zhangjiafen	1964-2-1	5.640	8.013	0	1.522	0.102	1.100	0	0.008	0.068	0.058	0.044	24.157	0.070	0.162
zhangjiafen	1964-2-2	5.700	7.957	0.006	1.404	0.097	1.100	0	0.007	0.068	0.053	0.044	23.948	0.064	0.161
zhangjiafen	1964-2-3	7.040	7.889	0.064	1.347	0.096	1.100	0	0.007	0.068	0.052	0.044	23.739	0.063	0.160
zhangjiafen	1964-2-4	7.590	7.839	0.456	1.645	0.109	1.100	0.002	0.009	0.068	0.065	0.044	23.550	0.081	0.158
zhangjiafen	1964-2-5	8.400	7.826	2.320	3.673	0.163	1.100	0.006	0.017	0.068	0.120	0.043	23.432	0.150	0.157
zhangjiafen	1964-2-6	9.360	7.981	1.254	4.547	0.201	1.100	0.007	0.021	0.068	0.158	0.043	23.357	0.193	0.156
zhangjiafen	1964-2-7	9.360	8.315	1.237	5.363	0.219	1.100	0.010	0.024	0.068	0.175	0.043	23.301	0.212	0.156
zhangjiafen	1964-2-8	9.720	8.746	0.337	5.272	0.225	1.100	0.003	0.024	0.068	0.182	0.043	23.254	0.219	0.155
zhangjiafen	1964-2-9	8.920	9.119	0.280	5.127	0.224	1.100	0.002	0.024	0.068	0.180	0.043	23.205	0.217	0.155
zhangjiafen	1964-2-10	7.820	9.344	0.033	4.748	0.219	1.100	0	0.024	0.068	0.176	0.043	23.152	0.212	0.155
zhangjiafen	1964-2-11	9.640	9.430	0	4.353	0.211	1.100	0	0.023	0.068	0.168	0.043	23.090	0.205	0.154
zhangjiafen	1964-2-12	10.800	9.419	0	3.974	0.203	1.100	0	0.022	0.068	0.160	0.043	23.021	0.196	0.154
zhangjiafen	1964-2-13	7.250	9.351	0	3.614	0.195	1.100	0	0.021	0.068	0.152	0.043	22.944	0.188	0.153
zhangjiafen	1964-2-14	6.480	9.256	0	3.271	0.187	1.100	0	0.020	0.068	0.144	0.043	22.859	0.179	0.153
zhangjiafen	1964-2-15	6.480	9.154	0.276	3.213	0.183	1.100	0.002	0.019	0.068	0.140	0.043	22.770	0.174	0.152
zhangjiafen	1964-2-16	7.310	9.079	0.097	2.984	0.179	1.100	0.001	0.019	0.068	0.136	0.043	22.677	0.170	0.152
zhangjiafen	1964-2-17	6.240	9.006	0	2.674	0.172	1.100	0	0.018	0.068	0.130	0.043	22.577	0.162	0.151
zhangjiafen	1964-2-18	5.980	8.927	0	2.383	0.164	1.100	0	0.017	0.068	0.122	0.043	22.469	0.153	0.151
zhangjiafen	1964-2-19	5.720	8.841	0	2.110	0.156	1.100	0	0.016	0.068	0.114	0.042	22.353	0.144	0.150
zhangjiafen	1964-2-20	5.880	8.749	0.010	1.865	0.148	1.100	0	0.015	0.068	0.106	0.042	22.228	0.134	0.149
zhangjiafen	1964-2-21	5.620	8.650	0	1.629	0.140	1.100	0	0.014	0.068	0.098	0.042	22.094	0.124	0.148
zhangjiafen	1964-2-22	5.500	8.548	0	1.413	0.131	1.100	0	0.013	0.068	0.089	0.042	21.951	0.115	0.147
zhangjiafen	1964-2-23	5.750	8.442	0	1.216	0.123	1.100	0	0.012	0.068	0.081	0.042	21.799	0.104	0.146
zhangjiafen	1964-2-24	5.880	8.334	0	1.038	0.115	1.100	0	0.010	0.068	0.073	0.042	21.639	0.094	0.145
zhangjiafen	1964-2-25	6.250	8.225	0.296	1.159	0.113	1.100	0.001	0.010	0.068	0.071	0.042	21.477	0.092	0.144
zhangjiafen	1964-2-26	7.300	8.120	0.072	1.058	0.112	1.100	0	0.010	0.068	0.071	0.041	21.316	0.091	0.143
zhangjiafen	1964-2-27	7.580	8.033	0	0.901	0.106	1.100	0	0.009	0.068	0.064	0.041	21.148	0.083	0.142
zhangjiafen	1964-2-28	7.300	7.962	0	0.764	0.097	1.100	0	0.008	0.068	0.056	0.041	20.971	0.073	0.141
zhangjiafen	1964-2-29	7.020	7.889	0	0.646	0.090	1.100	0	0.007	0.068	0.049	0.041	20.786	0.063	0.140
zhangjiafen	1964-3-1	8.180	7.806	0	0.488	0.202	2.700	0	0.006	0.068	0.101	0.100	20.533	0.054	0.139
zhangjiafen	1964-3-2	8.910	7.713	0.213	0.544	0.198	2.700	0	0.006	0.068	0.099	0.100	20.281	0.052	0.137
zhangjiafen	1964-3-3	10.300	7.620	0.713	1.005	0.256	2.700	0.001	0.009	0.068	0.157	0.099	20.063	0.084	0.135
zhangjiafen	1964-3-4	10.900	7.588	0.017	0.751	0.269	2.700	0	0.010	0.068	0.171	0.098	19.854	0.091	0.134
zhangjiafen	1964-3-5	10.800	7.611	0.396	0.879	0.265	2.700	0	0.010	0.068	0.168	0.098	19.646	0.089	0.132
zhangjiafen	1964-3-6	10.800	7.659	0.010	0.636	0.257	2.700	0	0.009	0.067	0.160	0.097	19.435	0.085	0.131
zhangjiafen	1964-3-7	11.200	7.697	0.097	0.522	0.230	2.700	0	0.008	0.067	0.133	0.097	19.213	0.071	0.130
zhangjiafen	1964-3-8	11.900	7.694	0.044	0.390	0.208	2.700	0	0.007	0.067	0.112	0.096	18.981	0.060	0.128
zhangjiafen	1964-3-9	8.060	7.646	0	0.258	0.180	2.700	0	0.005	0.067	0.084	0.096	18.736	0.045	0.127
zhangjiafen	1964-3-10	10.000	7.567	0.725	0.789	0.216	2.700	0.001	0.007	0.067	0.121	0.095	18.514	0.065	0.125
zhangjiafen	1964-3-11	9.050	7.496	3.814	4.172	0.329	2.200	0.002	0.018	0.067	0.252	0.077	18.405	0.159	0.123
zhangjiafen	1964-3-12	12.200	7.662	1.352	4.948	0.417	2.200	0.006	0.023	0.066	0.340	0.077	18.346	0.206	0.123
zhangjiafen	1964-3-13	13.000	8.031	0.907	5.238	0.443	2.200	0.006	0.025	0.067	0.366	0.077	18.301	0.221	0.122
zhangjiafen	1964-3-14	13.000	8.483	3.025	7.534	0.510	2.300	0.027	0.027	0.066	0.430	0.080	18.277	0.244	0.122
zhangjiafen	1964-3-15	12.200	9.225	0.683	7.435	0.569	2.400	0.008	0.029	0.061	0.485	0.083	18.271	0.260	0.122
zhangjiafen	1964-3-16	10.500	9.714	0.118	6.796	0.556	2.400	0.001	0.028	0.063	0.473	0.083	18.257	0.254	0.122
zhangjiafen	1964-3-17	9.530	9.835	0.111	6.182	0.535	2.400	0.001	0.027	0.065	0.452	0.083	18.232	0.245	0.122
zhangjiafen	1964-3-18	9.210	9.789	0.245	5.730	0.515	2.400	0.003	0.026	0.066	0.432	0.083	18.197	0.236	0.122
zhangjiafen	1964-3-19	9.530	9.704	0	5.069	0.494	2.400	0	0.025	0.066	0.410	0.083	18.152	0.226	0.121
zhangjiafen	1964-3-20	9.530	9.623	0	4.447	0.468	2.400	0	0.024	0.067	0.385	0.083	18.095	0.214	0.121
zhangjiafen	1964-3-21	14.200	9.533	0.581	4.422	0.454	2.400	0.005	0.023	0.067	0.371	0.083	18.032	0.207	0.121
zhangjiafen	1964-3-22	12.600	9.458	0.128	3.846	0.590	3.200	0.001	0.022	0.067	0.479	0.110	17.936	0.202	0.120
zhangjiafen	1964-3-23	11.900	9.397	0.096	3.287	0.555	3.200	0.001	0.021	0.067	0.445	0.110	17.828	0.189	0.120
zhangjiafen	1964-3-24	10.500	9.322	0.189	2.865	0.523	3.200	0.001	0.020	0.067	0.413	0.110	17.709	0.177	0.119
zhangjiafen	1964-3-25	10.200	9.234	0	2.306	0.487	3.200	0	0.018	0.067	0.378	0.109	17.578	0.163	0.118
zhangjiafen	1964-3-26	9.850	9.114	0	1.746	0.527	3.800	0	0.016	0.067	0.397	0.130	17.410	0.146	0.117
zhangjiafen	1964-3-27	8.900	8.965	0	1.268	0.467	3.800	0	0.014	0.067	0.339	0.129	17.224	0.126	0.116
zhangjiafen	1964-3-28	9.530	8.795	0	0.841	0.460	4.300	0	0.012	0.067	0.314	0.145	17.001	0.104	0.115
zhangjiafen	1964-3-29	9.850	8.609	0.038	0.581	0.333	3.700	0	0.009	0.067	0.209	0.124	16.778	0.081	0.113
zhangjiafen	1964-3-30	14.200	8.407	0.606	0.819	0.420	4.500	0.001	0.010	0.067	0.271	0.150	16.536	0.087	0.112
zhangjiafen	1964-3-31	16.600	8.213	1.325	1.822	0.266	2.300	0.002	0.013	0.067	0.190	0.076	16.400	0.117	0.110
zhangjiafen	1964-4-1	13.400	8.097	1.877	3.135	0.487	3.300	0.008	0.018	0.067	0.378	0.109	16.274	0.159	0.109
zhangjiafen	1964-4-2	11.600	8.153	0.583	3.291	0.289	1.800	0.004	0.019	0.067	0.230	0.059	16.214	0.174	0.108
zhangjiafen	1964-4-3	13.000	8.345	0.575	3.288	0.473	2.900	0.003	0.020	0.067	0.378	0.095	16.122	0.178	0.108
zhangjiafen	1964-4-4	17.000	8.558	12.057	13.889	1.242	5.000	0.074	0.030	0.056	1.079	0.163	16.068	0.272	0.107
zhangjiafen	1964-4-5	19.700	9.452	3.286	16.734	0	0	0.071	0.037	0.044	0	0	16.250	0.333	0.107
zhangjiafen	1964-4-6	27.600	11.244	0.976	16.446	0.952	2.900	0.023	0.038	0.044	0.857	0.095	16.348	0.346	0.108
zhangjiafen	1964-4-7	17.000	12.188	0.437	16.084	0.454	1.400	0.011	0.038	0.044	0.408	0.046	16.491	0.342	0.109
zhangjiafen	1964-4-8	13.800	12.030	0.003	14.885	0.923	2.900	0	0.037	0.045	0.827	0.096	16.578	0.337	0.110
zhangjiafen	1964-4-9	11.600	11.257	0.571	14.634	0.497	1.600	0.012	0.037	0.045	0.444	0.053	16.698	0.329	0.111
zhangjiafen	1964-4-10	12.200	10.510	6.183	19.709	0.632	1.900	0.151	0.039	0.044	0.569	0.063	16.829	0.349	0.111
zhangjiafen	1964-4-11	12.200	11.920	1.437	20.500	0.214	0.600	0.042	0.041	0.044	0.194	0.020	17.022	0.369	0.112
zhangjiafen	1964-4-12	14.200	14.000	0.697	20.633	0.144	0.400	0.020	0.041	0.044	0.131	0.013	17.223	0.373	0.113
zhangjiafen	1964-4-13	12.600	14.302	1.629	21.661	0.146	0.400	0.048	0.042	0.045	0.133	0.013	17.428	0.377	0.115
zhangjiafen	1964-4-14	12.200	13.819	1.732	22.602	0.337	0.900	0.058	0.043	0.044	0.307	0.031	17.622	0.385	0.116
zhangjiafen	1964-4-15	12.200	13.539	0.449	22.157	0.490	1.300	0.018	0.043	0.045	0.445	0.044	17.802	0.387	0.117
zhangjiafen	1964-4-16	12.200	12.961	7.873	29.308	0	0	0.271	0.045	0.045	0	0	18.044	0.406	0.119
zhangjiafen	1964-4-17	14.200	18.728	1.929	29.975	0.771	1.800	0.075	0.048	0.045	0.709	0.062	18.246	0.430	0.120
zhangjiafen	1964-4-18	15.000	20.809	4.532	33.439	0.397	0.900	0.213	0.049	0.046	0.366	0.031	18.489	0.441	0.122
zhangjiafen	1964-4-19	15.400	25.284	7.350	39.881	0	0	0.389	0.052	0.046	0	0	18.785	0.466	0.123
zhangjiafen	1964-4-20	22.000	34.670	4.348	43.401	0.050	0.100	0.235	0.055	0.047	0.046	0.004	19.103	0.493	0.125
zhangjiafen	1964-4-21	23.500	34.855	0.095	41.521	1.520	3.000	0.005	0.055	0.047	1.414	0.107	19.321	0.499	0.127
zhangjiafen	1964-4-22	22.500	28.230	0.017	38.747	2.424	4.900	0.001	0.054	0.048	2.249	0.175	19.457	0.488	0.129
zhangjiafen	1964-4-23	20.100	21.799	1.880	38.473	1.650	3.400	0.093	0.053	0.048	1.528	0.122	19.635	0.479	0.130
zhangjiafen	1964-4-24	19.200	18.136	3.560	40.171	1.226	2.500	0.189	0.054	0.049	1.136	0.090	19.849	0.483	0.131
zhangjiafen	1964-4-25	20.100	20.350	0.631	37.682	2.746	5.600	0.040	0.054	0.049	2.543	0.203	19.948	0.483	0.132
zhangjiafen	1964-4-26	20.100	20.104	0	34.668	2.701	5.700	0	0.052	0.050	2.494	0.207	20.027	0.468	0.133
zhangjiafen	1964-4-27	18.400	18.070	0	32.236	2.097	4.600	0	0.050	0.050	1.930	0.167	20.128	0.452	0.134
zhangjiafen	1964-4-28	16.200	15.752	0.906	30.659	2.128	4.800	0.040	0.049	0.050	1.952	0.175	20.209	0.441	0.134
zhangjiafen	1964-4-29	15.000	14.062	2.774	32.458	0.398	0.900	0.122	0.049	0.051	0.365	0.033	20.430	0.440	0.135
zhangjiafen	1964-4-30	14.200	14.807	2.207	32.780	1.397	3.100	0.106	0.050	0.051	1.283	0.114	20.576	0.447	0.136
zhangjiafen	1964-5-1	15.800	17.762	0.264	30.052	2.714	6.100	0.012	0.049	0.051	2.488	0.225	20.604	0.442	0.137
zhangjiafen	1964-5-2	15.000	17.576	0.173	26.676	3.360	7.900	0.008	0.047	0.052	3.069	0.292	20.549	0.425	0.137
zhangjiafen	1964-5-3	13.400	15.890	0.097	24.018	2.535	6.300	0.003	0.045	0.052	2.303	0.232	20.532	0.405	0.137
zhangjiafen	1964-5-4	12.200	14.085	0	21.343	2.484	6.500	0	0.043	0.053	2.245	0.240	20.491	0.387	0.137
zhangjiafen	1964-5-5	12.200	12.594	0	18.441	2.776	7.700	0	0.041	0.053	2.492	0.283	20.386	0.368	0.137
zhangjiafen	1964-5-6	11.600	11.477	0.196	15.579	2.995	8.900	0.005	0.039	0.054	2.668	0.327	20.216	0.347	0.136
zhangjiafen	1964-5-7	11.200	10.727	1.074	14.663	1.806	5.700	0.025	0.037	0.055	1.598	0.208	20.149	0.330	0.135
zhangjiafen	1964-5-8	10.500	10.504	0.675	13.827	1.290	4.200	0.017	0.036	0.055	1.137	0.153	20.127	0.321	0.134
zhangjiafen	1964-5-9	11.900	10.704	0	11.608	2.144	7.300	0	0.034	0.056	1.877	0.266	19.979	0.308	0.134
zhangjiafen	1964-5-10	11.600	10.677	0.001	9.612	1.942	7.200	0	0.032	0.057	1.680	0.262	19.812	0.285	0.133
zhangjiafen	1964-5-11	10.500	10.348	0	7.667	1.942	7.900	0	0.029	0.059	1.656	0.286	19.596	0.261	0.132
zhangjiafen	1964-5-12	10.200	9.941	0	6.061	1.609	7.300	0	0.026	0.062	1.347	0.263	19.375	0.235	0.131
zhangjiafen	1964-5-13	9.530	9.635	0.122	4.484	1.790	9.000	0.001	0.024	0.065	1.468	0.322	19.071	0.212	0.129
zhangjiafen	1964-5-14	8.900	9.435	0	2.985	1.652	9.700	0	0.020	0.067	1.308	0.344	18.713	0.179	0.127
zhangjiafen	1964-5-15	8.900	9.272	0.034	1.522	1.820	12.900	0	0.016	0.067	1.367	0.453	18.212	0.144	0.125
zhangjiafen	1964-5-16	8.900	9.097	1.208	2.352	0.337	2.800	0.006	0.013	0.067	0.240	0.097	18.045	0.118	0.121
zhangjiafen	1964-5-17	9.210	8.942	0	1.882	0.468	3.800	0	0.013	0.067	0.337	0.131	17.848	0.121	0.120
zhangjiafen	1964-5-18	9.530	8.795	0	1.375	0.579	5.300	0	0.011	0.067	0.397	0.182	17.584	0.103	0.119
zhangjiafen	1964-5-19	9.530	8.617	0.034	0.976	0.532	5.600	0	0.009	0.067	0.341	0.190	17.294	0.085	0.117
zhangjiafen	1964-5-20	8.580	8.403	0.573	1.093	0.570	6.100	0.001	0.009	0.067	0.365	0.206	16.990	0.084	0.115
zhangjiafen	1964-5-21	8.270	8.252	0.130	0.766	0.603	6.800	0	0.009	0.067	0.376	0.227	16.660	0.078	0.113
zhangjiafen	1964-5-22	7.670	8.132	0.600	0.768	0.796	8.600	0.002	0.009	0.067	0.512	0.284	16.282	0.085	0.111
zhangjiafen	1964-5-23	6.800	8.006	0.014	0.503	0.371	4.800	0	0.007	0.067	0.215	0.157	16.013	0.064	0.109
zhangjiafen	1964-5-24	6.220	7.848	0	0.216	0.552	8.800	0	0.005	0.067	0.267	0.285	15.598	0.043	0.107
zhangjiafen	1964-5-25	5.390	7.679	0	0.088	0.406	8.900	0	0.002	0.067	0.122	0.285	15.161	0.020	0.104
zhangjiafen	1964-5-26	4.850	7.481	0.053	0.067	0.216	5.000	0	0.002	0.067	0.058	0.158	14.853	0.017	0.101
zhangjiafen	1964-5-27	4.850	7.287	0.079	0.062	0.253	5.900	0	0.002	0.067	0.069	0.184	14.520	0.017	0.099
zhangjiafen	1964-5-28	4.850	7.164	0.031	0.018	0.353	8.500	0	0.002	0.067	0.091	0.262	14.110	0.016	0.097
zhangjiafen	1964-5-29	4.580	7.074	0.892	0.517	0.524	6.800	0	0.008	0.067	0.317	0.207	13.810	0.069	0.094
zhangjiafen	1964-5-30	4.580	7.048	2.216	1.895	0.939	8.000	0.002	0.014	0.067	0.699	0.240	13.535	0.124	0.092
zhangjiafen	1964-5-31	7.670	7.163	8.391	9.151	0.995	4.900	0.033	0.025	0.063	0.849	0.146	13.464	0.228	0.090
zhangjiafen	1964-6-1	11.200	7.762	2.638	10.795	0.722	2.800	0.041	0.032	0.047	0.639	0.083	13.528	0.284	0.090
zhangjiafen	1964-6-2	11.900	8.942	0.021	8.938	1.764	6.800	0	0.032	0.047	1.562	0.202	13.473	0.284	0.090
zhangjiafen	1964-6-3	11.900	9.338	0.015	6.787	2.148	9.100	0	0.029	0.052	1.877	0.270	13.322	0.261	0.090
zhangjiafen	1964-6-4	9.530	9.248	0.362	5.862	1.193	5.700	0.004	0.026	0.058	1.025	0.168	13.239	0.232	0.089
zhangjiafen	1964-6-5	9.530	9.200	0.067	4.270	1.685	8.800	0.001	0.024	0.061	1.426	0.259	13.042	0.212	0.088
zhangjiafen	1964-6-6	9.210	9.082	0.474	3.514	1.238	7.400	0.005	0.020	0.064	1.022	0.216	12.859	0.184	0.087
zhangjiafen	1964-6-7	8.900	9.002	0.027	2.537	1.042	7.100	0	0.018	0.065	0.836	0.206	12.662	0.159	0.086
zhangjiafen	1964-6-8	9.210	8.918	0.407	1.985	1.026	7.700	0.001	0.016	0.066	0.804	0.221	12.433	0.143	0.084
zhangjiafen	1964-6-9	10.500	8.799	5.279	6.659	0.430	2.400	0.019	0.022	0.065	0.361	0.068	12.419	0.202	0.083
zhangjiafen	1964-6-10	10.500	8.834	1.923	7.005	1.467	6.600	0.020	0.028	0.059	1.279	0.188	12.339	0.249	0.083
zhangjiafen	1964-6-11	13.400	9.217	0.160	5.520	1.586	7.400	0.002	0.027	0.060	1.376	0.210	12.227	0.241	0.082
zhangjiafen	1964-6-12	12.200	9.497	1.581	5.508	1.542	7.600	0.012	0.025	0.061	1.328	0.215	12.098	0.229	0.081
zhangjiafen	1964-6-13	12.200	9.916	0.621	5.217	0.777	4.000	0.005	0.024	0.062	0.664	0.112	12.062	0.218	0.081
zhangjiafen	1964-6-14	11.200	9.819	0	4.040	1.120	6.100	0	0.023	0.063	0.949	0.171	11.953	0.206	0.080
zhangjiafen	1964-6-15	10.500	9.481	0	2.695	1.388	8.600	0	0.020	0.064	1.147	0.240	11.749	0.180	0.080
zhangjiafen	1964-6-16	10.200	9.154	0.044	1.780	1.025	7.800	0	0.016	0.066	0.809	0.216	11.532	0.142	0.078
zhangjiafen	1964-6-17	9.210	8.927	1.718	2.428	1.143	8.600	0.004	0.016	0.067	0.907	0.236	11.299	0.146	0.077
zhangjiafen	1964-6-18	9.850	8.882	5.342	7.124	0.472	2.700	0.033	0.022	0.061	0.398	0.073	11.284	0.194	0.075
zhangjiafen	1964-6-19	13.400	9.726	2.599	8.493	1.049	4.700	0.032	0.028	0.055	0.922	0.127	11.274	0.248	0.075
zhangjiafen	1964-6-20	13.800	10.427	0.002	7.067	1.306	5.800	0	0.028	0.056	1.149	0.157	11.237	0.251	0.075
zhangjiafen	1964-6-21	11.200	9.902	0.194	5.803	1.382	6.700	0.002	0.026	0.057	1.201	0.181	11.154	0.230	0.075
zhangjiafen	1964-6-22	9.530	9.236	0.260	4.588	1.448	7.700	0.001	0.023	0.059	1.241	0.207	11.023	0.210	0.074
zhangjiafen	1964-6-23	8.580	8.823	0.121	3.351	1.376	8.300	0.002	0.020	0.061	1.154	0.222	10.851	0.184	0.073
zhangjiafen	1964-6-24	8.580	8.731	0.504	2.951	0.902	6.400	0.007	0.017	0.062	0.732	0.170	10.700	0.153	0.072
zhangjiafen	1964-6-25	10.800	8.853	0.321	2.252	1.087	8.300	0.001	0.016	0.064	0.868	0.219	10.487	0.141	0.071
zhangjiafen	1964-6-26	9.210	8.743	1.159	2.587	0.812	6.000	0.002	0.017	0.065	0.656	0.157	10.346	0.150	0.070
zhangjiafen	1964-6-27	9.210	8.604	1.146	2.483	1.290	8.800	0.004	0.018	0.066	1.062	0.228	10.149	0.166	0.069
zhangjiafen	1964-6-28	8.900	8.548	0.641	1.812	1.400	10.100	0.002	0.017	0.067	1.141	0.259	9.911	0.156	0.068
zhangjiafen	1964-6-29	7.960	8.509	6.455	7.249	0.889	4.900	0.023	0.023	0.063	0.765	0.124	9.866	0.208	0.066
zhangjiafen	1964-6-30	8.270	8.897	1.666	7.592	1.150	5.200	0.027	0.028	0.052	1.018	0.132	9.866	0.249	0.066
zhangjiafen	1964-7-1	11.200	9.303	0.601	6.636	1.450	6.700	0.008	0.027	0.052	1.280	0.170	9.822	0.244	0.066
zhangjiafen	1964-7-2	9.850	9.318	3.944	8.631	1.822	8.100	0.051	0.028	0.051	1.618	0.205	9.754	0.253	0.065
zhangjiafen	1964-7-3	8.500	9.714	14.429	20.555	2.128	6.900	0.176	0.037	0.026	1.954	0.174	9.825	0.336	0.065
zhangjiafen	1964-7-4	15.200	13.234	0.019	18.950	1.302	3.700	0	0.042	0.024	1.208	0.094	10.016	0.374	0.065
zhangjiafen	1964-7-5	29.600	13.321	0.001	17.110	1.556	4.600	0	0.040	0.025	1.439	0.118	10.169	0.362	0.067
zhangjiafen	1964-7-6	18.800	12.038	19.874	35.799	0.241	0.600	0.497	0.046	0.025	0.226	0.015	10.476	0.416	0.068
zhangjiafen	1964-7-7	18.800	18.445	12.544	46.952	0.198	0.400	0.652	0.055	0.026	0.188	0.010	10.867	0.496	0.070
zhangjiafen	1964-7-8	20.100	36.492	0.978	44.273	3.188	6.100	0.053	0.058	0.027	3.025	0.163	11.126	0.522	0.072
zhangjiafen	1964-7-9	17.500	39.419	0	39.702	4.238	8.400	0	0.056	0.027	4.011	0.227	11.302	0.504	0.074
zhangjiafen	1964-7-10	13.800	31.365	1.803	39.348	1.609	3.300	0.096	0.054	0.028	1.519	0.090	11.597	0.488	0.075
zhangjiafen	1964-7-11	12.600	25.448	1.404	38.098	2.181	4.500	0.058	0.054	0.028	2.057	0.124	11.852	0.485	0.077
zhangjiafen	1964-7-12	13.000	22.169	3.203	36.629	4.229	8.800	0.153	0.053	0.029	3.983	0.246	11.979	0.481	0.079
zhangjiafen	1964-7-13	13.300	22.231	1.594	36.470	1.228	2.600	0.073	0.053	0.029	1.155	0.073	12.269	0.473	0.080
zhangjiafen	1964-7-14	14.600	20.879	5.361	38.489	2.688	5.600	0.280	0.053	0.030	2.529	0.159	12.478	0.480	0.082
zhangjiafen	1964-7-15	18.700	20.689	12.267	48.414	1.230	2.400	0.615	0.056	0.031	1.161	0.069	12.804	0.508	0.083
zhangjiafen	1964-7-16	105.000	42.940	2.605	47.721	2.696	5.000	0.154	0.059	0.031	2.551	0.145	13.076	0.534	0.085
zhangjiafen	1964-7-17	31.800	39.129	0.097	44.626	2.756	5.200	0.007	0.058	0.032	2.603	0.153	13.328	0.524	0.087
zhangjiafen	1964-7-18	18.700	29.639	0.500	42.491	2.165	4.200	0.029	0.057	0.032	2.040	0.125	13.593	0.511	0.089
zhangjiafen	1964-7-19	15.000	23.694	2.686	42.687	1.887	3.700	0.153	0.056	0.033	1.776	0.111	13.864	0.505	0.091
zhangjiafen	1964-7-20	13.400	20.260	28.822	67.792	1.498	2.600	1.664	0.063	0.034	1.420	0.079	14.228	0.569	0.092
zhangjiafen	1964-7-21	20.900	75.485	6.257	71.318	1.543	2.400	0.542	0.072	0.035	1.470	0.074	14.672	0.647	0.095
zhangjiafen	1964-7-22	37.300	98.281	0	68.203	2.515	3.900	0	0.072	0.036	2.393	0.122	15.067	0.650	0.098
zhangjiafen	1964-7-23	23.400	58.011	0.055	64.497	3.217	5.100	0.005	0.070	0.037	3.055	0.161	15.400	0.631	0.100
zhangjiafen	1964-7-24	18.800	35.078	0.111	60.833	3.256	5.300	0.009	0.068	0.037	3.087	0.169	15.701	0.611	0.103
zhangjiafen	1964-7-25	16.600	24.143	2.569	61.103	1.514	2.500	0.199	0.067	0.038	1.433	0.081	16.077	0.600	0.105
zhangjiafen	1964-7-26	15.400	21.543	1.009	58.693	2.830	4.700	0.081	0.066	0.039	2.676	0.153	16.373	0.595	0.107
zhangjiafen	1964-7-27	15.000	21.114	4.121	59.800	2.155	3.600	0.321	0.066	0.040	2.037	0.119	16.696	0.591	0.109
zhangjiafen	1964-7-28	20.600	25.935	2.049	59.161	1.979	3.300	0.160	0.066	0.041	1.870	0.110	17.027	0.592	0.111
zhangjiafen	1964-7-29	18.200	29.058	4.023	59.213	3.179	5.300	0.313	0.066	0.041	3.001	0.178	17.286	0.592	0.114
zhangjiafen	1964-7-30	32.400	38.928	7.369	63.271	2.192	3.600	0.571	0.067	0.042	2.070	0.122	17.609	0.602	0.115
zhangjiafen	1964-7-31	27.600	50.136	14.621	73.497	2.565	4.000	1.254	0.071	0.043	2.428	0.137	17.955	0.643	0.117
zhangjiafen	1964-8-1	160.000	89.853	89.423	139.721	1.901	2.400	10.119	1.126	0.044	1.818	0.083	27.844	10.136	0.120
zhangjiafen	1964-8-2	1150.000	865.561	21.762	144.270	3.482	3.800	5.785	0.810	0.068	3.323	0.159	34.725	7.293	0.186
zhangjiafen	1964-8-3	712.000	744.429	11.567	144.933	4.741	5.100	2.909	0.349	0.084	4.503	0.238	37.315	3.144	0.232
zhangjiafen	1964-8-4	529.000	447.290	0.809	140.838	3.519	3.800	0.154	0.143	0.091	3.335	0.184	38.079	1.287	0.249
zhangjiafen	1964-8-5	343.000	184.617	9.882	142.666	4.247	4.600	1.947	0.207	0.093	4.022	0.225	39.370	1.863	0.254
zhangjiafen	1964-8-6	262.000	181.453	1.286	138.690	3.868	4.200	0.223	0.138	0.096	3.658	0.210	40.042	1.239	0.262
zhangjiafen	1964-8-7	196.000	125.486	0.557	134.144	3.905	4.300	0.095	0.132	0.097	3.688	0.217	40.649	1.188	0.267
zhangjiafen	1964-8-8	127.000	73.900	14.213	142.434	2.012	2.200	2.444	0.158	0.099	1.900	0.112	41.591	1.424	0.271
zhangjiafen	1964-8-9	114.000	160.596	16.032	147.819	1.405	1.500	4.098	0.522	0.101	1.327	0.077	45.835	4.700	0.277
zhangjiafen	1964-8-10	136.000	360.676	2.973	145.600	3.304	3.500	0.549	0.153	0.111	3.115	0.190	46.607	1.379	0.306
zhangjiafen	1964-8-11	195.000	228.798	0.094	140.494	4.014	4.300	0.017	0.140	0.113	3.779	0.236	47.211	1.263	0.311
zhangjiafen	1964-8-12	165.000	112.418	16.887	147.558	3.279	3.500	3.594	0.314	0.115	3.086	0.193	49.414	2.826	0.315
zhangjiafen	1964-8-13	175.000	277.028	3.126	146.525	2.179	2.300	0.604	0.151	0.120	2.049	0.130	50.190	1.356	0.329
zhangjiafen	1964-8-14	187.000	177.388	2.243	143.932	2.639	2.800	0.604	0.175	0.122	2.479	0.160	51.149	1.576	0.335
zhangjiafen	1964-8-15	174.000	143.096	0.076	139.044	3.819	4.100	0.013	0.138	0.124	3.583	0.236	51.692	1.244	0.341
zhangjiafen	1964-8-16	131.000	70.469	3.319	135.986	4.782	5.200	0.554	0.133	0.126	4.481	0.301	52.116	1.196	0.345
zhangjiafen	1964-8-17	117.000	60.676	3.715	134.880	3.105	3.400	0.610	0.130	0.127	2.907	0.198	52.616	1.172	0.347
zhangjiafen	1964-8-18	108.000	71.290	1.250	132.690	2.089	2.300	0.205	0.128	0.128	1.955	0.135	53.157	1.153	0.351
zhangjiafen	1964-8-19	104.000	68.506	0.019	127.693	4.038	4.500	0.003	0.124	0.129	3.774	0.265	53.523	1.115	0.354
zhangjiafen	1964-8-20	84.800	52.962	0	123.624	3.090	3.500	0	0.119	0.130	2.883	0.207	53.897	1.068	0.357
zhangjiafen	1964-8-21	72.400	40.519	10.325	128.310	3.094	3.500	1.562	0.119	0.131	2.887	0.208	54.270	1.071	0.359
zhangjiafen	1964-8-22	94.100	90.984	2.995	124.357	5.669	6.400	0.465	0.120	0.132	5.288	0.381	54.472	1.077	0.362
zhangjiafen	1964-8-23	77.200	97.384	5.234	126.608	0.971	1.100	0.831	0.125	0.132	0.905	0.066	55.032	1.121	0.363
zhangjiafen	1964-8-24	87.800	109.097	2.771	125.695	2.213	2.500	0.427	0.119	0.134	2.063	0.150	55.455	1.074	0.367
zhangjiafen	1964-8-25	78.600	91.654	1.337	122.952	2.902	3.300	0.203	0.117	0.135	2.703	0.199	55.809	1.056	0.370
zhangjiafen	1964-8-26	77.200	72.971	4.858	124.201	1.842	2.100	0.730	0.116	0.136	1.715	0.127	56.223	1.048	0.372
zhangjiafen	1964-8-27	88.500	77.237	5.885	126.361	1.766	2.000	0.895	0.118	0.137	1.644	0.121	56.655	1.066	0.375
zhangjiafen	1964-8-28	129.000	103.012	3.871	126.614	1.951	2.200	0.603	0.120	0.138	1.817	0.134	57.084	1.078	0.378
zhangjiafen	1964-8-29	88.500	96.049	0.150	123.017	2.734	3.100	0.023	0.118	0.139	2.544	0.190	57.437	1.062	0.381
zhangjiafen	1964-8-30	69.000	68.149	0	119.851	2.177	2.500	0	0.114	0.140	2.024	0.154	57.789	1.028	0.383
zhangjiafen	1964-8-31	63.100	48.213	1.308	117.300	2.757	3.200	0.186	0.111	0.140	2.560	0.197	58.067	1.001	0.385
zhangjiafen	1964-9-1	61.300	41.281	0	113.067	3.402	4.000	0	0.108	0.141	3.155	0.247	58.262	0.970	0.387
zhangjiafen	1964-9-2	58.500	36.389	0.501	110.282	2.347	2.800	0.070	0.104	0.142	2.174	0.173	58.497	0.939	0.388
zhangjiafen	1964-9-3	51.600	33.696	1.887	108.661	2.409	2.900	0.256	0.102	0.142	2.230	0.180	58.706	0.920	0.390
zhangjiafen	1964-9-4	52.400	39.796	0.720	105.092	3.453	4.200	0.098	0.100	0.143	3.192	0.261	58.809	0.899	0.391
zhangjiafen	1964-9-5	46.100	39.333	0	102.922	1.298	1.600	0	0.097	0.143	1.199	0.100	59.050	0.875	0.392
zhangjiafen	1964-9-6	41.700	35.524	0.480	100.755	1.768	2.200	0.062	0.095	0.144	1.631	0.137	59.233	0.858	0.394
zhangjiafen	1964-9-7	38.200	33.189	0.638	99.568	0.877	1.100	0.079	0.094	0.144	0.809	0.069	59.470	0.845	0.395
zhangjiafen	1964-9-8	36.900	32.392	0.452	96.495	2.767	3.500	0.055	0.092	0.145	2.548	0.219	59.540	0.830	0.396
zhangjiafen	1964-9-9	36.900	33.211	7.737	100.401	2.138	2.700	0.938	0.092	0.145	1.969	0.169	59.662	0.832	0.397
zhangjiafen	1964-9-10	35.600	64.241	6.623	104.120	1.208	1.500	0.834	0.096	0.145	1.114	0.094	59.886	0.861	0.398
zhangjiafen	1964-9-11	58.100	89.817	12.738	113.354	0.911	1.100	1.645	0.101	0.146	0.842	0.069	60.185	0.913	0.399
zhangjiafen	1964-9-12	62.200	162.130	0.348	111.358	1.346	1.600	0.049	0.105	0.146	1.245	0.101	60.482	0.945	0.401
zhangjiafen	1964-9-13	56.100	97.446	0.445	108.860	2.001	2.400	0.063	0.103	0.147	1.850	0.152	60.707	0.926	0.403
zhangjiafen	1964-9-14	46.700	60.766	0.234	104.799	3.538	4.300	0.030	0.100	0.148	3.266	0.272	60.782	0.900	0.405
zhangjiafen	1964-9-15	40.300	42.740	0.588	100.473	4.202	5.200	0.079	0.096	0.148	3.873	0.329	60.767	0.867	0.405
zhangjiafen	1964-9-16	37.500	36.088	9.034	104.063	3.630	4.500	1.139	0.096	0.148	3.345	0.285	60.792	0.864	0.405
zhangjiafen	1964-9-17	39.600	78.600	4.560	106.964	0.082	0.100	0.598	0.099	0.148	0.075	0.006	61.121	0.888	0.405
zhangjiafen	1964-9-18	41.700	90.861	0.322	105.721	0.574	0.700	0.041	0.099	0.149	0.530	0.044	61.415	0.895	0.407
zhangjiafen	1964-9-19	39.600	65.745	5.807	108.171	1.728	2.100	0.762	0.100	0.149	1.595	0.134	61.623	0.900	0.409
zhangjiafen	1964-9-20	43.100	76.772	0.888	105.291	2.880	3.500	0.113	0.100	0.150	2.656	0.223	61.738	0.899	0.411
zhangjiafen	1964-9-21	40.300	62.390	0	101.853	2.678	3.300	0	0.097	0.150	2.467	0.211	61.839	0.873	0.412
zhangjiafen	1964-9-22	36.200	47.394	0	98.705	2.399	3.000	0	0.094	0.150	2.207	0.192	61.932	0.847	0.412
zhangjiafen	1964-9-23	34.900	37.320	0.078	96.693	1.264	1.600	0.009	0.092	0.151	1.161	0.102	62.094	0.827	0.413
zhangjiafen	1964-9-24	33.100	31.558	0.572	94.428	2.034	2.600	0.068	0.090	0.151	1.867	0.167	62.175	0.812	0.414
zhangjiafen	1964-9-25	32.400	29.623	0.536	92.311	1.857	2.400	0.064	0.088	0.151	1.704	0.154	62.251	0.796	0.414
zhangjiafen	1964-9-26	31.200	30.443	0	88.789	2.902	3.800	0	0.086	0.151	2.658	0.244	62.218	0.777	0.415
zhangjiafen	1964-9-27	30.000	29.412	0	84.938	3.298	4.400	0	0.084	0.151	3.016	0.282	62.123	0.753	0.415
zhangjiafen	1964-9-28	28.900	27.660	0	81.113	3.304	4.500	0	0.081	0.151	3.016	0.288	61.997	0.728	0.414
zhangjiafen	1964-9-29	27.800	26.141	0	78.424	2.089	2.900	0	0.079	0.151	1.904	0.186	61.954	0.707	0.413
zhangjiafen	1964-9-30	28.300	25.082	0.124	75.193	2.835	4.000	0.012	0.077	0.151	2.579	0.256	61.824	0.689	0.413
zhangjiafen	1964-10-1	26.700	24.515	5.377	78.896	0.425	0.600	0.522	0.077	0.150	0.387	0.038	61.912	0.689	0.412
zhangjiafen	1964-10-2	28.300	39.054	1.256	78.981	0.286	0.400	0.132	0.078	0.150	0.261	0.026	62.023	0.701	0.413
zhangjiafen	1964-10-3	32.400	45.537	1.617	76.800	3.137	4.400	0.168	0.077	0.151	2.856	0.282	61.874	0.696	0.413
zhangjiafen	1964-10-4	27.300	44.939	0	73.053	3.293	4.700	0	0.075	0.150	2.992	0.301	61.689	0.679	0.412
zhangjiafen	1964-10-5	25.700	37.711	0.098	69.862	2.811	4.100	0.009	0.073	0.150	2.549	0.262	61.524	0.658	0.411
zhangjiafen	1964-10-6	25.700	31.473	0	66.359	3.087	4.600	0	0.071	0.150	2.793	0.294	61.310	0.639	0.410
zhangjiafen	1964-10-7	26.200	27.355	0.055	63.820	2.102	3.200	0.005	0.069	0.149	1.898	0.204	61.171	0.622	0.409
zhangjiafen	1964-10-8	25.700	25.164	0.787	62.345	1.683	2.600	0.066	0.068	0.149	1.517	0.165	61.059	0.611	0.408
zhangjiafen	1964-10-9	25.200	25.502	0.004	61.103	0.640	1.000	0	0.067	0.148	0.577	0.064	61.043	0.602	0.407
zhangjiafen	1964-10-10	25.200	25.041	0.133	59.993	0.635	1.000	0.010	0.066	0.148	0.571	0.064	61.020	0.596	0.407
zhangjiafen	1964-10-11	24.200	24.329	0.991	59.622	0.694	1.100	0.079	0.066	0.148	0.624	0.070	60.987	0.592	0.407
zhangjiafen	1964-10-12	24.700	25.439	3.689	62.233	0.127	0.200	0.299	0.066	0.148	0.114	0.013	61.017	0.598	0.407
zhangjiafen	1964-10-13	25.700	38.244	0.024	60.666	1.022	1.600	0.002	0.067	0.148	0.920	0.102	60.962	0.602	0.407
zhangjiafen	1964-10-14	25.700	34.464	3.460	62.023	1.277	2.000	0.285	0.067	0.148	1.149	0.127	60.882	0.601	0.406
zhangjiafen	1964-10-15	25.200	38.692	4.993	65.795	0.130	0.200	0.423	0.068	0.148	0.117	0.013	60.929	0.614	0.406
zhangjiafen	1964-10-16	26.700	52.754	0.115	62.448	3.063	4.700	0.010	0.069	0.148	2.764	0.299	60.695	0.618	0.406
zhangjiafen	1964-10-17	25.200	42.140	0.036	60.834	1.086	1.700	0.003	0.067	0.148	0.978	0.108	60.638	0.603	0.405
zhangjiafen	1964-10-18	24.700	32.856	0	58.644	1.702	2.700	0	0.066	0.147	1.530	0.171	60.509	0.593	0.404
zhangjiafen	1964-10-19	24.200	27.559	0	56.662	1.488	2.400	0	0.065	0.147	1.336	0.152	60.388	0.582	0.403
zhangjiafen	1964-10-20	23.700	24.738	0	53.790	2.497	4.100	0	0.063	0.147	2.237	0.259	60.150	0.570	0.403
zhangjiafen	1964-10-21	22.300	23.251	0	51.522	1.846	3.100	0	0.062	0.146	1.650	0.196	59.963	0.556	0.401
zhangjiafen	1964-10-22	22.300	22.444	0	49.561	1.519	2.600	0	0.061	0.146	1.355	0.164	59.799	0.545	0.400
zhangjiafen	1964-10-23	21.800	21.974	0	47.943	1.149	2.000	0	0.059	0.145	1.023	0.126	59.664	0.535	0.399
zhangjiafen	1964-10-24	21.400	21.668	0	45.652	1.921	3.400	0	0.058	0.145	1.707	0.214	59.433	0.526	0.398
zhangjiafen	1964-10-25	21.400	21.445	0	44.293	0.886	1.600	0	0.057	0.144	0.786	0.100	59.308	0.516	0.396
zhangjiafen	1964-10-26	21.800	21.254	0	42.810	1.038	1.900	0	0.056	0.144	0.918	0.119	59.158	0.508	0.395
zhangjiafen	1964-10-27	21.800	21.088	0.529	42.364	0.432	0.800	0.035	0.056	0.144	0.382	0.050	59.072	0.503	0.394
zhangjiafen	1964-10-28	21.800	22.312	0.351	41.052	1.232	2.300	0.021	0.055	0.144	1.088	0.144	58.890	0.499	0.394
zhangjiafen	1964-10-29	21.400	22.470	0.710	40.568	0.689	1.300	0.037	0.055	0.143	0.608	0.081	58.767	0.494	0.393
zhangjiafen	1964-10-30	20.900	22.644	2.511	41.632	0.851	1.600	0.146	0.055	0.143	0.751	0.100	58.629	0.496	0.392
zhangjiafen	1964-10-31	21.400	26.751	1.016	39.277	3.130	5.900	0.059	0.055	0.142	2.762	0.368	58.222	0.495	0.391
zhangjiafen	1964-11-1	21.400	27.546	0.175	38.177	0.828	1.600	0.009	0.054	0.142	0.728	0.099	58.076	0.483	0.388
zhangjiafen	1964-11-2	20.500	26.063	0.086	37.010	0.817	1.600	0.005	0.053	0.141	0.718	0.099	57.926	0.477	0.387
zhangjiafen	1964-11-3	19.600	24.178	0.051	36.269	0.302	0.600	0.002	0.052	0.141	0.265	0.037	57.834	0.472	0.386
zhangjiafen	1964-11-4	20.100	22.608	0	34.531	1.394	2.800	0	0.052	0.141	1.221	0.173	57.600	0.466	0.386
zhangjiafen	1964-11-5	19.600	21.501	0	32.663	1.557	3.200	0	0.051	0.140	1.360	0.198	57.335	0.457	0.384
zhangjiafen	1964-11-6	20.100	20.760	0	30.886	1.472	3.100	0	0.050	0.139	1.281	0.191	57.070	0.447	0.382
zhangjiafen	1964-11-7	19.200	20.264	0	29.596	0.927	2.000	0	0.049	0.139	0.804	0.123	56.865	0.437	0.380
zhangjiafen	1964-11-8	19.200	19.921	0	28.488	0.728	1.600	0	0.048	0.138	0.630	0.098	56.680	0.430	0.379
zhangjiafen	1964-11-9	19.600	19.672	0	27.246	0.894	2.000	0	0.047	0.138	0.772	0.123	56.465	0.424	0.378
zhangjiafen	1964-11-10	19.600	19.479	0.009	25.476	1.531	3.500	0	0.046	0.137	1.317	0.214	56.153	0.416	0.376
zhangjiafen	1964-11-11	19.600	19.317	0	24.260	0.893	2.100	0	0.045	0.136	0.765	0.128	55.919	0.406	0.374
zhangjiafen	1964-11-12	18.400	19.158	0	23.072	0.874	2.100	0	0.044	0.136	0.746	0.128	55.681	0.398	0.373
zhangjiafen	1964-11-13	18.400	18.996	0	21.912	0.855	2.100	0	0.043	0.135	0.727	0.128	55.437	0.390	0.371
zhangjiafen	1964-11-14	17.500	18.835	0	20.779	0.835	2.100	0	0.042	0.135	0.708	0.127	55.188	0.382	0.370
zhangjiafen	1964-11-15	17.100	18.677	0	19.674	0.816	2.100	0	0.042	0.134	0.689	0.127	54.933	0.375	0.368
zhangjiafen	1964-11-16	17.500	18.521	0	18.598	0.796	2.100	0	0.041	0.134	0.669	0.127	54.673	0.367	0.366
zhangjiafen	1964-11-17	18.400	18.366	0	17.641	0.666	1.800	0	0.040	0.133	0.558	0.108	54.426	0.359	0.364
zhangjiafen	1964-11-18	18.800	18.212	0.004	16.713	0.651	1.800	0	0.039	0.132	0.542	0.108	54.175	0.351	0.363
zhangjiafen	1964-11-19	19.200	18.059	0	15.803	0.635	1.800	0	0.038	0.132	0.527	0.108	53.918	0.344	0.361
zhangjiafen	1964-11-20	19.200	17.909	0	14.917	0.620	1.800	0	0.037	0.131	0.512	0.108	53.656	0.336	0.359
zhangjiafen	1964-11-21	19.200	17.759	0	13.891	0.805	2.400	0	0.036	0.130	0.662	0.143	53.353	0.328	0.358
zhangjiafen	1964-11-22	18.400	17.608	0	12.899	0.780	2.400	0	0.035	0.130	0.637	0.143	53.044	0.319	0.356
zhangjiafen	1964-11-23	18.400	17.451	0	11.943	0.755	2.400	0	0.034	0.129	0.613	0.142	52.729	0.309	0.354
zhangjiafen	1964-11-24	18.400	17.286	0	11.241	0.457	1.500	0	0.033	0.128	0.368	0.089	52.460	0.300	0.352
zhangjiafen	1964-11-25	18.000	17.113	0	10.560	0.445	1.500	0	0.032	0.128	0.356	0.088	52.186	0.292	0.350
zhangjiafen	1964-11-26	18.000	16.941	0	9.899	0.433	1.500	0	0.032	0.127	0.345	0.088	51.908	0.284	0.348
zhangjiafen	1964-11-27	18.000	16.772	0.031	9.466	0.197	0.700	0.001	0.031	0.126	0.156	0.041	51.672	0.277	0.346
zhangjiafen	1964-11-28	18.000	16.625	0	9.013	0.193	0.700	0	0.030	0.126	0.152	0.041	51.432	0.271	0.344
zhangjiafen	1964-11-29	18.000	16.472	0	8.256	0.591	2.200	0	0.029	0.125	0.463	0.128	51.100	0.265	0.343
zhangjiafen	1964-11-30	17.500	16.317	0	7.532	0.569	2.200	0	0.028	0.124	0.441	0.128	50.762	0.254	0.341
zhangjiafen	1964-12-1	15.400	16.156	0	7.032	0.299	1.200	0	0.027	0.123	0.229	0.070	50.475	0.244	0.338
zhangjiafen	1964-12-2	15.000	15.986	0	6.549	0.290	1.200	0	0.026	0.123	0.220	0.069	50.183	0.236	0.336
zhangjiafen	1964-12-3	15.000	15.813	0	6.083	0.281	1.200	0	0.025	0.122	0.212	0.069	49.885	0.228	0.335
zhangjiafen	1964-12-4	14.600	15.641	0.001	5.637	0.272	1.200	0	0.024	0.121	0.203	0.069	49.583	0.220	0.333
zhangjiafen	1964-12-5	15.400	15.470	0	5.207	0.263	1.200	0	0.024	0.121	0.194	0.069	49.275	0.212	0.331
zhangjiafen	1964-12-6	13.800	15.298	0	4.795	0.254	1.200	0	0.023	0.120	0.185	0.069	48.962	0.204	0.329
zhangjiafen	1964-12-7	14.200	15.124	0	4.401	0.245	1.200	0	0.022	0.119	0.177	0.068	48.644	0.195	0.326
zhangjiafen	1964-12-8	15.000	14.948	0	4.025	0.236	1.200	0	0.021	0.118	0.168	0.068	48.320	0.187	0.324
zhangjiafen	1964-12-9	15.400	14.769	0	3.668	0.227	1.200	0	0.020	0.118	0.160	0.068	47.991	0.178	0.322
zhangjiafen	1964-12-10	15.400	14.588	0	3.327	0.219	1.200	0	0.019	0.117	0.151	0.068	47.656	0.170	0.320
zhangjiafen	1964-12-11	13.000	14.405	0	3.005	0.210	1.200	0	0.018	0.116	0.143	0.067	47.317	0.162	0.318
zhangjiafen	1964-12-12	11.400	14.218	0	2.699	0.202	1.200	0	0.017	0.115	0.135	0.067	46.973	0.154	0.315
zhangjiafen	1964-12-13	13.900	14.030	0	2.411	0.194	1.200	0	0.016	0.114	0.127	0.067	46.624	0.145	0.313
zhangjiafen	1964-12-14	13.600	13.840	0	2.140	0.186	1.200	0	0.015	0.113	0.119	0.067	46.270	0.137	0.311
zhangjiafen	1964-12-15	13.900	13.649	0	1.886	0.177	1.200	0	0.014	0.113	0.111	0.066	45.911	0.129	0.308
zhangjiafen	1964-12-16	14.000	13.457	0.054	1.692	0.174	1.200	0	0.014	0.112	0.108	0.066	45.554	0.126	0.306
zhangjiafen	1964-12-17	14.300	13.264	0	1.457	0.168	1.200	0	0.013	0.111	0.102	0.066	45.193	0.120	0.304
zhangjiafen	1964-12-18	13.100	13.074	0	1.244	0.158	1.200	0	0.012	0.110	0.092	0.066	44.825	0.109	0.301
zhangjiafen	1964-12-19	13.900	12.888	0	1.054	0.147	1.200	0	0.011	0.109	0.082	0.065	44.449	0.097	0.299
zhangjiafen	1964-12-20	13.500	12.703	0	0.883	0.139	1.200	0	0.010	0.108	0.074	0.065	44.067	0.088	0.296
zhangjiafen	1964-12-21	13.800	12.515	0	0.729	0.131	1.200	0	0.009	0.107	0.066	0.065	43.680	0.079	0.294
zhangjiafen	1964-12-22	13.900	12.322	0.005	0.595	0.124	1.200	0	0.008	0.106	0.059	0.065	43.289	0.071	0.291
zhangjiafen	1964-12-23	14.600	12.123	0.169	0.617	0.127	1.200	0	0.008	0.105	0.063	0.064	42.907	0.076	0.289
zhangjiafen	1964-12-24	14.300	11.927	0	0.477	0.124	1.200	0	0.008	0.105	0.060	0.064	42.525	0.072	0.286
zhangjiafen	1964-12-25	14.300	11.742	0	0.362	0.113	1.200	0	0.007	0.104	0.049	0.064	42.134	0.060	0.283
zhangjiafen	1964-12-26	14.300	11.571	0.340	0.568	0.120	1.200	0	0.008	0.103	0.057	0.063	41.756	0.069	0.281
zhangjiafen	1964-12-27	14.900	11.424	0.779	1.156	0.144	1.200	0.001	0.011	0.102	0.081	0.063	41.411	0.098	0.278
zhangjiafen	1964-12-28	15.000	11.349	0.256	1.191	0.157	1.200	0.001	0.013	0.101	0.095	0.063	41.084	0.113	0.276
zhangjiafen	1964-12-29	14.700	11.349	0.300	1.265	0.159	1.200	0.001	0.013	0.100	0.097	0.063	40.763	0.116	0.274
zhangjiafen	1964-12-30	14.000	11.399	0.015	1.061	0.156	1.200	0	0.012	0.099	0.094	0.062	40.442	0.112	0.272
zhangjiafen	1964-12-31	14.000	11.433	0	0.863	0.147	1.200	0	0.011	0.099	0.085	0.062	40.113	0.102	0.270
