zhangjiafen	1965-1-1	14.000	8.083	0.033	6.183	0.156	1.000	0	0.015	0.073	0.111	0.045	29.815	0.132	0.200
zhangjiafen	1965-1-2	12.800	8.083	0.025	5.952	0.154	1.000	0	0.015	0.072	0.110	0.045	29.633	0.131	0.199
zhangjiafen	1965-1-3	11.100	9.818	0	5.708	0.150	1.000	0	0.014	0.072	0.105	0.044	29.440	0.125	0.198
zhangjiafen	1965-1-4	9.600	11.248	0	5.473	0.145	1.000	0	0.013	0.072	0.101	0.044	29.252	0.120	0.196
zhangjiafen	1965-1-5	11.700	11.827	0	5.251	0.141	1.000	0	0.013	0.071	0.096	0.044	29.050	0.115	0.195
zhangjiafen	1965-1-6	11.300	11.675	0	5.037	0.136	1.000	0	0.012	0.071	0.092	0.044	28.848	0.109	0.194
zhangjiafen	1965-1-7	9.130	11.147	0.055	4.874	0.137	1.000	0.001	0.012	0.070	0.093	0.044	28.655	0.112	0.192
zhangjiafen	1965-1-8	9.440	10.531	0	4.659	0.135	1.000	0	0.012	0.070	0.091	0.044	28.469	0.111	0.191
zhangjiafen	1965-1-9	8.950	9.974	0	4.454	0.131	1.000	0	0.012	0.069	0.087	0.044	28.270	0.106	0.190
zhangjiafen	1965-1-10	6.580	9.519	0	4.257	0.128	1.000	0	0.011	0.069	0.084	0.043	28.064	0.102	0.188
zhangjiafen	1965-1-11	6.040	9.167	0	4.057	0.137	1.100	0	0.011	0.069	0.090	0.048	27.870	0.099	0.187
zhangjiafen	1965-1-12	6.760	8.900	0	3.864	0.134	1.100	0	0.011	0.069	0.087	0.047	27.658	0.096	0.186
zhangjiafen	1965-1-13	8.000	8.698	0	3.677	0.131	1.100	0	0.010	0.069	0.084	0.047	27.446	0.093	0.184
zhangjiafen	1965-1-14	9.330	8.545	0	3.495	0.128	1.100	0	0.010	0.069	0.081	0.047	27.247	0.091	0.183
zhangjiafen	1965-1-15	10.700	8.426	0	3.318	0.125	1.100	0	0.010	0.069	0.079	0.047	27.029	0.088	0.182
zhangjiafen	1965-1-16	9.640	8.332	0.014	3.155	0.125	1.100	0	0.010	0.069	0.078	0.047	26.831	0.089	0.180
zhangjiafen	1965-1-17	11.600	8.260	0	2.983	0.122	1.100	0	0.010	0.069	0.076	0.046	26.614	0.086	0.179
zhangjiafen	1965-1-18	11.700	8.201	0	2.823	0.117	1.100	0	0.009	0.069	0.071	0.046	26.414	0.080	0.177
zhangjiafen	1965-1-19	11.100	8.143	0	2.668	0.114	1.100	0	0.009	0.069	0.068	0.046	26.189	0.078	0.176
zhangjiafen	1965-1-20	11.400	8.085	0	2.519	0.112	1.100	0	0.008	0.069	0.066	0.046	25.984	0.075	0.175
zhangjiafen	1965-1-21	10.400	8.028	0	2.353	0.148	1.500	0	0.008	0.069	0.086	0.062	25.743	0.072	0.173
zhangjiafen	1965-1-22	9.430	7.972	0	2.195	0.144	1.500	0	0.008	0.069	0.082	0.062	25.521	0.069	0.172
zhangjiafen	1965-1-23	11.000	7.918	0	2.045	0.139	1.500	0	0.007	0.069	0.077	0.062	25.276	0.065	0.170
zhangjiafen	1965-1-24	10.600	7.865	0	1.903	0.135	1.500	0	0.007	0.069	0.073	0.061	25.045	0.062	0.169
zhangjiafen	1965-1-25	9.440	7.811	0	1.769	0.130	1.500	0	0.006	0.068	0.069	0.061	24.801	0.058	0.167
zhangjiafen	1965-1-26	10.000	7.757	0	1.646	0.124	1.500	0	0.006	0.068	0.063	0.061	24.567	0.054	0.165
zhangjiafen	1965-1-27	11.300	7.701	0	1.530	0.121	1.500	0	0.006	0.068	0.060	0.061	24.316	0.051	0.164
zhangjiafen	1965-1-28	11.400	7.645	0	1.418	0.117	1.500	0	0.005	0.068	0.057	0.060	24.082	0.049	0.162
zhangjiafen	1965-1-29	12.600	7.592	0	1.312	0.114	1.500	0	0.005	0.068	0.054	0.060	23.838	0.047	0.161
zhangjiafen	1965-1-30	12.100	7.542	0	1.211	0.111	1.500	0	0.005	0.068	0.052	0.060	23.589	0.045	0.159
zhangjiafen	1965-1-31	10.200	7.495	0	1.115	0.108	1.500	0	0.005	0.068	0.049	0.059	23.352	0.042	0.157
zhangjiafen	1965-2-1	8.670	7.452	0	1.031	0.091	1.300	0	0.004	0.068	0.040	0.051	23.118	0.040	0.156
zhangjiafen	1965-2-2	8.470	7.412	0	0.951	0.088	1.300	0	0.004	0.068	0.038	0.051	22.884	0.038	0.154
zhangjiafen	1965-2-3	8.890	7.374	0	0.876	0.086	1.300	0	0.004	0.068	0.035	0.051	22.648	0.036	0.153
zhangjiafen	1965-2-4	9.100	7.338	0	0.807	0.083	1.300	0	0.004	0.068	0.033	0.050	22.415	0.033	0.151
zhangjiafen	1965-2-5	10.400	7.303	0	0.743	0.080	1.300	0	0.003	0.068	0.030	0.050	22.174	0.031	0.149
zhangjiafen	1965-2-6	11.700	7.268	0	0.684	0.077	1.300	0	0.003	0.068	0.028	0.050	21.937	0.028	0.148
zhangjiafen	1965-2-7	13.800	7.234	0	0.628	0.076	1.300	0	0.003	0.068	0.026	0.050	21.700	0.027	0.146
zhangjiafen	1965-2-8	14.500	7.201	0	0.576	0.074	1.300	0	0.003	0.068	0.025	0.049	21.464	0.025	0.145
zhangjiafen	1965-2-9	13.800	7.171	0	0.526	0.072	1.300	0	0.003	0.068	0.023	0.049	21.224	0.024	0.143
zhangjiafen	1965-2-10	14.200	7.143	0	0.479	0.070	1.300	0	0.002	0.068	0.022	0.049	20.992	0.022	0.142
zhangjiafen	1965-2-11	14.700	7.117	0	0.436	0.069	1.300	0	0.002	0.068	0.020	0.048	20.756	0.021	0.140
zhangjiafen	1965-2-12	16.100	7.093	0.083	0.455	0.077	1.300	0	0.003	0.068	0.029	0.048	20.531	0.031	0.138
zhangjiafen	1965-2-13	18.600	7.080	0	0.392	0.077	1.300	0	0.003	0.068	0.029	0.048	20.311	0.031	0.137
zhangjiafen	1965-2-14	14.700	7.082	0	0.348	0.068	1.300	0	0.002	0.068	0.020	0.048	20.083	0.021	0.135
zhangjiafen	1965-2-15	14.500	7.085	0	0.312	0.064	1.300	0	0.002	0.068	0.017	0.047	19.851	0.018	0.134
zhangjiafen	1965-2-16	14.200	7.078	0.053	0.319	0.068	1.300	0	0.002	0.068	0.021	0.047	19.626	0.022	0.132
zhangjiafen	1965-2-17	13.400	7.058	0.060	0.313	0.077	1.300	0	0.004	0.068	0.030	0.047	19.415	0.033	0.131
zhangjiafen	1965-2-18	12.600	7.042	0.440	0.627	0.102	1.300	0	0.007	0.068	0.056	0.047	19.232	0.062	0.129
zhangjiafen	1965-2-19	13.700	7.093	0.288	0.751	0.120	1.300	0	0.009	0.068	0.074	0.046	19.072	0.082	0.128
zhangjiafen	1965-2-20	14.600	7.203	0.072	0.655	0.121	1.300	0	0.009	0.068	0.075	0.046	18.915	0.083	0.127
zhangjiafen	1965-2-21	12.900	7.333	0.001	0.476	0.164	1.900	0	0.008	0.067	0.097	0.067	18.728	0.074	0.126
zhangjiafen	1965-2-22	11.500	7.439	0	0.335	0.144	1.900	0	0.007	0.067	0.077	0.067	18.528	0.059	0.125
zhangjiafen	1965-2-23	11.700	7.493	0	0.233	0.122	1.900	0	0.005	0.067	0.056	0.066	18.313	0.043	0.124
zhangjiafen	1965-2-24	12.900	7.486	0.112	0.251	0.117	1.900	0	0.004	0.067	0.051	0.066	18.097	0.039	0.122
zhangjiafen	1965-2-25	12.500	7.437	0.077	0.234	0.117	1.900	0	0.004	0.067	0.052	0.066	17.883	0.040	0.121
zhangjiafen	1965-2-26	11.600	7.373	0	0.155	0.108	1.900	0	0.004	0.067	0.043	0.065	17.664	0.033	0.119
zhangjiafen	1965-2-27	11.600	7.304	0	0.108	0.091	1.900	0	0.002	0.067	0.026	0.065	17.434	0.020	0.118
zhangjiafen	1965-2-28	12.900	7.230	0	0.080	0.080	1.900	0	0.001	0.067	0.016	0.064	17.198	0.012	0.116
zhangjiafen	1965-3-1	11.700	7.150	0	0.060	0.108	2.800	0	0.001	0.067	0.013	0.094	16.928	0.007	0.115
zhangjiafen	1965-3-2	12.600	7.069	0	0.049	0.101	2.800	0	0	0.067	0.008	0.094	16.658	0.004	0.113
zhangjiafen	1965-3-3	12.600	6.994	0	0.040	0.099	2.800	0	0	0.067	0.006	0.093	16.390	0.003	0.111
zhangjiafen	1965-3-4	11.400	6.929	0	0.032	0.097	2.800	0	0	0.067	0.005	0.092	16.124	0.002	0.109
zhangjiafen	1965-3-5	10.000	6.876	0	0.027	0.095	2.800	0	0	0.067	0.004	0.091	15.860	0.002	0.107
zhangjiafen	1965-3-6	9.720	6.835	0	0.022	0.094	2.800	0	0	0.067	0.003	0.091	15.598	0.002	0.106
zhangjiafen	1965-3-7	9.300	6.804	0	0.018	0.092	2.800	0	0	0.067	0.003	0.090	15.338	0.001	0.104
zhangjiafen	1965-3-8	9.720	6.781	0.037	0.028	0.106	2.800	0	0.001	0.067	0.017	0.089	15.088	0.009	0.102
zhangjiafen	1965-3-9	10.300	6.769	0	0.013	0.102	2.800	0	0.001	0.067	0.014	0.088	14.839	0.007	0.101
zhangjiafen	1965-3-10	11.200	6.767	0	0.010	0.090	2.800	0	0	0.067	0.002	0.088	14.587	0.001	0.099
zhangjiafen	1965-3-11	11.800	6.766	0	0.007	0.126	4.000	0	0	0.067	0.002	0.124	14.299	0.001	0.097
zhangjiafen	1965-3-12	12.200	6.762	0	0.006	0.124	4.000	0	0	0.067	0.001	0.123	14.015	0	0.095
zhangjiafen	1965-3-13	13.200	6.754	0	0.004	0.122	4.000	0	0	0.067	0.001	0.122	13.733	0	0.093
zhangjiafen	1965-3-14	14.200	6.744	0	0.003	0.121	4.000	0	0	0.067	0.001	0.120	13.454	0	0.092
zhangjiafen	1965-3-15	14.000	6.735	0	0.003	0.120	4.000	0	0	0.067	0.001	0.119	13.178	0	0.090
zhangjiafen	1965-3-16	12.900	6.727	0	0.002	0.118	4.000	0	0	0.067	0	0.118	12.906	0	0.088
zhangjiafen	1965-3-17	13.300	6.721	0	0.002	0.117	4.000	0	0	0.067	0	0.117	12.636	0	0.086
zhangjiafen	1965-3-18	14.000	6.716	0	0.002	0.115	4.000	0	0	0.067	0	0.115	12.369	0	0.084
zhangjiafen	1965-3-19	13.600	6.713	0	0.002	0.114	4.000	0	0	0.067	0	0.114	12.106	0	0.082
zhangjiafen	1965-3-20	13.600	6.711	0	0.002	0.113	4.000	0	0	0.067	0	0.113	11.845	0	0.081
zhangjiafen	1965-3-21	14.000	6.709	0	0.002	0.123	4.400	0	0	0.067	0	0.123	11.576	0	0.079
zhangjiafen	1965-3-22	14.400	6.708	0	0.002	0.124	4.500	0	0	0.067	0	0.124	11.307	0	0.077
zhangjiafen	1965-3-23	14.400	6.707	0	0.002	0.128	4.700	0	0	0.067	0	0.128	11.036	0	0.075
zhangjiafen	1965-3-24	14.400	6.706	0	0.002	0.118	4.400	0	0	0.067	0	0.118	10.779	0	0.074
zhangjiafen	1965-3-25	13.600	6.705	0	0.002	0.117	4.400	0	0	0.067	0	0.117	10.521	0	0.072
zhangjiafen	1965-3-26	12.600	6.705	0	0.002	0.116	4.400	0	0	0.067	0	0.116	10.270	0	0.070
zhangjiafen	1965-3-27	12.100	6.705	0.055	0.023	0.139	4.400	0	0.001	0.067	0.025	0.114	10.027	0.008	0.068
zhangjiafen	1965-3-28	12.100	6.706	0	0.006	0.126	4.400	0	0	0.067	0.013	0.113	9.785	0.004	0.067
zhangjiafen	1965-3-29	12.400	6.708	0	0.002	0.121	4.600	0	0	0.067	0.004	0.116	9.537	0.001	0.065
zhangjiafen	1965-3-30	12.800	6.710	0	0.002	0.111	4.400	0	0	0.067	0.001	0.110	9.297	0	0.064
zhangjiafen	1965-3-31	13.000	6.713	0	0.002	0.044	1.800	0	0	0.067	0	0.044	9.123	0	0.062
zhangjiafen	1965-4-1	13.500	6.716	0	0.002	0.112	4.600	0	0	0.067	0	0.112	8.883	0	0.061
zhangjiafen	1965-4-2	12.900	6.717	0	0.002	0.096	4.000	0	0	0.067	0	0.096	8.660	0	0.059
zhangjiafen	1965-4-3	13.100	6.717	0.610	0.477	0.117	1.900	0	0.006	0.067	0.072	0.045	8.546	0.056	0.058
zhangjiafen	1965-4-4	13.100	6.764	0.011	0.213	0.305	4.300	0	0.008	0.067	0.203	0.102	8.390	0.069	0.057
zhangjiafen	1965-4-5	12.300	6.863	0	0.067	0.195	3.800	0	0.005	0.067	0.106	0.089	8.219	0.041	0.056
zhangjiafen	1965-4-6	12.500	6.961	0	0.006	0.183	5.300	0	0.002	0.067	0.060	0.123	7.991	0.017	0.055
zhangjiafen	1965-4-7	12.600	7.022	0.244	0.145	0.160	3.800	0	0.003	0.067	0.073	0.087	7.813	0.029	0.053
zhangjiafen	1965-4-8	12.600	7.045	0	0.053	0.221	5.900	0	0.002	0.067	0.088	0.133	7.582	0.022	0.052
zhangjiafen	1965-4-9	12.700	7.036	0	0.024	0.142	5.300	0	0.001	0.067	0.024	0.118	7.353	0.007	0.051
zhangjiafen	1965-4-10	12.900	7.008	0	0.008	0.154	6.400	0	0	0.067	0.014	0.140	7.100	0.003	0.049
zhangjiafen	1965-4-11	12.600	6.971	0	0.004	0.135	6.100	0	0	0.067	0.004	0.131	6.855	0.001	0.047
zhangjiafen	1965-4-12	11.800	6.927	0	0.004	0.104	4.900	0	0	0.067	0	0.103	6.639	0	0.046
zhangjiafen	1965-4-13	11.800	6.880	0.182	0.070	0.222	5.900	0	0.003	0.067	0.099	0.123	6.430	0.025	0.044
zhangjiafen	1965-4-14	11.500	6.856	0	0.029	0.145	5.200	0	0.001	0.067	0.039	0.106	6.225	0.011	0.043
zhangjiafen	1965-4-15	12.200	6.848	0.053	0.026	0.150	5.200	0	0.001	0.067	0.045	0.105	6.025	0.013	0.041
zhangjiafen	1965-4-16	11.500	6.867	0.486	0.326	0.208	3.900	0	0.006	0.067	0.131	0.077	5.890	0.050	0.040
zhangjiafen	1965-4-17	11.800	6.923	3.714	3.514	0.430	3.500	0.004	0.016	0.067	0.361	0.068	5.860	0.145	0.039
zhangjiafen	1965-4-18	11.800	7.171	0.158	3.083	0.443	2.900	0.001	0.020	0.067	0.386	0.057	5.879	0.182	0.039
zhangjiafen	1965-4-19	11.800	7.519	0	2.501	0.456	3.200	0	0.019	0.067	0.394	0.063	5.880	0.170	0.039
zhangjiafen	1965-4-20	11.500	7.844	0.240	2.397	0.198	1.500	0.002	0.017	0.067	0.169	0.029	5.901	0.157	0.039
zhangjiafen	1965-4-21	11.500	8.106	1.804	3.699	0.349	2.400	0.009	0.019	0.067	0.302	0.047	5.920	0.172	0.039
zhangjiafen	1965-4-22	12.200	8.537	0.700	3.990	0.223	1.400	0.003	0.021	0.066	0.196	0.027	5.976	0.189	0.039
zhangjiafen	1965-4-23	12.600	8.787	0.099	3.197	0.779	4.900	0.001	0.021	0.066	0.683	0.097	5.962	0.188	0.040
zhangjiafen	1965-4-24	12.600	8.843	0	2.354	0.765	5.400	0	0.019	0.067	0.659	0.106	5.916	0.167	0.040
zhangjiafen	1965-4-25	11.800	8.824	0	1.383	0.981	8.100	0	0.016	0.067	0.822	0.159	5.792	0.141	0.039
zhangjiafen	1965-4-26	11.800	8.758	0.125	0.876	0.649	6.800	0	0.012	0.067	0.517	0.132	5.662	0.108	0.039
zhangjiafen	1965-4-27	11.500	8.638	4.673	5.243	0.117	0.800	0.010	0.019	0.067	0.102	0.015	5.717	0.175	0.038
zhangjiafen	1965-4-28	12.600	8.768	1.774	6.318	0.474	2.400	0.012	0.026	0.064	0.427	0.046	5.803	0.234	0.038
zhangjiafen	1965-4-29	12.600	8.898	4.828	10.680	0.117	0.500	0.057	0.030	0.045	0.107	0.010	5.980	0.271	0.039
zhangjiafen	1965-4-30	12.200	9.651	1.562	11.388	0.529	2.000	0.029	0.034	0.027	0.490	0.040	6.175	0.302	0.040
zhangjiafen	1965-5-1	12.600	9.920	0.209	10.523	0.795	3.000	0.004	0.034	0.028	0.734	0.060	6.348	0.302	0.041
zhangjiafen	1965-5-2	12.200	9.622	0.063	9.070	1.295	5.100	0.001	0.032	0.035	1.191	0.104	6.458	0.291	0.042
zhangjiafen	1965-5-3	11.800	9.103	0.429	8.373	0.887	3.700	0.008	0.031	0.044	0.811	0.076	6.571	0.277	0.043
zhangjiafen	1965-5-4	11.100	8.704	0.847	8.309	0.656	2.800	0.012	0.030	0.047	0.598	0.058	6.693	0.271	0.044
zhangjiafen	1965-5-5	11.100	8.694	1.370	8.601	0.829	3.500	0.019	0.030	0.047	0.755	0.073	6.802	0.274	0.045
zhangjiafen	1965-5-6	11.100	8.577	0.053	7.257	1.207	5.200	0.001	0.030	0.049	1.097	0.110	6.866	0.269	0.045
zhangjiafen	1965-5-7	10.800	8.482	0.004	5.561	1.580	7.400	0	0.028	0.060	1.423	0.157	6.853	0.249	0.046
zhangjiafen	1965-5-8	10.100	8.488	0	3.910	1.583	8.400	0	0.025	0.065	1.405	0.178	6.787	0.222	0.046
zhangjiafen	1965-5-9	9.380	8.587	0	2.628	1.233	7.700	0	0.021	0.066	1.071	0.163	6.702	0.189	0.045
zhangjiafen	1965-5-10	8.000	8.721	0	1.604	1.012	7.600	0	0.017	0.067	0.853	0.159	6.587	0.156	0.045
zhangjiafen	1965-5-11	7.660	8.804	0.156	0.996	0.773	7.100	0	0.014	0.067	0.625	0.148	6.453	0.125	0.044
zhangjiafen	1965-5-12	7.320	8.786	1.878	2.420	0.362	3.100	0.005	0.015	0.067	0.299	0.064	6.415	0.136	0.043
zhangjiafen	1965-5-13	8.000	8.801	0.203	1.603	1.012	7.800	0.001	0.017	0.067	0.852	0.160	6.298	0.152	0.043
zhangjiafen	1965-5-14	7.660	8.804	0	0.937	0.669	6.400	0	0.013	0.067	0.539	0.130	6.178	0.119	0.042
zhangjiafen	1965-5-15	6.970	8.732	0	0.289	0.781	9.800	0	0.010	0.067	0.583	0.197	5.958	0.086	0.041
zhangjiafen	1965-5-16	6.620	8.571	0	0.091	0.327	7.300	0	0.004	0.067	0.182	0.144	5.744	0.037	0.040
zhangjiafen	1965-5-17	5.240	8.303	0	0.029	0.202	7.300	0	0.001	0.067	0.061	0.141	5.509	0.012	0.038
zhangjiafen	1965-5-18	5.240	7.978	0.095	0.033	0.247	8.200	0	0.002	0.067	0.091	0.156	5.266	0.017	0.037
zhangjiafen	1965-5-19	5.240	7.662	0.241	0.028	0.536	13.100	0	0.004	0.067	0.293	0.243	4.954	0.033	0.035
zhangjiafen	1965-5-20	4.560	7.422	0	0.002	0.205	9.700	0	0.001	0.067	0.031	0.174	4.685	0.005	0.033
zhangjiafen	1965-5-21	3.880	7.230	0	0	0.171	9.600	0	0	0.067	0.003	0.168	4.419	0	0.031
zhangjiafen	1965-5-22	3.540	7.083	0.009	0	0.176	9.700	0	0	0.067	0.012	0.164	4.160	0.002	0.029
zhangjiafen	1965-5-23	3.540	6.976	0.095	0.031	0.128	4.800	0	0.002	0.067	0.049	0.079	4.002	0.015	0.028
zhangjiafen	1965-5-24	3.540	6.911	0	0.001	0.182	8.900	0	0.001	0.067	0.039	0.143	3.771	0.006	0.027
zhangjiafen	1965-5-25	3.540	6.868	0	0	0.140	8.900	0	0	0.067	0.001	0.139	3.540	0	0.025
zhangjiafen	1965-5-26	3.880	6.835	0	0	0.127	8.400	0	0	0.067	0	0.127	3.323	0	0.024
zhangjiafen	1965-5-27	4.560	6.807	0.465	0.178	0.381	8.900	0	0.005	0.067	0.251	0.130	3.145	0.042	0.022
zhangjiafen	1965-5-28	4.220	6.835	0.023	0.017	0.323	9.000	0	0.004	0.067	0.195	0.128	2.961	0.032	0.021
zhangjiafen	1965-5-29	4.560	6.881	0.074	0.004	0.243	9.600	0	0.002	0.067	0.111	0.132	2.759	0.017	0.020
zhangjiafen	1965-5-30	4.220	6.903	0.107	0.002	0.269	9.900	0	0.002	0.067	0.137	0.131	2.563	0.021	0.018
zhangjiafen	1965-5-31	4.900	6.913	6.182	4.979	1.136	8.700	0	0.018	0.066	1.025	0.111	2.531	0.162	0.017
zhangjiafen	1965-6-1	4.900	7.040	0.351	3.813	1.397	8.400	0.001	0.023	0.059	1.291	0.107	2.552	0.204	0.017
zhangjiafen	1965-6-2	8.000	7.314	0	2.573	1.147	8.000	0	0.020	0.064	1.045	0.102	2.546	0.177	0.017
zhangjiafen	1965-6-3	8.700	7.576	0.014	1.465	1.111	9.700	0	0.016	0.066	0.987	0.124	2.480	0.140	0.017
zhangjiafen	1965-6-4	8.000	7.744	0.813	1.493	0.746	7.500	0.002	0.014	0.066	0.651	0.095	2.425	0.122	0.017
zhangjiafen	1965-6-5	7.660	7.831	0.428	1.234	0.638	6.600	0.002	0.013	0.067	0.556	0.082	2.378	0.119	0.016
zhangjiafen	1965-6-6	8.000	7.906	0.411	0.959	0.655	7.200	0	0.012	0.067	0.566	0.089	2.319	0.112	0.016
zhangjiafen	1965-6-7	10.100	8.016	0.552	0.792	0.719	8.600	0.001	0.011	0.067	0.614	0.105	2.234	0.102	0.015
zhangjiafen	1965-6-8	8.700	8.132	1.112	1.504	0.320	3.600	0.002	0.012	0.067	0.277	0.043	2.219	0.110	0.015
zhangjiafen	1965-6-9	8.350	8.190	1.538	2.330	0.605	5.200	0.005	0.016	0.067	0.544	0.062	2.222	0.147	0.015
zhangjiafen	1965-6-10	8.700	8.252	9.120	10.643	0.522	2.600	0.042	0.027	0.060	0.491	0.031	2.362	0.246	0.015
zhangjiafen	1965-6-11	12.200	8.778	12.389	22.239	0.185	0.600	0.228	0.039	0.008	0.178	0.007	2.679	0.349	0.016
zhangjiafen	1965-6-12	20.900	12.161	0.222	20.395	1.693	4.800	0.008	0.043	0.007	1.630	0.063	2.976	0.385	0.018
zhangjiafen	1965-6-13	20.000	13.449	1.919	20.306	1.591	4.600	0.061	0.042	0.008	1.527	0.064	3.263	0.379	0.020
zhangjiafen	1965-6-14	17.900	12.989	5.406	24.345	0.795	2.200	0.170	0.044	0.008	0.763	0.032	3.592	0.392	0.022
zhangjiafen	1965-6-15	15.000	14.097	0.539	22.840	1.645	4.400	0.021	0.045	0.009	1.578	0.068	3.893	0.401	0.024
zhangjiafen	1965-6-16	15.400	13.883	5.221	26.465	0.990	2.600	0.195	0.045	0.010	0.949	0.042	4.223	0.407	0.026
zhangjiafen	1965-6-17	14.600	14.776	0	22.615	3.547	9.200	0	0.046	0.010	3.394	0.153	4.441	0.410	0.028
zhangjiafen	1965-6-18	13.800	14.507	2.151	22.252	2.093	5.700	0.081	0.044	0.011	1.996	0.098	4.697	0.394	0.030
zhangjiafen	1965-6-19	12.600	13.744	1.372	21.419	1.811	5.000	0.050	0.043	0.012	1.723	0.088	4.954	0.389	0.031
zhangjiafen	1965-6-20	14.000	12.974	1.382	20.501	1.922	5.400	0.049	0.043	0.013	1.825	0.098	5.194	0.384	0.033
zhangjiafen	1965-6-21	15.800	12.500	0.332	17.775	2.783	8.100	0.012	0.041	0.015	2.633	0.150	5.368	0.373	0.035
zhangjiafen	1965-6-22	14.600	11.708	0.034	14.861	2.716	8.500	0.001	0.039	0.017	2.556	0.160	5.506	0.352	0.036
zhangjiafen	1965-6-23	12.600	10.655	6.245	17.346	3.408	10.700	0.168	0.039	0.019	3.204	0.204	5.596	0.350	0.037
zhangjiafen	1965-6-24	11.500	11.276	0	13.721	3.457	11.100	0	0.038	0.021	3.243	0.214	5.667	0.343	0.037
zhangjiafen	1965-6-25	10.100	11.700	1.237	11.935	2.835	10.000	0.030	0.035	0.026	2.642	0.194	5.727	0.317	0.038
zhangjiafen	1965-6-26	8.700	11.405	0.123	9.499	2.411	9.300	0.003	0.033	0.032	2.230	0.181	5.769	0.293	0.038
zhangjiafen	1965-6-27	8.700	10.660	0.865	7.911	2.332	9.900	0.015	0.030	0.041	2.138	0.193	5.766	0.270	0.038
zhangjiafen	1965-6-28	9.380	9.922	1.833	8.618	0.887	3.900	0.024	0.029	0.048	0.811	0.076	5.867	0.263	0.038
zhangjiafen	1965-6-29	10.800	9.620	0.188	6.676	2.011	8.900	0.003	0.029	0.050	1.836	0.175	5.865	0.262	0.039
zhangjiafen	1965-6-30	10.100	9.466	0	4.619	1.998	10.100	0	0.026	0.058	1.799	0.199	5.801	0.232	0.039
zhangjiafen	1965-7-1	8.700	9.251	3.806	6.854	1.423	7.300	0.038	0.025	0.058	1.280	0.143	5.790	0.228	0.039
zhangjiafen	1965-7-2	9.380	9.429	15.046	19.134	2.395	8.400	0.181	0.035	0.028	2.230	0.164	5.877	0.319	0.039
zhangjiafen	1965-7-3	45.500	12.502	15.458	32.286	1.385	3.600	0.541	0.045	0.017	1.314	0.071	6.156	0.406	0.039
zhangjiafen	1965-7-4	68.600	31.566	0.265	28.534	3.701	8.800	0.008	0.049	0.016	3.523	0.177	6.359	0.437	0.041
zhangjiafen	1965-7-5	28.300	28.746	0.906	26.399	2.675	6.700	0.040	0.046	0.017	2.538	0.137	6.580	0.418	0.042
zhangjiafen	1965-7-6	19.200	22.116	17.712	39.812	3.096	7.100	0.850	0.050	0.017	2.948	0.148	6.821	0.451	0.044
zhangjiafen	1965-7-7	44.900	48.933	3.856	41.288	1.672	3.500	0.237	0.055	0.017	1.598	0.074	7.175	0.491	0.045
zhangjiafen	1965-7-8	39.000	45.297	2.361	40.462	2.604	5.400	0.152	0.055	0.018	2.486	0.118	7.485	0.494	0.048
zhangjiafen	1965-7-9	25.900	34.618	2.157	39.624	2.439	5.100	0.126	0.054	0.019	2.325	0.114	7.792	0.489	0.050
zhangjiafen	1965-7-10	23.500	27.136	0.160	36.441	2.947	6.300	0.008	0.053	0.019	2.804	0.143	8.056	0.478	0.052
zhangjiafen	1965-7-11	20.000	20.812	0.388	32.841	3.630	8.100	0.034	0.051	0.020	3.443	0.187	8.255	0.460	0.054
zhangjiafen	1965-7-12	17.100	17.530	3.275	32.539	3.095	7.100	0.151	0.050	0.021	2.929	0.166	8.461	0.448	0.055
zhangjiafen	1965-7-13	20.300	17.212	25.756	55.684	0.757	1.500	1.322	0.057	0.021	0.721	0.036	8.859	0.511	0.056
zhangjiafen	1965-7-14	108.000	65.151	0.228	52.631	2.747	4.900	0.022	0.063	0.022	2.628	0.119	9.227	0.567	0.059
zhangjiafen	1965-7-15	36.500	51.682	0.011	47.991	4.235	7.800	0.001	0.061	0.022	4.042	0.193	9.498	0.548	0.062
zhangjiafen	1965-7-16	24.000	33.115	0.341	45.432	2.403	4.600	0.026	0.058	0.023	2.288	0.115	9.822	0.526	0.063
zhangjiafen	1965-7-17	19.600	22.803	0.855	42.513	3.308	6.500	0.063	0.057	0.024	3.142	0.166	10.080	0.513	0.065
zhangjiafen	1965-7-18	22.900	18.392	21.179	58.524	3.261	6.000	1.452	0.061	0.024	3.106	0.155	10.381	0.548	0.067
zhangjiafen	1965-7-19	96.300	75.484	6.267	61.019	2.645	4.500	0.578	0.067	0.025	2.527	0.118	10.769	0.600	0.069
zhangjiafen	1965-7-20	54.000	83.411	3.329	61.757	1.727	2.900	0.267	0.068	0.026	1.649	0.077	11.201	0.608	0.072
zhangjiafen	1965-7-21	31.700	57.826	4.476	63.614	1.628	2.700	0.381	0.068	0.027	1.555	0.074	11.640	0.615	0.075
zhangjiafen	1965-7-22	27.600	48.460	18.287	75.373	3.862	6.100	1.977	0.086	0.028	3.692	0.169	12.138	0.773	0.078
zhangjiafen	1965-7-23	279.000	159.873	3.115	74.512	2.804	4.300	0.405	0.089	0.030	2.682	0.122	12.707	0.801	0.081
zhangjiafen	1965-7-24	83.800	99.984	2.211	72.729	3.106	4.800	0.254	0.077	0.031	2.967	0.139	13.147	0.695	0.085
zhangjiafen	1965-7-25	46.700	61.662	5.966	74.661	2.924	4.500	0.474	0.077	0.032	2.792	0.133	13.587	0.692	0.088
zhangjiafen	1965-7-26	42.200	47.271	0.721	72.254	2.409	3.700	0.067	0.076	0.033	2.298	0.111	14.039	0.687	0.091
zhangjiafen	1965-7-27	46.200	38.430	2.019	70.396	3.088	4.800	0.188	0.075	0.034	2.942	0.146	14.438	0.673	0.094
zhangjiafen	1965-7-28	29.900	34.223	0.730	65.647	4.919	7.800	0.075	0.073	0.035	4.679	0.241	14.719	0.653	0.096
zhangjiafen	1965-7-29	23.800	29.885	0	60.624	4.564	7.500	0	0.069	0.036	4.331	0.234	14.974	0.623	0.098
zhangjiafen	1965-7-30	20.200	23.989	0	56.466	3.695	6.300	0	0.066	0.036	3.497	0.198	15.235	0.595	0.100
zhangjiafen	1965-7-31	19.500	19.038	6.090	58.583	2.840	4.900	0.633	0.066	0.037	2.685	0.155	15.531	0.590	0.102
zhangjiafen	1965-8-1	42.100	39.840	0.008	56.896	1.098	1.900	0.001	0.066	0.038	1.037	0.061	15.919	0.590	0.104
zhangjiafen	1965-8-2	24.500	33.781	2.073	56.041	2.236	3.900	0.171	0.065	0.039	2.109	0.126	16.232	0.584	0.106
zhangjiafen	1965-8-3	18.800	27.843	0	51.962	3.658	6.500	0	0.063	0.040	3.445	0.213	16.442	0.570	0.108
zhangjiafen	1965-8-4	16.200	21.604	0	48.901	2.609	4.800	0	0.061	0.040	2.451	0.158	16.682	0.549	0.110
zhangjiafen	1965-8-5	14.300	17.169	0	45.791	2.690	5.100	0	0.059	0.041	2.521	0.169	16.892	0.531	0.111
zhangjiafen	1965-8-6	13.200	14.382	0.240	42.054	3.618	7.100	0.025	0.057	0.041	3.381	0.237	17.014	0.512	0.113
zhangjiafen	1965-8-7	12.100	13.367	0.004	38.692	3.028	6.200	0	0.055	0.042	2.821	0.208	17.143	0.491	0.113
zhangjiafen	1965-8-8	11.000	12.476	2.844	38.412	2.630	5.500	0.145	0.053	0.042	2.445	0.185	17.282	0.480	0.114
zhangjiafen	1965-8-9	10.200	13.525	15.585	50.585	1.999	3.900	0.974	0.057	0.042	1.868	0.132	17.505	0.513	0.115
zhangjiafen	1965-8-10	24.200	49.276	4.860	51.399	3.235	5.900	0.401	0.061	0.043	3.035	0.200	17.695	0.550	0.117
zhangjiafen	1965-8-11	40.400	59.514	5.724	54.069	2.176	3.900	0.391	0.062	0.043	2.043	0.133	17.960	0.559	0.118
zhangjiafen	1965-8-12	39.500	52.573	0.627	51.134	3.080	5.500	0.050	0.062	0.044	2.891	0.189	18.166	0.559	0.120
zhangjiafen	1965-8-13	30.700	39.178	0	47.582	3.152	5.800	0	0.060	0.044	2.951	0.201	18.341	0.541	0.121
zhangjiafen	1965-8-14	23.600	28.396	13.481	56.398	3.293	5.900	0.959	0.062	0.045	3.088	0.205	18.523	0.555	0.122
zhangjiafen	1965-8-15	94.500	57.910	6.340	60.010	1.586	2.700	0.584	0.065	0.045	1.492	0.094	18.848	0.588	0.123
zhangjiafen	1965-8-16	52.900	78.756	0.897	57.774	2.542	4.300	0.082	0.066	0.046	2.390	0.151	19.119	0.594	0.126
zhangjiafen	1965-8-17	31.500	50.600	2.737	57.345	2.458	4.200	0.208	0.065	0.046	2.309	0.149	19.382	0.586	0.127
zhangjiafen	1965-8-18	24.500	34.402	2.072	55.406	3.365	5.800	0.209	0.064	0.047	3.158	0.207	19.578	0.580	0.129
zhangjiafen	1965-8-19	28.000	35.325	0	52.180	2.776	4.900	0	0.063	0.048	2.600	0.176	19.788	0.564	0.131
zhangjiafen	1965-8-20	28.200	27.425	4.460	54.522	1.181	2.100	0.390	0.062	0.048	1.105	0.076	20.093	0.560	0.132
zhangjiafen	1965-8-21	70.100	34.960	0	51.535	2.528	4.500	0	0.062	0.049	2.364	0.164	20.306	0.560	0.134
zhangjiafen	1965-8-22	27.500	28.023	0	48.535	2.569	4.700	0	0.060	0.049	2.397	0.172	20.493	0.543	0.135
zhangjiafen	1965-8-23	20.800	21.375	0	45.139	3.021	5.700	0	0.058	0.050	2.812	0.209	20.623	0.526	0.137
zhangjiafen	1965-8-24	17.600	17.004	0	41.635	3.169	6.200	0	0.056	0.051	2.941	0.229	20.712	0.507	0.137
zhangjiafen	1965-8-25	15.600	14.421	0	38.862	2.412	4.900	0	0.054	0.052	2.231	0.181	20.829	0.488	0.138
zhangjiafen	1965-8-26	14.300	12.922	10.672	45.627	3.055	6.000	0.516	0.056	0.051	2.833	0.222	20.919	0.502	0.139
zhangjiafen	1965-8-27	13.700	20.658	6.071	50.298	0.433	0.800	0.408	0.059	0.051	0.403	0.030	21.230	0.530	0.139
zhangjiafen	1965-8-28	23.900	36.106	2.456	49.566	2.547	4.600	0.210	0.060	0.052	2.375	0.172	21.407	0.543	0.142
zhangjiafen	1965-8-29	29.500	43.740	0.466	46.814	2.776	5.100	0.041	0.059	0.052	2.585	0.192	21.555	0.534	0.143
zhangjiafen	1965-8-30	20.200	36.047	0	43.685	2.749	5.200	0	0.058	0.052	2.553	0.196	21.681	0.518	0.144
zhangjiafen	1965-8-31	16.200	25.380	0.560	40.989	2.871	5.600	0.038	0.056	0.053	2.659	0.212	21.775	0.503	0.145
zhangjiafen	1965-9-1	19.100	19.702	7.884	45.665	2.274	4.400	0.536	0.056	0.053	2.107	0.167	21.918	0.507	0.145
zhangjiafen	1965-9-2	39.700	37.753	0.105	41.537	3.947	7.600	0.007	0.057	0.053	3.659	0.289	21.940	0.510	0.146
zhangjiafen	1965-9-3	26.700	30.918	0.145	38.644	2.689	5.400	0.011	0.054	0.054	2.483	0.205	22.025	0.490	0.146
zhangjiafen	1965-9-4	20.800	22.901	1.407	36.931	2.712	5.600	0.091	0.053	0.054	2.498	0.213	22.088	0.477	0.147
zhangjiafen	1965-9-5	18.800	20.030	0.175	33.606	3.240	6.900	0.009	0.052	0.055	2.976	0.263	22.086	0.464	0.147
zhangjiafen	1965-9-6	17.600	17.254	0.115	30.349	3.141	7.000	0.003	0.049	0.055	2.873	0.267	22.062	0.445	0.147
zhangjiafen	1965-9-7	16.200	15.013	0.592	27.970	2.704	6.300	0.031	0.048	0.055	2.464	0.240	22.047	0.428	0.147
zhangjiafen	1965-9-8	14.300	13.893	2.393	27.310	2.720	6.500	0.115	0.047	0.056	2.472	0.248	22.015	0.419	0.147
zhangjiafen	1965-9-9	13.700	15.395	1.602	27.481	0.993	2.400	0.070	0.046	0.056	0.901	0.091	22.136	0.414	0.147
zhangjiafen	1965-9-10	18.200	16.608	1.338	26.725	1.735	4.200	0.059	0.046	0.056	1.575	0.160	22.185	0.414	0.148
zhangjiafen	1965-9-11	19.500	16.848	4.744	29.116	1.846	4.400	0.209	0.047	0.056	1.678	0.168	22.232	0.419	0.148
zhangjiafen	1965-9-12	18.200	20.061	2.734	30.310	1.035	2.400	0.120	0.048	0.056	0.943	0.092	22.365	0.429	0.148
zhangjiafen	1965-9-13	22.700	21.953	0.174	27.851	2.364	5.500	0.004	0.048	0.056	2.153	0.211	22.377	0.428	0.149
zhangjiafen	1965-9-14	21.500	20.525	5.565	31.111	1.729	4.000	0.252	0.048	0.056	1.576	0.154	22.448	0.430	0.149
zhangjiafen	1965-9-15	18.000	24.101	0.738	29.449	2.061	4.700	0.036	0.048	0.056	1.880	0.181	22.497	0.435	0.150
zhangjiafen	1965-9-16	20.200	22.263	0.410	27.082	2.511	5.900	0.022	0.047	0.057	2.284	0.227	22.487	0.424	0.150
zhangjiafen	1965-9-17	15.000	19.483	0.177	24.505	2.529	6.200	0.009	0.045	0.057	2.291	0.239	22.451	0.409	0.150
zhangjiafen	1965-9-18	13.700	17.031	0.193	22.253	2.218	5.700	0.009	0.044	0.057	1.999	0.219	22.417	0.393	0.150
zhangjiafen	1965-9-19	13.700	15.141	0	19.973	2.077	5.600	0	0.042	0.058	1.862	0.215	22.372	0.377	0.149
zhangjiafen	1965-9-20	13.200	13.679	0	18.408	1.306	3.700	0	0.040	0.058	1.164	0.142	22.384	0.361	0.149
zhangjiafen	1965-9-21	12.600	12.535	0	16.788	1.391	4.100	0	0.039	0.058	1.233	0.157	22.367	0.348	0.149
zhangjiafen	1965-9-22	13.200	11.666	0	14.989	1.620	5.000	0	0.037	0.059	1.428	0.192	22.300	0.334	0.149
zhangjiafen	1965-9-23	13.200	11.033	0	13.480	1.320	4.300	0	0.035	0.060	1.155	0.165	22.245	0.318	0.149
zhangjiafen	1965-9-24	13.200	10.584	0	11.779	1.572	5.400	0	0.034	0.061	1.365	0.207	22.132	0.303	0.148
zhangjiafen	1965-9-25	13.200	10.269	0.518	10.742	1.416	5.100	0.010	0.032	0.063	1.222	0.195	22.019	0.292	0.148
zhangjiafen	1965-9-26	12.600	10.314	0	9.304	1.319	5.000	0	0.031	0.064	1.129	0.190	21.897	0.279	0.147
zhangjiafen	1965-9-27	13.200	10.187	0	7.872	1.352	5.500	0	0.029	0.064	1.143	0.209	21.738	0.260	0.146
zhangjiafen	1965-9-28	12.600	9.972	0	6.532	1.290	5.700	0	0.027	0.065	1.075	0.216	21.552	0.239	0.145
zhangjiafen	1965-9-29	13.200	9.773	0	5.232	1.299	6.300	0	0.024	0.066	1.062	0.237	21.323	0.217	0.144
zhangjiafen	1965-9-30	13.200	9.608	0.019	4.052	1.237	6.700	0	0.021	0.066	0.986	0.251	21.056	0.193	0.142
zhangjiafen	1965-10-1	13.200	9.477	0	3.300	0.734	4.500	0	0.019	0.067	0.567	0.167	20.849	0.168	0.140
zhangjiafen	1965-10-2	12.600	9.294	0.936	3.360	0.886	5.500	0.009	0.019	0.067	0.682	0.204	20.607	0.167	0.139
zhangjiafen	1965-10-3	13.200	9.198	4.539	7.433	0.243	1.200	0.024	0.024	0.066	0.199	0.044	20.577	0.218	0.137
zhangjiafen	1965-10-4	15.000	9.809	0.584	6.968	0.906	3.900	0.008	0.028	0.065	0.763	0.143	20.483	0.251	0.137
zhangjiafen	1965-10-5	15.600	10.043	0	5.889	0.974	4.400	0	0.027	0.065	0.813	0.161	20.359	0.239	0.137
zhangjiafen	1965-10-6	14.300	9.962	0.418	5.345	0.857	4.100	0.004	0.025	0.066	0.707	0.150	20.233	0.226	0.136
zhangjiafen	1965-10-7	14.300	9.786	0	4.464	0.789	4.000	0	0.024	0.067	0.644	0.146	20.099	0.213	0.135
zhangjiafen	1965-10-8	14.300	9.619	0.005	3.699	0.691	3.800	0	0.022	0.067	0.553	0.138	19.955	0.195	0.134
zhangjiafen	1965-10-9	13.200	9.480	0	2.953	0.701	4.200	0	0.020	0.067	0.549	0.152	19.780	0.177	0.133
zhangjiafen	1965-10-10	12.600	9.331	0	2.311	0.616	4.100	0	0.017	0.067	0.469	0.148	19.590	0.157	0.132
zhangjiafen	1965-10-11	13.200	9.170	0.038	1.736	0.631	4.700	0	0.015	0.067	0.463	0.168	19.361	0.137	0.131
zhangjiafen	1965-10-12	13.200	8.991	4.874	6.186	0.234	1.300	0.019	0.022	0.067	0.188	0.046	19.313	0.195	0.129
zhangjiafen	1965-10-13	13.200	9.268	0.852	5.991	0.921	4.200	0.008	0.027	0.066	0.772	0.149	19.209	0.240	0.129
zhangjiafen	1965-10-14	12.100	9.386	0.561	5.336	1.137	5.300	0.006	0.026	0.066	0.949	0.188	19.062	0.235	0.128
zhangjiafen	1965-10-15	12.100	9.449	0.121	4.430	0.946	4.700	0.001	0.025	0.067	0.780	0.166	18.922	0.221	0.127
zhangjiafen	1965-10-16	12.600	9.496	0	3.607	0.740	4.000	0	0.022	0.067	0.599	0.141	18.790	0.202	0.126
zhangjiafen	1965-10-17	12.600	9.498	0.036	2.792	0.814	4.800	0	0.020	0.067	0.646	0.168	18.614	0.184	0.125
zhangjiafen	1965-10-18	12.600	9.422	0	2.005	0.789	5.200	0	0.018	0.067	0.607	0.182	18.403	0.162	0.124
zhangjiafen	1965-10-19	12.600	9.271	0	1.434	0.568	4.300	0	0.015	0.067	0.419	0.149	18.201	0.137	0.123
zhangjiafen	1965-10-20	12.600	9.068	0	0.994	0.448	3.900	0	0.013	0.067	0.313	0.135	17.992	0.115	0.121
zhangjiafen	1965-10-21	12.600	8.838	0	0.643	0.384	3.900	0	0.010	0.067	0.250	0.134	17.763	0.092	0.120
zhangjiafen	1965-10-22	12.600	8.596	0	0.374	0.342	4.200	0	0.008	0.067	0.199	0.143	17.503	0.069	0.118
zhangjiafen	1965-10-23	12.600	8.350	0	0.208	0.262	4.100	0	0.005	0.067	0.124	0.139	17.224	0.044	0.117
zhangjiafen	1965-10-24	12.600	8.099	0	0.114	0.205	4.000	0	0.003	0.067	0.070	0.134	16.934	0.026	0.115
zhangjiafen	1965-10-25	12.600	7.847	0	0.068	0.134	3.100	0	0.002	0.067	0.031	0.103	16.665	0.015	0.113
zhangjiafen	1965-10-26	12.600	7.610	0	0.040	0.118	3.000	0	0.001	0.067	0.019	0.099	16.397	0.009	0.111
zhangjiafen	1965-10-27	12.600	7.404	0	0.023	0.117	3.200	0	0.001	0.067	0.012	0.105	16.121	0.006	0.109
zhangjiafen	1965-10-28	12.600	7.235	0.052	0.040	0.112	2.800	0	0.001	0.067	0.021	0.091	15.867	0.011	0.107
zhangjiafen	1965-10-29	12.100	7.105	0	0.019	0.108	2.800	0	0.001	0.067	0.018	0.090	15.613	0.009	0.106
zhangjiafen	1965-10-30	12.100	7.013	0.587	0.414	0.243	3.500	0	0.006	0.067	0.131	0.112	15.386	0.055	0.104
zhangjiafen	1965-10-31	12.100	6.996	2.547	2.812	0	0	0.003	0.015	0.067	0	0	15.348	0.132	0.103
zhangjiafen	1965-11-1	12.100	7.154	0.069	2.503	0.243	1.600	0	0.019	0.067	0.192	0.051	15.294	0.167	0.102
zhangjiafen	1965-11-2	12.600	7.455	0	1.927	0.517	3.600	0	0.017	0.067	0.403	0.114	15.168	0.156	0.102
zhangjiafen	1965-11-3	12.100	7.766	0	1.463	0.412	3.200	0	0.015	0.067	0.311	0.101	15.036	0.138	0.101
zhangjiafen	1965-11-4	12.100	7.992	0	1.146	0.253	2.200	0	0.013	0.067	0.184	0.069	14.919	0.120	0.100
zhangjiafen	1965-11-5	11.500	8.105	0	0.883	0.208	2.000	0	0.012	0.067	0.146	0.062	14.795	0.105	0.099
zhangjiafen	1965-11-6	11.500	8.123	0.314	0.937	0.219	2.200	0.001	0.011	0.067	0.150	0.068	14.660	0.098	0.099
zhangjiafen	1965-11-7	11.500	8.089	1.703	2.314	0.242	2.000	0.005	0.014	0.067	0.180	0.062	14.560	0.127	0.098
zhangjiafen	1965-11-8	11.500	8.076	4.575	6.476	0.199	1.100	0.025	0.022	0.065	0.165	0.034	14.564	0.201	0.097
zhangjiafen	1965-11-9	11.500	8.298	1.420	7.342	0.308	1.400	0.018	0.027	0.058	0.264	0.043	14.610	0.244	0.097
zhangjiafen	1965-11-10	12.100	8.748	0.013	6.815	0.310	1.400	0	0.027	0.056	0.267	0.043	14.658	0.245	0.097
zhangjiafen	1965-11-11	11.500	9.177	0.166	6.565	0.173	0.800	0.002	0.027	0.059	0.148	0.025	14.716	0.239	0.098
zhangjiafen	1965-11-12	11.000	9.417	0.277	6.266	0.364	1.700	0.002	0.026	0.060	0.311	0.053	14.743	0.238	0.098
zhangjiafen	1965-11-13	11.000	9.481	0	5.478	0.624	3.000	0	0.026	0.062	0.531	0.093	14.721	0.232	0.098
zhangjiafen	1965-11-14	10.400	9.360	0	4.645	0.703	3.600	0	0.024	0.064	0.592	0.112	14.664	0.217	0.098
zhangjiafen	1965-11-15	10.400	9.179	0.014	4.103	0.400	2.200	0	0.022	0.065	0.332	0.068	14.634	0.202	0.098
zhangjiafen	1965-11-16	10.400	9.018	0	3.583	0.377	2.200	0	0.021	0.066	0.309	0.068	14.593	0.190	0.098
zhangjiafen	1965-11-17	9.860	8.905	0	3.099	0.355	2.200	0	0.020	0.067	0.287	0.068	14.538	0.177	0.097
zhangjiafen	1965-11-18	9.860	8.831	0	2.676	0.302	2.000	0	0.018	0.067	0.240	0.062	14.477	0.165	0.097
zhangjiafen	1965-11-19	10.400	8.771	0.286	2.482	0.388	2.700	0.002	0.017	0.067	0.305	0.083	14.386	0.156	0.097
zhangjiafen	1965-11-20	11.000	8.723	0	2.176	0.189	1.400	0	0.016	0.067	0.146	0.043	14.325	0.145	0.096
zhangjiafen	1965-11-21	11.000	8.669	0	1.893	0.177	1.400	0	0.015	0.067	0.134	0.043	14.253	0.134	0.095
zhangjiafen	1965-11-22	11.000	8.601	0	1.616	0.189	1.600	0	0.014	0.067	0.140	0.049	14.165	0.123	0.095
zhangjiafen	1965-11-23	11.000	8.513	0	1.351	0.197	1.800	0	0.012	0.067	0.142	0.055	14.059	0.111	0.094
zhangjiafen	1965-11-24	10.400	8.408	0	1.116	0.180	1.800	0	0.011	0.067	0.126	0.055	13.942	0.099	0.094
zhangjiafen	1965-11-25	8.750	8.288	0	0.910	0.164	1.800	0	0.010	0.067	0.110	0.054	13.815	0.087	0.093
zhangjiafen	1965-11-26	8.750	8.162	0	0.732	0.149	1.800	0	0.008	0.067	0.095	0.054	13.677	0.075	0.092
zhangjiafen	1965-11-27	8.300	8.035	0	0.580	0.135	1.800	0	0.007	0.067	0.081	0.054	13.529	0.065	0.091
zhangjiafen	1965-11-28	9.860	7.910	0	0.452	0.122	1.800	0	0.006	0.067	0.068	0.054	13.372	0.054	0.090
zhangjiafen	1965-11-29	8.300	7.789	0	0.346	0.110	1.800	0	0.005	0.067	0.056	0.053	13.208	0.045	0.089
zhangjiafen	1965-11-30	7.850	7.672	0	0.260	0.099	1.800	0	0.004	0.067	0.046	0.053	13.037	0.037	0.088
zhangjiafen	1965-12-1	7.690	7.562	0	0.185	0.104	2.100	0	0.003	0.067	0.043	0.061	12.851	0.030	0.087
zhangjiafen	1965-12-2	8.470	7.459	0	0.141	0.053	1.200	0	0.003	0.067	0.019	0.035	12.686	0.023	0.086
zhangjiafen	1965-12-3	8.360	7.362	0	0.100	0.070	1.700	0	0.002	0.067	0.021	0.049	12.503	0.018	0.085
zhangjiafen	1965-12-4	8.620	7.274	0	0.072	0.053	1.400	0	0.002	0.067	0.013	0.040	12.327	0.014	0.083
zhangjiafen	1965-12-5	7.300	7.192	0	0.052	0.043	1.200	0	0.001	0.067	0.009	0.034	12.154	0.010	0.082
zhangjiafen	1965-12-6	6.480	7.118	0	0.036	0.044	1.300	0	0.001	0.067	0.007	0.037	11.977	0.008	0.081
zhangjiafen	1965-12-7	7.100	7.050	0	0.024	0.045	1.400	0	0.001	0.067	0.006	0.039	11.796	0.006	0.080
zhangjiafen	1965-12-8	7.810	6.990	0	0.017	0.037	1.200	0	0	0.067	0.003	0.033	11.621	0.004	0.079
zhangjiafen	1965-12-9	8.050	6.938	0	0.011	0.038	1.300	0	0	0.067	0.002	0.036	11.443	0.003	0.077
zhangjiafen	1965-12-10	8.350	6.892	0	0.008	0.040	1.400	0	0	0.067	0.002	0.038	11.263	0.002	0.076
zhangjiafen	1965-12-11	9.180	6.852	0	0.006	0.042	1.500	0	0	0.067	0.001	0.041	11.081	0.001	0.075
zhangjiafen	1965-12-12	7.150	6.819	0.055	0.045	0.036	1.100	0	0.001	0.067	0.006	0.030	10.920	0.009	0.074
zhangjiafen	1965-12-13	6.930	6.793	0.077	0.076	0.055	1.300	0	0.003	0.067	0.020	0.035	10.768	0.023	0.073
zhangjiafen	1965-12-14	6.600	6.790	0.035	0.062	0.059	1.400	0	0.003	0.067	0.022	0.037	10.616	0.024	0.072
zhangjiafen	1965-12-15	5.210	6.811	0	0.034	0.044	1.200	0	0.002	0.067	0.012	0.032	10.461	0.015	0.071
zhangjiafen	1965-12-16	4.320	6.838	0	0.018	0.036	1.100	0	0.001	0.067	0.007	0.029	10.305	0.009	0.070
zhangjiafen	1965-12-17	5.390	6.857	0	0.011	0.042	1.500	0	0	0.067	0.004	0.039	10.133	0.003	0.069
zhangjiafen	1965-12-18	5.320	6.859	0	0.007	0.035	1.300	0	0	0.067	0.002	0.033	9.967	0.002	0.068
zhangjiafen	1965-12-19	5.080	6.845	0	0.005	0.031	1.200	0	0	0.067	0.001	0.031	9.804	0.001	0.066
zhangjiafen	1965-12-20	5.620	6.821	0	0.004	0.031	1.200	0	0	0.067	0.001	0.030	9.642	0.001	0.065
zhangjiafen	1965-12-21	5.460	6.794	0	0.003	0.028	1.100	0	0	0.067	0	0.028	9.483	0	0.064
zhangjiafen	1965-12-22	4.900	6.768	0	0.003	0.030	1.200	0	0	0.067	0	0.030	9.323	0	0.063
zhangjiafen	1965-12-23	3.890	6.747	0	0.003	0.030	1.200	0	0	0.067	0	0.030	9.165	0	0.062
zhangjiafen	1965-12-24	4.730	6.731	0	0.003	0.029	1.200	0	0	0.067	0	0.029	9.007	0	0.061
zhangjiafen	1965-12-25	6.430	6.720	0	0.003	0.031	1.300	0	0	0.067	0	0.031	8.848	0	0.060
zhangjiafen	1965-12-26	4.900	6.713	0	0.002	0.029	1.200	0	0	0.067	0	0.029	8.694	0	0.059
zhangjiafen	1965-12-27	5.360	6.709	0	0.002	0.026	1.100	0	0	0.067	0	0.026	8.542	0	0.058
zhangjiafen	1965-12-28	5.220	6.706	0.027	0.020	0.035	1.300	0	0.001	0.067	0.004	0.031	8.393	0.005	0.057
zhangjiafen	1965-12-29	4.680	6.706	0.051	0.050	0.034	1.100	0	0.001	0.067	0.008	0.026	8.255	0.011	0.056
zhangjiafen	1965-12-30	4.580	6.713	0	0.029	0.031	1.000	0	0.001	0.067	0.008	0.023	8.121	0.012	0.055
zhangjiafen	1965-12-31	3.570	6.728	0	0.019	0.029	1.100	0	0.001	0.067	0.004	0.025	7.980	0.006	0.054
