zhangjiafen	1965-1-1	14.000	8.083	0.033	6.183	0.156	1.000	0	0.015	0.073	0.111	0.045	29.815	0.132	0.200
zhangjiafen	1965-1-2	12.800	8.083	0.025	5.952	0.154	1.000	0	0.015	0.072	0.110	0.045	29.633	0.131	0.199
zhangjiafen	1965-1-3	11.100	9.817	0	5.708	0.150	1.000	0	0.014	0.072	0.105	0.044	29.440	0.125	0.198
zhangjiafen	1965-1-4	9.600	11.247	0	5.473	0.145	1.000	0	0.013	0.072	0.101	0.044	29.252	0.120	0.196
zhangjiafen	1965-1-5	11.700	11.825	0	5.251	0.141	1.000	0	0.013	0.071	0.096	0.044	29.050	0.115	0.195
zhangjiafen	1965-1-6	11.300	11.673	0	5.037	0.136	1.000	0	0.012	0.071	0.092	0.044	28.848	0.109	0.194
zhangjiafen	1965-1-7	9.130	11.146	0.055	4.874	0.137	1.000	0	0.012	0.070	0.093	0.044	28.655	0.112	0.192
zhangjiafen	1965-1-8	9.440	10.530	0	4.659	0.135	1.000	0	0.012	0.070	0.091	0.044	28.469	0.111	0.191
zhangjiafen	1965-1-9	8.950	9.973	0	4.454	0.131	1.000	0	0.012	0.069	0.087	0.044	28.270	0.106	0.190
zhangjiafen	1965-1-10	6.580	9.518	0	4.257	0.128	1.000	0	0.011	0.069	0.084	0.043	28.064	0.102	0.188
zhangjiafen	1965-1-11	6.040	9.166	0	4.057	0.137	1.100	0	0.011	0.069	0.090	0.048	27.870	0.099	0.187
zhangjiafen	1965-1-12	6.760	8.899	0	3.864	0.134	1.100	0	0.011	0.069	0.087	0.047	27.658	0.096	0.186
zhangjiafen	1965-1-13	8.000	8.698	0	3.677	0.131	1.100	0	0.010	0.069	0.084	0.047	27.446	0.093	0.184
zhangjiafen	1965-1-14	9.330	8.544	0	3.495	0.128	1.100	0	0.010	0.069	0.081	0.047	27.247	0.091	0.183
zhangjiafen	1965-1-15	10.700	8.426	0	3.318	0.125	1.100	0	0.010	0.069	0.079	0.047	27.029	0.088	0.182
zhangjiafen	1965-1-16	9.640	8.332	0.014	3.155	0.125	1.100	0	0.010	0.069	0.078	0.047	26.831	0.089	0.180
zhangjiafen	1965-1-17	11.600	8.260	0	2.983	0.122	1.100	0	0.010	0.069	0.076	0.046	26.614	0.086	0.179
zhangjiafen	1965-1-18	11.700	8.201	0	2.823	0.117	1.100	0	0.009	0.069	0.071	0.046	26.414	0.080	0.177
zhangjiafen	1965-1-19	11.100	8.143	0	2.668	0.114	1.100	0	0.009	0.069	0.068	0.046	26.189	0.078	0.176
zhangjiafen	1965-1-20	11.400	8.085	0	2.519	0.112	1.100	0	0.008	0.069	0.066	0.046	25.984	0.075	0.175
zhangjiafen	1965-1-21	10.400	8.028	0	2.353	0.148	1.500	0	0.008	0.069	0.086	0.062	25.743	0.072	0.173
zhangjiafen	1965-1-22	9.430	7.972	0	2.195	0.144	1.500	0	0.008	0.069	0.082	0.062	25.521	0.069	0.172
zhangjiafen	1965-1-23	11.000	7.918	0	2.045	0.139	1.500	0	0.007	0.069	0.077	0.062	25.276	0.065	0.170
zhangjiafen	1965-1-24	10.600	7.865	0	1.903	0.135	1.500	0	0.007	0.069	0.073	0.061	25.045	0.062	0.169
zhangjiafen	1965-1-25	9.440	7.811	0	1.769	0.130	1.500	0	0.006	0.068	0.069	0.061	24.801	0.058	0.167
zhangjiafen	1965-1-26	10.000	7.757	0	1.646	0.124	1.500	0	0.006	0.068	0.063	0.061	24.567	0.054	0.165
zhangjiafen	1965-1-27	11.300	7.701	0	1.530	0.121	1.500	0	0.006	0.068	0.060	0.061	24.316	0.051	0.164
zhangjiafen	1965-1-28	11.400	7.645	0	1.418	0.117	1.500	0	0.005	0.068	0.057	0.060	24.082	0.049	0.162
zhangjiafen	1965-1-29	12.600	7.592	0	1.312	0.114	1.500	0	0.005	0.068	0.054	0.060	23.838	0.047	0.161
zhangjiafen	1965-1-30	12.100	7.542	0	1.211	0.111	1.500	0	0.005	0.068	0.052	0.060	23.589	0.045	0.159
zhangjiafen	1965-1-31	10.200	7.495	0	1.115	0.108	1.500	0	0.005	0.068	0.049	0.059	23.352	0.042	0.157
zhangjiafen	1965-2-1	8.670	7.452	0	1.031	0.091	1.300	0	0.004	0.068	0.040	0.051	23.118	0.040	0.156
zhangjiafen	1965-2-2	8.470	7.412	0	0.951	0.088	1.300	0	0.004	0.068	0.038	0.051	22.884	0.038	0.154
zhangjiafen	1965-2-3	8.890	7.374	0	0.876	0.086	1.300	0	0.004	0.068	0.035	0.051	22.648	0.036	0.153
zhangjiafen	1965-2-4	9.100	7.338	0	0.807	0.083	1.300	0	0.004	0.068	0.033	0.050	22.415	0.033	0.151
zhangjiafen	1965-2-5	10.400	7.303	0	0.743	0.080	1.300	0	0.003	0.068	0.030	0.050	22.174	0.031	0.149
zhangjiafen	1965-2-6	11.700	7.268	0	0.684	0.077	1.300	0	0.003	0.068	0.028	0.050	21.937	0.028	0.148
zhangjiafen	1965-2-7	13.800	7.234	0	0.628	0.076	1.300	0	0.003	0.068	0.026	0.050	21.700	0.027	0.146
zhangjiafen	1965-2-8	14.500	7.201	0	0.576	0.074	1.300	0	0.003	0.068	0.025	0.049	21.464	0.025	0.145
zhangjiafen	1965-2-9	13.800	7.171	0	0.526	0.072	1.300	0	0.003	0.068	0.023	0.049	21.224	0.024	0.143
zhangjiafen	1965-2-10	14.200	7.143	0	0.480	0.070	1.300	0	0.002	0.068	0.022	0.049	20.992	0.022	0.142
zhangjiafen	1965-2-11	14.700	7.117	0	0.436	0.069	1.300	0	0.002	0.068	0.020	0.048	20.756	0.021	0.140
zhangjiafen	1965-2-12	16.100	7.093	0.083	0.455	0.077	1.300	0	0.003	0.068	0.029	0.048	20.531	0.031	0.138
zhangjiafen	1965-2-13	18.600	7.080	0	0.392	0.077	1.300	0	0.003	0.068	0.029	0.048	20.311	0.031	0.137
zhangjiafen	1965-2-14	14.700	7.082	0	0.348	0.068	1.300	0	0.002	0.068	0.020	0.048	20.083	0.021	0.135
zhangjiafen	1965-2-15	14.500	7.085	0	0.312	0.064	1.300	0	0.002	0.068	0.017	0.047	19.851	0.018	0.134
zhangjiafen	1965-2-16	14.200	7.077	0.053	0.319	0.068	1.300	0	0.002	0.068	0.021	0.047	19.626	0.022	0.132
zhangjiafen	1965-2-17	13.400	7.058	0.060	0.313	0.077	1.300	0	0.004	0.068	0.030	0.047	19.415	0.033	0.131
zhangjiafen	1965-2-18	12.600	7.042	0.440	0.627	0.102	1.300	0	0.007	0.068	0.056	0.047	19.232	0.062	0.129
zhangjiafen	1965-2-19	13.700	7.092	0.288	0.751	0.120	1.300	0	0.009	0.068	0.074	0.046	19.072	0.082	0.128
zhangjiafen	1965-2-20	14.600	7.202	0.072	0.655	0.121	1.300	0	0.009	0.068	0.075	0.046	18.915	0.083	0.127
zhangjiafen	1965-2-21	12.900	7.332	0.001	0.476	0.164	1.900	0	0.008	0.067	0.097	0.067	18.728	0.074	0.126
zhangjiafen	1965-2-22	11.500	7.438	0	0.335	0.144	1.900	0	0.007	0.067	0.077	0.067	18.528	0.059	0.125
zhangjiafen	1965-2-23	11.700	7.491	0	0.233	0.122	1.900	0	0.005	0.067	0.056	0.066	18.313	0.043	0.124
zhangjiafen	1965-2-24	12.900	7.485	0.112	0.251	0.117	1.900	0	0.004	0.067	0.051	0.066	18.097	0.039	0.122
zhangjiafen	1965-2-25	12.500	7.437	0.077	0.234	0.117	1.900	0	0.004	0.067	0.052	0.066	17.883	0.040	0.121
zhangjiafen	1965-2-26	11.600	7.373	0	0.155	0.108	1.900	0	0.004	0.067	0.043	0.065	17.664	0.033	0.119
zhangjiafen	1965-2-27	11.600	7.304	0	0.108	0.091	1.900	0	0.002	0.067	0.026	0.065	17.434	0.020	0.118
zhangjiafen	1965-2-28	12.900	7.229	0	0.080	0.080	1.900	0	0.001	0.067	0.016	0.064	17.198	0.012	0.116
zhangjiafen	1965-3-1	11.700	7.149	0	0.060	0.108	2.800	0	0.001	0.067	0.013	0.094	16.928	0.007	0.115
zhangjiafen	1965-3-2	12.600	7.069	0	0.049	0.101	2.800	0	0	0.067	0.008	0.094	16.658	0.004	0.113
zhangjiafen	1965-3-3	12.600	6.994	0	0.040	0.099	2.800	0	0	0.067	0.006	0.093	16.390	0.003	0.111
zhangjiafen	1965-3-4	11.400	6.929	0	0.032	0.097	2.800	0	0	0.067	0.005	0.092	16.124	0.002	0.109
zhangjiafen	1965-3-5	10.000	6.876	0	0.027	0.095	2.800	0	0	0.067	0.004	0.091	15.860	0.002	0.107
zhangjiafen	1965-3-6	9.720	6.835	0	0.022	0.094	2.800	0	0	0.067	0.003	0.091	15.598	0.002	0.106
zhangjiafen	1965-3-7	9.300	6.804	0	0.018	0.092	2.800	0	0	0.067	0.003	0.090	15.338	0.001	0.104
zhangjiafen	1965-3-8	9.720	6.781	0.037	0.028	0.106	2.800	0	0.001	0.067	0.017	0.089	15.088	0.009	0.102
zhangjiafen	1965-3-9	10.300	6.769	0	0.013	0.102	2.800	0	0.001	0.067	0.014	0.088	14.840	0.007	0.101
zhangjiafen	1965-3-10	11.200	6.767	0	0.010	0.090	2.800	0	0	0.067	0.002	0.088	14.587	0.001	0.099
zhangjiafen	1965-3-11	11.800	6.766	0	0.007	0.126	4.000	0	0	0.067	0.002	0.124	14.299	0.001	0.097
zhangjiafen	1965-3-12	12.200	6.762	0	0.006	0.124	4.000	0	0	0.067	0.001	0.123	14.015	0	0.095
zhangjiafen	1965-3-13	13.200	6.754	0	0.004	0.122	4.000	0	0	0.067	0.001	0.122	13.733	0	0.093
zhangjiafen	1965-3-14	14.200	6.744	0	0.003	0.121	4.000	0	0	0.067	0.001	0.120	13.454	0	0.092
zhangjiafen	1965-3-15	14.000	6.735	0	0.003	0.120	4.000	0	0	0.067	0.001	0.119	13.179	0	0.090
zhangjiafen	1965-3-16	12.900	6.727	0	0.002	0.118	4.000	0	0	0.067	0	0.118	12.906	0	0.088
zhangjiafen	1965-3-17	13.300	6.721	0	0.002	0.117	4.000	0	0	0.067	0	0.117	12.636	0	0.086
zhangjiafen	1965-3-18	14.000	6.716	0	0.002	0.115	4.000	0	0	0.067	0	0.115	12.369	0	0.084
zhangjiafen	1965-3-19	13.600	6.713	0	0.002	0.114	4.000	0	0	0.067	0	0.114	12.106	0	0.082
zhangjiafen	1965-3-20	13.600	6.711	0	0.002	0.113	4.000	0	0	0.067	0	0.113	11.845	0	0.081
zhangjiafen	1965-3-21	14.000	6.709	0	0.002	0.123	4.400	0	0	0.067	0	0.123	11.576	0	0.079
zhangjiafen	1965-3-22	14.400	6.708	0	0.002	0.124	4.500	0	0	0.067	0	0.124	11.307	0	0.077
zhangjiafen	1965-3-23	14.400	6.707	0	0.002	0.128	4.700	0	0	0.067	0	0.128	11.036	0	0.075
zhangjiafen	1965-3-24	14.400	6.706	0	0.002	0.118	4.400	0	0	0.067	0	0.118	10.779	0	0.074
zhangjiafen	1965-3-25	13.600	6.705	0	0.002	0.117	4.400	0	0	0.067	0	0.117	10.521	0	0.072
zhangjiafen	1965-3-26	12.600	6.705	0	0.002	0.116	4.400	0	0	0.067	0	0.116	10.270	0	0.070
zhangjiafen	1965-3-27	12.100	6.705	0.055	0.023	0.139	4.400	0	0.001	0.067	0.025	0.114	10.027	0.008	0.068
zhangjiafen	1965-3-28	12.100	6.706	0	0.006	0.126	4.400	0	0	0.067	0.013	0.113	9.785	0.004	0.067
zhangjiafen	1965-3-29	12.400	6.708	0	0.002	0.121	4.600	0	0	0.067	0.004	0.116	9.538	0.001	0.065
zhangjiafen	1965-3-30	12.800	6.710	0	0.002	0.111	4.400	0	0	0.067	0.001	0.110	9.297	0	0.064
zhangjiafen	1965-3-31	13.000	6.713	0	0.002	0.044	1.800	0	0	0.067	0	0.044	9.124	0	0.062
zhangjiafen	1965-4-1	13.500	6.716	0	0.002	0.112	4.600	0	0	0.067	0	0.112	8.883	0	0.061
zhangjiafen	1965-4-2	12.900	6.717	0	0.002	0.096	4.000	0	0	0.067	0	0.096	8.660	0	0.059
zhangjiafen	1965-4-3	13.100	6.717	0.610	0.477	0.117	1.900	0	0.006	0.067	0.072	0.045	8.546	0.056	0.058
zhangjiafen	1965-4-4	13.100	6.764	0.011	0.213	0.305	4.300	0	0.008	0.067	0.203	0.102	8.390	0.069	0.057
zhangjiafen	1965-4-5	12.300	6.863	0	0.067	0.195	3.800	0	0.005	0.067	0.106	0.089	8.219	0.041	0.056
zhangjiafen	1965-4-6	12.500	6.961	0	0.006	0.183	5.300	0	0.002	0.067	0.060	0.123	7.991	0.017	0.055
zhangjiafen	1965-4-7	12.600	7.022	0.244	0.145	0.160	3.800	0	0.003	0.067	0.073	0.087	7.813	0.029	0.053
zhangjiafen	1965-4-8	12.600	7.045	0	0.053	0.221	5.900	0	0.002	0.067	0.088	0.133	7.582	0.022	0.052
zhangjiafen	1965-4-9	12.700	7.036	0	0.024	0.142	5.300	0	0.001	0.067	0.024	0.118	7.353	0.007	0.051
zhangjiafen	1965-4-10	12.900	7.008	0	0.008	0.154	6.400	0	0	0.067	0.014	0.140	7.100	0.003	0.049
zhangjiafen	1965-4-11	12.600	6.971	0	0.004	0.135	6.100	0	0	0.067	0.004	0.131	6.855	0.001	0.047
zhangjiafen	1965-4-12	11.800	6.927	0	0.004	0.104	4.900	0	0	0.067	0	0.103	6.639	0	0.046
zhangjiafen	1965-4-13	11.800	6.880	0.182	0.070	0.222	5.900	0	0.003	0.067	0.099	0.123	6.430	0.025	0.044
zhangjiafen	1965-4-14	11.500	6.856	0	0.029	0.145	5.200	0	0.001	0.067	0.039	0.106	6.225	0.011	0.043
zhangjiafen	1965-4-15	12.200	6.848	0.053	0.026	0.150	5.200	0	0.001	0.067	0.045	0.105	6.025	0.013	0.041
zhangjiafen	1965-4-16	11.500	6.867	0.486	0.326	0.208	3.900	0	0.006	0.067	0.131	0.077	5.890	0.050	0.040
zhangjiafen	1965-4-17	11.800	6.923	3.714	3.515	0.430	3.500	0.003	0.016	0.067	0.361	0.068	5.860	0.145	0.039
zhangjiafen	1965-4-18	11.800	7.166	0.158	3.083	0.443	2.900	0.001	0.020	0.067	0.386	0.057	5.879	0.182	0.039
zhangjiafen	1965-4-19	11.800	7.511	0	2.501	0.456	3.200	0	0.019	0.067	0.394	0.063	5.880	0.170	0.039
zhangjiafen	1965-4-20	11.500	7.836	0.240	2.397	0.198	1.500	0.001	0.017	0.067	0.169	0.029	5.901	0.157	0.039
zhangjiafen	1965-4-21	11.500	8.097	1.804	3.701	0.349	2.400	0.008	0.019	0.067	0.302	0.047	5.920	0.172	0.039
zhangjiafen	1965-4-22	12.200	8.507	0.700	3.992	0.223	1.400	0.003	0.021	0.066	0.196	0.027	5.976	0.189	0.039
zhangjiafen	1965-4-23	12.600	8.747	0.099	3.199	0.779	4.900	0.001	0.021	0.066	0.683	0.097	5.962	0.189	0.040
zhangjiafen	1965-4-24	12.600	8.808	0	2.356	0.765	5.400	0	0.019	0.067	0.659	0.106	5.916	0.167	0.040
zhangjiafen	1965-4-25	11.800	8.797	0	1.385	0.981	8.100	0	0.016	0.067	0.822	0.159	5.792	0.141	0.039
zhangjiafen	1965-4-26	11.800	8.736	0.125	0.877	0.649	6.800	0	0.012	0.067	0.517	0.132	5.663	0.108	0.039
zhangjiafen	1965-4-27	11.500	8.620	4.673	5.245	0.117	0.800	0.009	0.019	0.067	0.102	0.015	5.717	0.175	0.038
zhangjiafen	1965-4-28	12.600	8.731	1.774	6.321	0.474	2.400	0.011	0.026	0.064	0.427	0.046	5.803	0.234	0.038
zhangjiafen	1965-4-29	12.600	8.846	4.828	10.689	0.117	0.500	0.051	0.030	0.045	0.107	0.010	5.981	0.271	0.039
zhangjiafen	1965-4-30	12.200	9.506	1.562	11.399	0.530	2.000	0.027	0.034	0.027	0.490	0.040	6.176	0.302	0.040
zhangjiafen	1965-5-1	12.600	9.709	0.209	10.534	0.795	3.000	0.004	0.034	0.028	0.735	0.060	6.349	0.302	0.041
zhangjiafen	1965-5-2	12.200	9.406	0.063	9.080	1.296	5.100	0.001	0.032	0.035	1.192	0.104	6.459	0.291	0.042
zhangjiafen	1965-5-3	11.800	8.916	0.429	8.383	0.887	3.700	0.007	0.031	0.044	0.811	0.076	6.572	0.277	0.043
zhangjiafen	1965-5-4	11.100	8.546	0.847	8.320	0.656	2.800	0.011	0.030	0.047	0.598	0.058	6.694	0.271	0.044
zhangjiafen	1965-5-5	11.100	8.531	1.370	8.613	0.829	3.500	0.017	0.030	0.047	0.756	0.073	6.804	0.274	0.045
zhangjiafen	1965-5-6	11.100	8.426	0.053	7.269	1.208	5.200	0.001	0.030	0.049	1.098	0.110	6.868	0.269	0.045
zhangjiafen	1965-5-7	10.800	8.351	0.004	5.571	1.581	7.400	0	0.028	0.060	1.424	0.157	6.855	0.250	0.046
zhangjiafen	1965-5-8	10.100	8.382	0	3.918	1.584	8.400	0	0.025	0.065	1.406	0.178	6.789	0.222	0.046
zhangjiafen	1965-5-9	9.380	8.505	0	2.636	1.235	7.700	0	0.021	0.066	1.072	0.163	6.704	0.190	0.045
zhangjiafen	1965-5-10	8.000	8.661	0	1.610	1.013	7.600	0	0.017	0.067	0.854	0.159	6.589	0.156	0.045
zhangjiafen	1965-5-11	7.660	8.761	0.156	1.001	0.774	7.100	0	0.014	0.067	0.626	0.148	6.456	0.125	0.044
zhangjiafen	1965-5-12	7.320	8.756	1.878	2.425	0.363	3.100	0.004	0.015	0.067	0.299	0.064	6.418	0.136	0.043
zhangjiafen	1965-5-13	8.000	8.772	0.203	1.607	1.013	7.800	0.001	0.017	0.067	0.853	0.160	6.301	0.152	0.043
zhangjiafen	1965-5-14	7.660	8.775	0	0.940	0.669	6.400	0	0.013	0.067	0.539	0.130	6.181	0.120	0.042
zhangjiafen	1965-5-15	6.970	8.705	0	0.290	0.782	9.800	0	0.010	0.067	0.584	0.197	5.961	0.086	0.041
zhangjiafen	1965-5-16	6.620	8.549	0	0.092	0.327	7.300	0	0.004	0.067	0.183	0.144	5.747	0.037	0.040
zhangjiafen	1965-5-17	5.240	8.285	0	0.030	0.203	7.300	0	0.001	0.067	0.061	0.142	5.512	0.012	0.038
zhangjiafen	1965-5-18	5.240	7.964	0.095	0.033	0.247	8.200	0	0.002	0.067	0.092	0.156	5.269	0.017	0.037
zhangjiafen	1965-5-19	5.240	7.651	0.241	0.028	0.536	13.100	0	0.004	0.067	0.293	0.243	4.957	0.033	0.035
zhangjiafen	1965-5-20	4.560	7.414	0	0.002	0.205	9.700	0	0.001	0.067	0.031	0.174	4.688	0.005	0.033
zhangjiafen	1965-5-21	3.880	7.223	0	0	0.171	9.600	0	0	0.067	0.003	0.168	4.422	0.001	0.031
zhangjiafen	1965-5-22	3.540	7.078	0.009	0	0.176	9.700	0	0	0.067	0.012	0.164	4.163	0.002	0.029
zhangjiafen	1965-5-23	3.540	6.972	0.095	0.031	0.128	4.800	0	0.002	0.067	0.049	0.079	4.004	0.015	0.028
zhangjiafen	1965-5-24	3.540	6.908	0	0.001	0.182	8.900	0	0.001	0.067	0.039	0.143	3.774	0.006	0.027
zhangjiafen	1965-5-25	3.540	6.865	0	0	0.140	8.900	0	0	0.067	0.001	0.139	3.543	0	0.025
zhangjiafen	1965-5-26	3.880	6.833	0	0	0.127	8.400	0	0	0.067	0	0.127	3.325	0	0.024
zhangjiafen	1965-5-27	4.560	6.806	0.465	0.178	0.381	8.900	0	0.005	0.067	0.251	0.130	3.147	0.042	0.022
zhangjiafen	1965-5-28	4.220	6.834	0.023	0.017	0.323	9.000	0	0.004	0.067	0.195	0.128	2.963	0.032	0.021
zhangjiafen	1965-5-29	4.560	6.881	0.074	0.004	0.243	9.600	0	0.002	0.067	0.111	0.132	2.762	0.017	0.020
zhangjiafen	1965-5-30	4.220	6.903	0.107	0.002	0.269	9.900	0	0.002	0.067	0.137	0.131	2.566	0.021	0.018
zhangjiafen	1965-5-31	4.900	6.913	6.182	4.979	1.136	8.700	0	0.018	0.066	1.025	0.111	2.533	0.162	0.017
zhangjiafen	1965-6-1	4.900	7.040	0.351	3.813	1.397	8.400	0.001	0.023	0.059	1.291	0.107	2.554	0.204	0.017
zhangjiafen	1965-6-2	8.000	7.311	0	2.573	1.147	8.000	0	0.020	0.064	1.045	0.102	2.548	0.177	0.017
zhangjiafen	1965-6-3	8.700	7.572	0.014	1.465	1.111	9.700	0	0.016	0.066	0.987	0.124	2.482	0.140	0.017
zhangjiafen	1965-6-4	8.000	7.742	0.813	1.493	0.746	7.500	0.001	0.014	0.066	0.651	0.095	2.427	0.122	0.017
zhangjiafen	1965-6-5	7.660	7.828	0.428	1.235	0.638	6.600	0.001	0.013	0.067	0.556	0.082	2.380	0.119	0.016
zhangjiafen	1965-6-6	8.000	7.901	0.411	0.959	0.655	7.200	0	0.012	0.067	0.566	0.089	2.320	0.112	0.016
zhangjiafen	1965-6-7	10.100	8.009	0.552	0.792	0.719	8.600	0.001	0.011	0.067	0.614	0.105	2.235	0.102	0.015
zhangjiafen	1965-6-8	8.700	8.123	1.112	1.504	0.320	3.600	0.002	0.012	0.067	0.277	0.043	2.221	0.110	0.015
zhangjiafen	1965-6-9	8.350	8.179	1.538	2.331	0.605	5.200	0.004	0.016	0.067	0.544	0.062	2.224	0.147	0.015
zhangjiafen	1965-6-10	8.700	8.238	9.120	10.648	0.522	2.600	0.038	0.027	0.060	0.491	0.031	2.364	0.246	0.015
zhangjiafen	1965-6-11	12.200	8.715	12.389	22.266	0.185	0.600	0.205	0.039	0.008	0.178	0.007	2.681	0.349	0.016
zhangjiafen	1965-6-12	20.900	11.629	0.222	20.422	1.694	4.800	0.007	0.043	0.007	1.631	0.063	2.978	0.385	0.018
zhangjiafen	1965-6-13	20.000	12.744	1.919	20.338	1.592	4.600	0.055	0.042	0.008	1.528	0.064	3.265	0.379	0.020
zhangjiafen	1965-6-14	17.900	12.334	5.406	24.392	0.796	2.200	0.153	0.044	0.008	0.763	0.032	3.595	0.392	0.022
zhangjiafen	1965-6-15	15.000	13.239	0.539	22.888	1.647	4.400	0.019	0.045	0.009	1.579	0.068	3.896	0.402	0.024
zhangjiafen	1965-6-16	15.400	13.048	5.221	26.530	0.992	2.600	0.176	0.045	0.010	0.950	0.042	4.226	0.407	0.026
zhangjiafen	1965-6-17	14.600	13.791	0	22.676	3.552	9.200	0	0.046	0.010	3.398	0.153	4.444	0.410	0.028
zhangjiafen	1965-6-18	13.800	13.591	2.151	22.318	2.096	5.700	0.073	0.044	0.011	1.998	0.098	4.700	0.395	0.030
zhangjiafen	1965-6-19	12.600	12.949	1.372	21.486	1.813	5.000	0.045	0.043	0.012	1.725	0.088	4.958	0.390	0.031
zhangjiafen	1965-6-20	14.000	12.275	1.382	20.570	1.925	5.400	0.044	0.043	0.013	1.827	0.098	5.199	0.384	0.033
zhangjiafen	1965-6-21	15.800	11.852	0.332	17.840	2.788	8.100	0.010	0.041	0.015	2.637	0.150	5.372	0.373	0.035
zhangjiafen	1965-6-22	14.600	11.162	0.034	14.922	2.721	8.500	0.001	0.039	0.017	2.561	0.160	5.511	0.352	0.036
zhangjiafen	1965-6-23	12.600	10.241	6.245	17.416	3.414	10.700	0.151	0.039	0.019	3.210	0.204	5.602	0.351	0.037
zhangjiafen	1965-6-24	11.500	10.751	0	13.784	3.463	11.100	0	0.038	0.021	3.250	0.214	5.673	0.344	0.037
zhangjiafen	1965-6-25	10.100	11.130	1.237	11.994	2.841	10.000	0.027	0.035	0.026	2.648	0.194	5.733	0.318	0.038
zhangjiafen	1965-6-26	8.700	10.899	0.123	9.552	2.417	9.300	0.003	0.033	0.032	2.236	0.181	5.776	0.294	0.038
zhangjiafen	1965-6-27	8.700	10.262	0.865	7.960	2.338	9.900	0.014	0.030	0.041	2.144	0.193	5.774	0.270	0.039
zhangjiafen	1965-6-28	9.380	9.614	1.833	8.665	0.889	3.900	0.021	0.029	0.047	0.813	0.076	5.876	0.264	0.038
zhangjiafen	1965-6-29	10.800	9.352	0.188	6.718	2.016	8.900	0.003	0.029	0.050	1.841	0.175	5.874	0.263	0.039
zhangjiafen	1965-6-30	10.100	9.231	0	4.655	2.004	10.100	0	0.026	0.058	1.805	0.199	5.810	0.233	0.039
zhangjiafen	1965-7-1	8.700	9.061	3.806	6.889	1.427	7.300	0.034	0.025	0.058	1.284	0.143	5.799	0.229	0.039
zhangjiafen	1965-7-2	9.380	9.241	15.046	19.183	2.398	8.400	0.164	0.035	0.028	2.234	0.164	5.887	0.319	0.039
zhangjiafen	1965-7-3	45.500	11.917	15.458	32.386	1.387	3.600	0.488	0.045	0.017	1.316	0.071	6.167	0.406	0.039
zhangjiafen	1965-7-4	68.600	28.512	0.265	28.629	3.706	8.800	0.007	0.049	0.016	3.529	0.178	6.370	0.437	0.041
zhangjiafen	1965-7-5	28.300	26.627	0.906	26.493	2.679	6.700	0.036	0.046	0.017	2.542	0.137	6.591	0.418	0.042
zhangjiafen	1965-7-6	19.200	20.875	17.712	39.982	3.102	7.100	0.768	0.050	0.017	2.954	0.148	6.833	0.451	0.044
zhangjiafen	1965-7-7	44.900	44.119	3.856	41.476	1.676	3.500	0.214	0.055	0.017	1.601	0.074	7.187	0.492	0.046
zhangjiafen	1965-7-8	39.000	41.534	2.361	40.658	2.610	5.400	0.137	0.055	0.018	2.492	0.118	7.499	0.495	0.048
zhangjiafen	1965-7-9	25.900	32.223	2.157	39.826	2.444	5.100	0.114	0.054	0.019	2.330	0.114	7.807	0.490	0.050
zhangjiafen	1965-7-10	23.500	25.467	0.160	36.635	2.954	6.300	0.007	0.053	0.019	2.811	0.143	8.071	0.480	0.052
zhangjiafen	1965-7-11	20.000	19.757	0.388	33.029	3.639	8.100	0.031	0.051	0.020	3.452	0.187	8.271	0.461	0.054
zhangjiafen	1965-7-12	17.100	16.740	3.275	32.732	3.103	7.100	0.136	0.050	0.021	2.937	0.166	8.478	0.449	0.055
zhangjiafen	1965-7-13	20.300	16.366	25.756	55.999	0.759	1.500	1.197	0.057	0.021	0.723	0.036	8.877	0.512	0.057
zhangjiafen	1965-7-14	108.000	58.053	0.228	52.939	2.754	4.900	0.020	0.063	0.022	2.635	0.119	9.246	0.569	0.059
zhangjiafen	1965-7-15	36.500	47.587	0.011	48.286	4.247	7.800	0.001	0.061	0.022	4.054	0.193	9.518	0.549	0.062
zhangjiafen	1965-7-16	24.000	31.265	0.341	45.721	2.410	4.600	0.024	0.059	0.023	2.295	0.116	9.844	0.528	0.063
zhangjiafen	1965-7-17	19.600	21.862	0.855	42.796	3.317	6.500	0.057	0.057	0.024	3.151	0.166	10.103	0.514	0.066
zhangjiafen	1965-7-18	22.900	17.724	21.179	58.933	3.272	6.000	1.315	0.061	0.025	3.116	0.155	10.406	0.550	0.067
zhangjiafen	1965-7-19	96.300	67.589	6.267	61.471	2.654	4.500	0.523	0.067	0.025	2.536	0.118	10.795	0.603	0.069
zhangjiafen	1965-7-20	54.000	76.045	3.329	62.225	1.733	2.900	0.242	0.068	0.026	1.655	0.078	11.230	0.611	0.072
zhangjiafen	1965-7-21	31.700	53.743	4.476	64.109	1.634	2.700	0.345	0.069	0.027	1.560	0.074	11.672	0.617	0.075
zhangjiafen	1965-7-22	27.600	45.046	18.287	76.007	3.876	6.100	1.796	0.089	0.028	3.706	0.170	12.194	0.798	0.078
zhangjiafen	1965-7-23	279.000	144.498	3.115	75.155	2.815	4.300	0.372	0.090	0.030	2.693	0.122	12.774	0.813	0.081
zhangjiafen	1965-7-24	83.800	93.148	2.211	73.378	3.119	4.800	0.230	0.078	0.031	2.979	0.139	13.218	0.700	0.085
zhangjiafen	1965-7-25	46.700	58.130	5.966	75.337	2.937	4.500	0.429	0.077	0.032	2.804	0.133	13.662	0.697	0.088
zhangjiafen	1965-7-26	42.200	44.324	0.721	72.921	2.419	3.700	0.060	0.077	0.033	2.308	0.111	14.118	0.691	0.091
zhangjiafen	1965-7-27	46.200	36.151	2.019	71.062	3.101	4.800	0.171	0.075	0.034	2.955	0.146	14.520	0.677	0.094
zhangjiafen	1965-7-28	29.900	32.290	0.730	66.294	4.941	7.800	0.068	0.073	0.035	4.700	0.241	14.804	0.657	0.097
zhangjiafen	1965-7-29	23.800	28.401	0	61.246	4.586	7.500	0	0.070	0.036	4.351	0.234	15.061	0.627	0.099
zhangjiafen	1965-7-30	20.200	23.091	0	57.066	3.713	6.300	0	0.067	0.037	3.514	0.198	15.325	0.599	0.100
zhangjiafen	1965-7-31	19.500	18.554	6.090	59.222	2.855	4.900	0.575	0.066	0.037	2.699	0.156	15.623	0.593	0.102
zhangjiafen	1965-8-1	42.100	36.869	0.008	57.527	1.104	1.900	0.001	0.066	0.038	1.043	0.061	16.014	0.594	0.104
zhangjiafen	1965-8-2	24.500	31.893	2.073	56.671	2.247	3.900	0.155	0.065	0.039	2.121	0.127	16.329	0.587	0.107
zhangjiafen	1965-8-3	18.800	26.541	0	52.569	3.677	6.500	0	0.064	0.040	3.464	0.213	16.541	0.574	0.109
zhangjiafen	1965-8-4	16.200	20.845	0	49.491	2.623	4.800	0	0.061	0.040	2.465	0.158	16.784	0.552	0.110
zhangjiafen	1965-8-5	14.300	16.756	0	46.362	2.705	5.100	0	0.059	0.041	2.535	0.170	16.996	0.534	0.112
zhangjiafen	1965-8-6	13.200	14.168	0.240	42.604	3.639	7.100	0.023	0.057	0.042	3.402	0.238	17.120	0.516	0.113
zhangjiafen	1965-8-7	12.100	13.201	0.004	39.220	3.047	6.200	0	0.055	0.042	2.839	0.208	17.250	0.494	0.114
zhangjiafen	1965-8-8	11.000	12.364	2.844	38.933	2.646	5.500	0.132	0.054	0.042	2.461	0.185	17.390	0.483	0.115
zhangjiafen	1965-8-9	10.200	13.278	15.585	51.179	2.011	3.900	0.887	0.057	0.043	1.879	0.132	17.616	0.516	0.116
zhangjiafen	1965-8-10	24.200	44.858	4.860	52.009	3.253	5.900	0.364	0.061	0.043	3.052	0.201	17.807	0.553	0.117
zhangjiafen	1965-8-11	40.400	54.790	5.724	54.698	2.188	3.900	0.355	0.062	0.043	2.055	0.134	18.074	0.562	0.119
zhangjiafen	1965-8-12	39.500	48.878	0.627	51.748	3.097	5.500	0.046	0.062	0.044	2.907	0.190	18.282	0.562	0.120
zhangjiafen	1965-8-13	30.700	36.969	0	48.175	3.170	5.800	0	0.060	0.045	2.968	0.201	18.458	0.544	0.122
zhangjiafen	1965-8-14	23.600	27.201	13.481	57.056	3.311	5.900	0.873	0.062	0.045	3.106	0.206	18.643	0.558	0.123
zhangjiafen	1965-8-15	94.500	53.145	6.340	60.707	1.594	2.700	0.531	0.066	0.045	1.500	0.095	18.971	0.592	0.124
zhangjiafen	1965-8-16	52.900	72.378	0.897	58.461	2.555	4.300	0.075	0.066	0.046	2.403	0.152	19.244	0.598	0.126
zhangjiafen	1965-8-17	31.500	47.657	2.737	58.033	2.471	4.200	0.189	0.066	0.047	2.322	0.149	19.509	0.590	0.128
zhangjiafen	1965-8-18	24.500	32.772	2.072	56.091	3.384	5.800	0.190	0.065	0.047	3.176	0.208	19.707	0.583	0.130
zhangjiafen	1965-8-19	28.000	33.327	0	52.844	2.792	4.900	0	0.063	0.048	2.615	0.176	19.920	0.568	0.131
zhangjiafen	1965-8-20	28.200	26.253	4.460	55.210	1.188	2.100	0.355	0.063	0.048	1.112	0.076	20.227	0.564	0.133
zhangjiafen	1965-8-21	70.100	32.880	0	52.205	2.543	4.500	0	0.063	0.049	2.379	0.164	20.442	0.564	0.135
zhangjiafen	1965-8-22	27.500	26.754	0	49.186	2.584	4.700	0	0.061	0.050	2.412	0.172	20.631	0.547	0.136
zhangjiafen	1965-8-23	20.800	20.729	0	45.767	3.040	5.700	0	0.059	0.050	2.830	0.210	20.762	0.529	0.138
zhangjiafen	1965-8-24	17.600	16.695	0	42.240	3.190	6.200	0	0.057	0.051	2.961	0.229	20.853	0.510	0.138
zhangjiafen	1965-8-25	15.600	14.284	0	39.448	2.428	4.900	0	0.055	0.052	2.246	0.182	20.972	0.491	0.139
zhangjiafen	1965-8-26	14.300	12.876	10.672	46.237	3.074	6.000	0.471	0.056	0.051	2.852	0.223	21.063	0.505	0.140
zhangjiafen	1965-8-27	13.700	19.663	6.071	50.938	0.435	0.800	0.372	0.059	0.051	0.406	0.030	21.375	0.534	0.140
zhangjiafen	1965-8-28	23.900	33.389	2.456	50.206	2.562	4.600	0.191	0.061	0.052	2.389	0.173	21.554	0.546	0.142
zhangjiafen	1965-8-29	29.500	40.643	0.466	47.437	2.793	5.100	0.037	0.060	0.052	2.601	0.192	21.703	0.537	0.144
zhangjiafen	1965-8-30	20.200	34.112	0	44.289	2.766	5.200	0	0.058	0.053	2.569	0.197	21.831	0.522	0.145
zhangjiafen	1965-8-31	16.200	24.492	0.560	41.575	2.889	5.600	0.035	0.056	0.053	2.677	0.212	21.926	0.506	0.146
zhangjiafen	1965-9-1	19.100	19.239	7.884	46.281	2.288	4.400	0.489	0.057	0.053	2.121	0.167	22.070	0.511	0.146
zhangjiafen	1965-9-2	39.700	35.300	0.105	42.126	3.972	7.600	0.006	0.057	0.054	3.682	0.290	22.093	0.514	0.147
zhangjiafen	1965-9-3	26.700	29.408	0.145	39.214	2.706	5.400	0.010	0.055	0.054	2.500	0.206	22.179	0.493	0.147
zhangjiafen	1965-9-4	20.800	22.138	1.407	37.488	2.730	5.600	0.083	0.053	0.055	2.516	0.214	22.243	0.480	0.148
zhangjiafen	1965-9-5	18.800	19.436	0.175	34.138	3.262	6.900	0.008	0.052	0.055	2.998	0.264	22.242	0.467	0.148
zhangjiafen	1965-9-6	17.600	16.864	0.115	30.857	3.163	7.000	0.003	0.050	0.056	2.895	0.268	22.218	0.448	0.148
zhangjiafen	1965-9-7	16.200	14.787	0.592	28.458	2.725	6.300	0.028	0.048	0.056	2.484	0.241	22.204	0.431	0.148
zhangjiafen	1965-9-8	14.300	13.734	2.393	27.785	2.741	6.500	0.105	0.047	0.056	2.493	0.249	22.172	0.421	0.148
zhangjiafen	1965-9-9	13.700	15.066	1.602	27.951	1.000	2.400	0.064	0.046	0.056	0.909	0.092	22.293	0.417	0.148
zhangjiafen	1965-9-10	18.200	16.153	1.338	27.185	1.749	4.200	0.054	0.046	0.056	1.588	0.161	22.344	0.416	0.149
zhangjiafen	1965-9-11	19.500	16.371	4.744	29.578	1.860	4.400	0.191	0.047	0.056	1.691	0.169	22.391	0.422	0.149
zhangjiafen	1965-9-12	18.200	19.233	2.734	30.773	1.042	2.400	0.109	0.048	0.056	0.950	0.092	22.525	0.432	0.149
zhangjiafen	1965-9-13	22.700	20.946	0.174	28.296	2.381	5.500	0.004	0.048	0.057	2.169	0.212	22.537	0.430	0.150
zhangjiafen	1965-9-14	21.500	19.725	5.565	31.563	1.741	4.000	0.230	0.048	0.057	1.587	0.154	22.609	0.433	0.150
zhangjiafen	1965-9-15	18.000	22.935	0.738	29.889	2.075	4.700	0.033	0.049	0.057	1.894	0.181	22.658	0.438	0.151
zhangjiafen	1965-9-16	20.200	21.326	0.410	27.505	2.528	5.900	0.020	0.047	0.057	2.300	0.228	22.649	0.427	0.151
zhangjiafen	1965-9-17	15.000	18.822	0.177	24.909	2.547	6.200	0.008	0.046	0.057	2.308	0.239	22.612	0.411	0.151
zhangjiafen	1965-9-18	13.700	16.587	0.193	22.640	2.235	5.700	0.008	0.044	0.058	2.015	0.220	22.579	0.395	0.151
zhangjiafen	1965-9-19	13.700	14.852	0	20.341	2.093	5.600	0	0.042	0.058	1.877	0.216	22.533	0.379	0.151
zhangjiafen	1965-9-20	13.200	13.501	0	18.763	1.317	3.700	0	0.040	0.058	1.175	0.143	22.545	0.363	0.150
zhangjiafen	1965-9-21	12.600	12.439	0	17.128	1.403	4.100	0	0.039	0.059	1.245	0.158	22.529	0.351	0.150
zhangjiafen	1965-9-22	13.200	11.628	0	15.312	1.635	5.000	0	0.037	0.060	1.442	0.193	22.464	0.337	0.150
zhangjiafen	1965-9-23	13.200	11.034	0	13.789	1.333	4.300	0	0.036	0.061	1.167	0.165	22.409	0.321	0.150
zhangjiafen	1965-9-24	13.200	10.609	0	12.069	1.588	5.400	0	0.034	0.062	1.380	0.207	22.297	0.306	0.149
zhangjiafen	1965-9-25	13.200	10.308	0.518	11.015	1.432	5.100	0.009	0.033	0.063	1.236	0.195	22.184	0.294	0.149
zhangjiafen	1965-9-26	12.600	10.340	0	9.560	1.334	5.000	0	0.031	0.064	1.143	0.191	22.063	0.281	0.148
zhangjiafen	1965-9-27	13.200	10.213	0	8.110	1.368	5.500	0	0.029	0.064	1.159	0.210	21.904	0.263	0.147
zhangjiafen	1965-9-28	12.600	10.005	0	6.750	1.307	5.700	0	0.027	0.065	1.091	0.216	21.719	0.242	0.146
zhangjiafen	1965-9-29	13.200	9.811	0	5.428	1.318	6.300	0	0.024	0.066	1.080	0.238	21.491	0.220	0.145
zhangjiafen	1965-9-30	13.200	9.646	0.019	4.225	1.257	6.700	0	0.022	0.066	1.006	0.252	21.226	0.196	0.143
zhangjiafen	1965-10-1	13.200	9.514	0	3.456	0.748	4.500	0	0.019	0.067	0.580	0.168	21.020	0.171	0.142
zhangjiafen	1965-10-2	12.600	9.332	0.936	3.498	0.901	5.500	0.009	0.019	0.067	0.697	0.204	20.779	0.170	0.140
zhangjiafen	1965-10-3	13.200	9.231	4.539	7.568	0.245	1.200	0.023	0.024	0.066	0.201	0.044	20.750	0.220	0.139
zhangjiafen	1965-10-4	15.000	9.802	0.584	7.096	0.913	3.900	0.007	0.028	0.065	0.769	0.144	20.655	0.252	0.138
zhangjiafen	1965-10-5	15.600	10.019	0	6.008	0.982	4.400	0	0.027	0.065	0.820	0.162	20.531	0.241	0.138
zhangjiafen	1965-10-6	14.300	9.939	0.418	5.456	0.864	4.100	0.003	0.025	0.066	0.713	0.150	20.405	0.228	0.137
zhangjiafen	1965-10-7	14.300	9.772	0	4.567	0.796	4.000	0	0.024	0.067	0.650	0.146	20.271	0.215	0.136
zhangjiafen	1965-10-8	14.300	9.613	0.005	3.794	0.698	3.800	0	0.022	0.067	0.559	0.139	20.127	0.197	0.135
zhangjiafen	1965-10-9	13.200	9.479	0	3.040	0.708	4.200	0	0.020	0.067	0.555	0.153	19.952	0.179	0.134
zhangjiafen	1965-10-10	12.600	9.335	0	2.388	0.624	4.100	0	0.018	0.067	0.475	0.148	19.762	0.159	0.133
zhangjiafen	1965-10-11	13.200	9.178	0.038	1.804	0.640	4.700	0	0.015	0.067	0.470	0.169	19.533	0.139	0.132
zhangjiafen	1965-10-12	13.200	9.002	4.874	6.253	0.236	1.300	0.017	0.022	0.067	0.189	0.046	19.485	0.196	0.130
zhangjiafen	1965-10-13	13.200	9.253	0.852	6.053	0.926	4.200	0.008	0.027	0.066	0.776	0.150	19.380	0.241	0.130
zhangjiafen	1965-10-14	12.100	9.361	0.561	5.394	1.142	5.300	0.005	0.026	0.066	0.953	0.189	19.232	0.236	0.129
zhangjiafen	1965-10-15	12.100	9.420	0.121	4.484	0.950	4.700	0.001	0.025	0.067	0.784	0.167	19.091	0.221	0.128
zhangjiafen	1965-10-16	12.600	9.467	0	3.655	0.744	4.000	0	0.023	0.067	0.603	0.141	18.959	0.203	0.127
zhangjiafen	1965-10-17	12.600	9.470	0.036	2.836	0.819	4.800	0	0.021	0.067	0.650	0.169	18.781	0.185	0.126
zhangjiafen	1965-10-18	12.600	9.399	0	2.043	0.794	5.200	0	0.018	0.067	0.612	0.182	18.569	0.163	0.125
zhangjiafen	1965-10-19	12.600	9.255	0	1.467	0.572	4.300	0	0.015	0.067	0.422	0.150	18.367	0.138	0.124
zhangjiafen	1965-10-20	12.600	9.059	0	1.022	0.452	3.900	0	0.013	0.067	0.317	0.135	18.157	0.116	0.122
zhangjiafen	1965-10-21	12.600	8.833	0	0.666	0.388	3.900	0	0.010	0.067	0.254	0.134	17.928	0.094	0.121
zhangjiafen	1965-10-22	12.600	8.596	0	0.392	0.347	4.200	0	0.008	0.067	0.203	0.144	17.667	0.070	0.120
zhangjiafen	1965-10-23	12.600	8.353	0	0.221	0.267	4.100	0	0.005	0.067	0.128	0.139	17.388	0.045	0.118
zhangjiafen	1965-10-24	12.600	8.103	0	0.122	0.208	4.000	0	0.003	0.067	0.073	0.135	17.097	0.027	0.116
zhangjiafen	1965-10-25	12.600	7.853	0	0.074	0.137	3.100	0	0.002	0.067	0.033	0.104	16.828	0.016	0.114
zhangjiafen	1965-10-26	12.600	7.616	0	0.044	0.119	3.000	0	0.001	0.067	0.020	0.099	16.559	0.010	0.112
zhangjiafen	1965-10-27	12.600	7.408	0	0.025	0.118	3.200	0	0.001	0.067	0.013	0.105	16.282	0.006	0.110
zhangjiafen	1965-10-28	12.600	7.236	0.052	0.042	0.113	2.800	0	0.001	0.067	0.022	0.091	16.026	0.012	0.109
zhangjiafen	1965-10-29	12.100	7.104	0	0.020	0.108	2.800	0	0.001	0.067	0.018	0.091	15.771	0.009	0.107
zhangjiafen	1965-10-30	12.100	7.010	0.587	0.415	0.243	3.500	0	0.006	0.067	0.131	0.112	15.542	0.055	0.105
zhangjiafen	1965-10-31	12.100	6.990	2.547	2.813	0	0	0.003	0.015	0.067	0	0	15.503	0.132	0.104
zhangjiafen	1965-11-1	12.100	7.145	0.069	2.504	0.243	1.600	0	0.019	0.067	0.192	0.051	15.448	0.167	0.103
zhangjiafen	1965-11-2	12.600	7.443	0	1.928	0.517	3.600	0	0.017	0.067	0.403	0.114	15.320	0.156	0.103
zhangjiafen	1965-11-3	12.100	7.752	0	1.464	0.413	3.200	0	0.015	0.067	0.311	0.101	15.187	0.138	0.102
zhangjiafen	1965-11-4	12.100	7.979	0	1.147	0.254	2.200	0	0.013	0.067	0.184	0.069	15.069	0.120	0.101
zhangjiafen	1965-11-5	11.500	8.095	0	0.884	0.209	2.000	0	0.012	0.067	0.146	0.063	14.944	0.105	0.100
zhangjiafen	1965-11-6	11.500	8.117	0.314	0.938	0.219	2.200	0.001	0.011	0.067	0.150	0.069	14.807	0.098	0.100
zhangjiafen	1965-11-7	11.500	8.085	1.703	2.315	0.242	2.000	0.004	0.014	0.067	0.180	0.062	14.706	0.127	0.099
zhangjiafen	1965-11-8	11.500	8.070	4.575	6.480	0.199	1.100	0.022	0.022	0.066	0.165	0.034	14.709	0.201	0.098
zhangjiafen	1965-11-9	11.500	8.274	1.420	7.348	0.308	1.400	0.017	0.027	0.058	0.264	0.043	14.754	0.244	0.098
zhangjiafen	1965-11-10	12.100	8.694	0.013	6.820	0.311	1.400	0	0.027	0.057	0.267	0.043	14.801	0.246	0.098
zhangjiafen	1965-11-11	11.500	9.098	0.166	6.570	0.173	0.800	0.001	0.027	0.059	0.148	0.025	14.858	0.239	0.099
zhangjiafen	1965-11-12	11.000	9.329	0.277	6.271	0.364	1.700	0.001	0.026	0.061	0.311	0.053	14.883	0.238	0.099
zhangjiafen	1965-11-13	11.000	9.398	0	5.483	0.624	3.000	0	0.026	0.063	0.531	0.094	14.859	0.232	0.099
zhangjiafen	1965-11-14	10.400	9.295	0	4.649	0.704	3.600	0	0.024	0.064	0.592	0.112	14.801	0.218	0.099
zhangjiafen	1965-11-15	10.400	9.135	0.014	4.107	0.400	2.200	0	0.022	0.065	0.332	0.068	14.771	0.202	0.099
zhangjiafen	1965-11-16	10.400	8.991	0	3.587	0.378	2.200	0	0.021	0.066	0.309	0.068	14.728	0.190	0.098
zhangjiafen	1965-11-17	9.860	8.890	0	3.103	0.355	2.200	0	0.020	0.067	0.287	0.068	14.672	0.177	0.098
zhangjiafen	1965-11-18	9.860	8.822	0	2.680	0.302	2.000	0	0.018	0.067	0.240	0.062	14.610	0.165	0.098
zhangjiafen	1965-11-19	10.400	8.766	0.286	2.486	0.389	2.700	0.002	0.017	0.067	0.305	0.084	14.518	0.156	0.097
zhangjiafen	1965-11-20	11.000	8.720	0	2.179	0.189	1.400	0	0.016	0.067	0.146	0.043	14.455	0.145	0.097
zhangjiafen	1965-11-21	11.000	8.666	0	1.896	0.178	1.400	0	0.015	0.067	0.135	0.043	14.383	0.134	0.096
zhangjiafen	1965-11-22	11.000	8.597	0	1.619	0.190	1.600	0	0.014	0.067	0.140	0.049	14.293	0.123	0.096
zhangjiafen	1965-11-23	11.000	8.510	0	1.354	0.197	1.800	0	0.012	0.067	0.142	0.055	14.187	0.111	0.095
zhangjiafen	1965-11-24	10.400	8.405	0	1.119	0.181	1.800	0	0.011	0.067	0.126	0.055	14.069	0.099	0.095
zhangjiafen	1965-11-25	8.750	8.286	0	0.913	0.165	1.800	0	0.010	0.067	0.110	0.055	13.941	0.087	0.094
zhangjiafen	1965-11-26	8.750	8.160	0	0.734	0.150	1.800	0	0.008	0.067	0.095	0.054	13.802	0.075	0.093
zhangjiafen	1965-11-27	8.300	8.033	0	0.582	0.135	1.800	0	0.007	0.067	0.081	0.054	13.653	0.065	0.092
zhangjiafen	1965-11-28	9.860	7.909	0	0.453	0.122	1.800	0	0.006	0.067	0.068	0.054	13.495	0.054	0.091
zhangjiafen	1965-11-29	8.300	7.788	0	0.347	0.110	1.800	0	0.005	0.067	0.056	0.054	13.330	0.045	0.090
zhangjiafen	1965-11-30	7.850	7.672	0	0.261	0.099	1.800	0	0.004	0.067	0.046	0.053	13.158	0.037	0.089
zhangjiafen	1965-12-1	7.690	7.562	0	0.186	0.105	2.100	0	0.003	0.067	0.043	0.062	12.971	0.030	0.088
zhangjiafen	1965-12-2	8.470	7.459	0	0.142	0.054	1.200	0	0.003	0.067	0.019	0.035	12.805	0.023	0.086
zhangjiafen	1965-12-3	8.360	7.363	0	0.101	0.070	1.700	0	0.002	0.067	0.021	0.049	12.621	0.018	0.085
zhangjiafen	1965-12-4	8.620	7.274	0	0.072	0.053	1.400	0	0.002	0.067	0.013	0.040	12.444	0.014	0.084
zhangjiafen	1965-12-5	7.300	7.193	0	0.052	0.043	1.200	0	0.001	0.067	0.009	0.034	12.270	0.011	0.083
zhangjiafen	1965-12-6	6.480	7.118	0	0.036	0.044	1.300	0	0.001	0.067	0.007	0.037	12.092	0.008	0.082
zhangjiafen	1965-12-7	7.100	7.051	0	0.024	0.045	1.400	0	0.001	0.067	0.006	0.039	11.911	0.006	0.081
zhangjiafen	1965-12-8	7.810	6.991	0	0.017	0.037	1.200	0	0	0.067	0.003	0.033	11.735	0.004	0.079
zhangjiafen	1965-12-9	8.050	6.938	0	0.012	0.038	1.300	0	0	0.067	0.002	0.036	11.556	0.003	0.078
zhangjiafen	1965-12-10	8.350	6.892	0	0.008	0.040	1.400	0	0	0.067	0.002	0.038	11.375	0.002	0.077
zhangjiafen	1965-12-11	9.180	6.853	0	0.006	0.042	1.500	0	0	0.067	0.001	0.041	11.192	0.001	0.076
zhangjiafen	1965-12-12	7.150	6.819	0.055	0.045	0.036	1.100	0	0.001	0.067	0.006	0.030	11.030	0.009	0.075
zhangjiafen	1965-12-13	6.930	6.794	0.077	0.076	0.055	1.300	0	0.003	0.067	0.020	0.035	10.877	0.023	0.074
zhangjiafen	1965-12-14	6.600	6.790	0.035	0.062	0.060	1.400	0	0.003	0.067	0.022	0.037	10.724	0.024	0.073
zhangjiafen	1965-12-15	5.210	6.811	0	0.034	0.044	1.200	0	0.002	0.067	0.012	0.032	10.568	0.015	0.071
zhangjiafen	1965-12-16	4.320	6.838	0	0.018	0.036	1.100	0	0.001	0.067	0.007	0.029	10.411	0.009	0.070
zhangjiafen	1965-12-17	5.390	6.857	0	0.011	0.043	1.500	0	0	0.067	0.004	0.039	10.239	0.003	0.069
zhangjiafen	1965-12-18	5.320	6.859	0	0.007	0.035	1.300	0	0	0.067	0.002	0.034	10.072	0.002	0.068
zhangjiafen	1965-12-19	5.080	6.845	0	0.005	0.032	1.200	0	0	0.067	0.001	0.031	9.908	0.001	0.067
zhangjiafen	1965-12-20	5.620	6.821	0	0.004	0.031	1.200	0	0	0.067	0.001	0.030	9.745	0.001	0.066
zhangjiafen	1965-12-21	5.460	6.794	0	0.003	0.028	1.100	0	0	0.067	0	0.028	9.586	0	0.065
zhangjiafen	1965-12-22	4.900	6.768	0	0.003	0.030	1.200	0	0	0.067	0	0.030	9.425	0	0.064
zhangjiafen	1965-12-23	3.890	6.747	0	0.003	0.030	1.200	0	0	0.067	0	0.030	9.265	0	0.063
zhangjiafen	1965-12-24	4.730	6.731	0	0.003	0.029	1.200	0	0	0.067	0	0.029	9.107	0	0.062
zhangjiafen	1965-12-25	6.430	6.720	0	0.003	0.032	1.300	0	0	0.067	0	0.032	8.947	0	0.061
zhangjiafen	1965-12-26	4.900	6.713	0	0.002	0.029	1.200	0	0	0.067	0	0.029	8.792	0	0.060
zhangjiafen	1965-12-27	5.360	6.709	0	0.002	0.026	1.100	0	0	0.067	0	0.026	8.640	0	0.059
zhangjiafen	1965-12-28	5.220	6.706	0.027	0.020	0.035	1.300	0	0.001	0.067	0.004	0.031	8.489	0.005	0.058
zhangjiafen	1965-12-29	4.680	6.706	0.051	0.050	0.034	1.100	0	0.001	0.067	0.008	0.026	8.351	0.011	0.057
zhangjiafen	1965-12-30	4.580	6.713	0	0.029	0.031	1.000	0	0.001	0.067	0.008	0.023	8.216	0.012	0.056
zhangjiafen	1965-12-31	3.570	6.728	0	0.019	0.029	1.100	0	0.001	0.067	0.004	0.025	8.074	0.006	0.055
