zhangjiafen	1962-1-1	6.480	2.300	0	29.199	0.356	0.800	0	0.048	0.021	0.320	0.036	30.183	0.435	0.200
zhangjiafen	1962-1-2	6.140	2.300	0	28.407	0.351	0.800	0	0.048	0.021	0.315	0.036	30.352	0.431	0.201
zhangjiafen	1962-1-3	5.980	3.065	0	27.612	0.347	0.800	0	0.047	0.021	0.311	0.036	30.517	0.426	0.202
zhangjiafen	1962-1-4	7.020	4.300	0	26.840	0.343	0.800	0	0.047	0.021	0.307	0.036	30.682	0.422	0.203
zhangjiafen	1962-1-5	6.310	5.662	0	26.073	0.338	0.800	0	0.046	0.021	0.302	0.036	30.836	0.417	0.205
zhangjiafen	1962-1-6	6.480	6.735	0	25.317	0.334	0.800	0	0.046	0.021	0.298	0.036	30.990	0.413	0.206
zhangjiafen	1962-1-7	7.370	7.355	0.072	24.643	0.330	0.800	0	0.045	0.022	0.294	0.036	31.130	0.409	0.207
zhangjiafen	1962-1-8	7.540	7.597	1.155	25.046	0.329	0.800	0.006	0.045	0.022	0.293	0.036	31.273	0.408	0.207
zhangjiafen	1962-1-9	8.500	7.669	0.337	24.635	0.329	0.800	0.002	0.045	0.022	0.293	0.037	31.413	0.408	0.208
zhangjiafen	1962-1-10	7.380	7.634	0.021	23.917	0.326	0.800	0	0.045	0.022	0.290	0.037	31.549	0.404	0.209
zhangjiafen	1962-1-11	7.750	7.534	0	23.188	0.322	0.800	0	0.044	0.022	0.285	0.037	31.677	0.400	0.210
zhangjiafen	1962-1-12	7.370	7.403	0	22.468	0.318	0.800	0	0.044	0.022	0.281	0.037	31.800	0.395	0.211
zhangjiafen	1962-1-13	7.920	7.266	0	21.757	0.313	0.800	0	0.043	0.022	0.276	0.037	31.922	0.391	0.212
zhangjiafen	1962-1-14	7.560	7.137	0	21.056	0.309	0.800	0	0.043	0.022	0.272	0.037	32.038	0.386	0.213
zhangjiafen	1962-1-15	7.200	7.021	0	20.366	0.304	0.800	0	0.042	0.022	0.267	0.037	32.147	0.381	0.214
zhangjiafen	1962-1-16	5.680	6.919	0	19.684	0.300	0.800	0	0.042	0.022	0.263	0.037	32.249	0.377	0.214
zhangjiafen	1962-1-17	5.380	6.829	0.004	19.016	0.296	0.800	0	0.041	0.022	0.259	0.037	32.347	0.372	0.215
zhangjiafen	1962-1-18	6.270	6.747	0	18.355	0.291	0.800	0	0.041	0.022	0.254	0.037	32.440	0.367	0.216
zhangjiafen	1962-1-19	6.640	6.672	0	17.702	0.287	0.800	0	0.040	0.023	0.250	0.037	32.525	0.362	0.216
zhangjiafen	1962-1-20	6.840	6.600	0.040	17.100	0.282	0.800	0	0.040	0.023	0.245	0.037	32.606	0.357	0.217
zhangjiafen	1962-1-21	7.760	6.532	0	16.438	0.313	0.900	0	0.039	0.023	0.271	0.042	32.676	0.353	0.217
zhangjiafen	1962-1-22	8.700	6.465	0	15.787	0.307	0.900	0	0.039	0.023	0.265	0.042	32.741	0.347	0.218
zhangjiafen	1962-1-23	7.160	6.399	0	15.146	0.302	0.900	0	0.038	0.023	0.260	0.042	32.800	0.342	0.218
zhangjiafen	1962-1-24	6.800	6.333	0	14.517	0.297	0.900	0	0.037	0.023	0.255	0.042	32.854	0.337	0.219
zhangjiafen	1962-1-25	8.530	6.267	0	13.900	0.291	0.900	0	0.037	0.023	0.249	0.042	32.901	0.331	0.219
zhangjiafen	1962-1-26	7.380	6.201	0	13.294	0.286	0.900	0	0.036	0.023	0.244	0.042	32.943	0.326	0.219
zhangjiafen	1962-1-27	7.380	6.135	0	12.700	0.280	0.900	0	0.036	0.023	0.238	0.042	32.978	0.320	0.220
zhangjiafen	1962-1-28	7.380	6.068	0	12.117	0.275	0.900	0	0.035	0.023	0.233	0.042	33.008	0.315	0.220
zhangjiafen	1962-1-29	8.080	6.001	0	11.547	0.269	0.900	0	0.034	0.023	0.227	0.042	33.032	0.309	0.220
zhangjiafen	1962-1-30	7.710	5.933	0	10.988	0.264	0.900	0	0.034	0.023	0.222	0.042	33.050	0.303	0.220
zhangjiafen	1962-1-31	8.470	5.864	0	10.441	0.258	0.900	0	0.033	0.023	0.216	0.042	33.062	0.297	0.220
zhangjiafen	1962-2-1	6.770	5.794	0	9.907	0.253	0.900	0	0.032	0.023	0.211	0.042	33.068	0.291	0.220
zhangjiafen	1962-2-2	6.490	5.723	0	9.385	0.247	0.900	0	0.032	0.023	0.205	0.042	33.067	0.285	0.220
zhangjiafen	1962-2-3	6.620	5.651	0	8.876	0.242	0.900	0	0.031	0.023	0.199	0.042	33.061	0.279	0.220
zhangjiafen	1962-2-4	7.040	5.578	0	8.379	0.236	0.900	0	0.030	0.023	0.194	0.042	33.048	0.273	0.220
zhangjiafen	1962-2-5	6.770	5.504	0	7.895	0.230	0.900	0	0.030	0.023	0.188	0.042	33.029	0.266	0.220
zhangjiafen	1962-2-6	6.900	5.429	0	7.424	0.225	0.900	0	0.029	0.023	0.182	0.042	33.003	0.260	0.220
zhangjiafen	1962-2-7	6.900	5.352	0.444	7.403	0.222	0.900	0	0.029	0.023	0.179	0.042	32.975	0.257	0.220
zhangjiafen	1962-2-8	7.190	5.277	0.330	7.269	0.221	0.900	0	0.028	0.023	0.179	0.042	32.946	0.256	0.220
zhangjiafen	1962-2-9	6.620	5.207	2.234	9.018	0.230	0.900	0.001	0.030	0.023	0.188	0.042	32.927	0.266	0.220
zhangjiafen	1962-2-10	7.190	5.181	1.134	9.639	0.243	0.900	0.001	0.031	0.023	0.201	0.042	32.923	0.280	0.220
zhangjiafen	1962-2-11	7.470	5.193	0	9.125	0.244	0.900	0	0.031	0.023	0.202	0.042	32.920	0.281	0.219
zhangjiafen	1962-2-12	7.030	5.215	0.172	8.792	0.239	0.900	0	0.031	0.023	0.197	0.042	32.912	0.276	0.219
zhangjiafen	1962-2-13	7.790	5.228	0	8.299	0.235	0.900	0	0.030	0.023	0.192	0.042	32.899	0.271	0.219
zhangjiafen	1962-2-14	8.280	5.224	0	7.818	0.229	0.900	0	0.029	0.023	0.187	0.042	32.879	0.265	0.219
zhangjiafen	1962-2-15	7.480	5.201	0	7.350	0.223	0.900	0	0.029	0.023	0.181	0.042	32.853	0.258	0.219
zhangjiafen	1962-2-16	9.250	5.163	0	6.895	0.217	0.900	0	0.028	0.023	0.175	0.042	32.821	0.251	0.219
zhangjiafen	1962-2-17	8.980	5.112	0.557	7.002	0.215	0.900	0	0.028	0.023	0.173	0.042	32.786	0.249	0.219
zhangjiafen	1962-2-18	7.900	5.062	0	6.557	0.213	0.900	0	0.027	0.023	0.171	0.042	32.749	0.246	0.219
zhangjiafen	1962-2-19	7.730	5.013	0.149	6.273	0.208	0.900	0	0.027	0.023	0.166	0.042	32.706	0.240	0.218
zhangjiafen	1962-2-20	8.390	4.961	0	5.850	0.203	0.900	0	0.026	0.023	0.161	0.042	32.658	0.235	0.218
zhangjiafen	1962-2-21	7.900	4.904	0	5.425	0.219	1.000	0	0.025	0.023	0.173	0.047	32.598	0.228	0.218
zhangjiafen	1962-2-22	7.570	4.839	1.446	6.434	0.224	1.000	0	0.026	0.023	0.177	0.047	32.545	0.233	0.217
zhangjiafen	1962-2-23	7.410	4.778	0	5.953	0.274	1.200	0	0.026	0.023	0.218	0.056	32.487	0.237	0.217
zhangjiafen	1962-2-24	7.790	4.724	0.551	6.030	0.270	1.200	0	0.026	0.023	0.214	0.056	32.425	0.234	0.217
zhangjiafen	1962-2-25	8.640	4.677	0	5.565	0.266	1.200	0	0.026	0.023	0.210	0.056	32.361	0.230	0.216
zhangjiafen	1962-2-26	8.280	4.635	0	5.117	0.257	1.200	0	0.025	0.022	0.201	0.056	32.288	0.222	0.216
zhangjiafen	1962-2-27	7.270	4.593	0	4.687	0.248	1.200	0	0.024	0.022	0.192	0.056	32.209	0.213	0.215
zhangjiafen	1962-2-28	7.750	4.547	0.434	4.701	0.243	1.200	0	0.023	0.022	0.188	0.056	32.125	0.209	0.215
zhangjiafen	1962-3-1	8.090	4.495	0.549	4.640	0.488	2.400	0	0.023	0.022	0.377	0.111	31.987	0.209	0.214
zhangjiafen	1962-3-2	7.620	4.438	0	3.978	0.571	2.900	0	0.022	0.022	0.437	0.134	31.820	0.202	0.213
zhangjiafen	1962-3-3	7.650	4.373	0	3.368	0.535	2.900	0	0.021	0.022	0.402	0.134	31.639	0.188	0.212
zhangjiafen	1962-3-4	11.700	4.296	0.067	2.875	0.501	2.900	0	0.019	0.022	0.368	0.133	31.447	0.173	0.211
zhangjiafen	1962-3-5	10.700	4.206	0	2.365	0.467	2.900	0	0.018	0.022	0.334	0.133	31.241	0.159	0.210
zhangjiafen	1962-3-6	10.700	4.103	0	1.908	0.430	2.900	0	0.016	0.022	0.298	0.132	31.022	0.143	0.208
zhangjiafen	1962-3-7	10.800	3.987	0	1.542	0.339	2.500	0	0.014	0.022	0.226	0.114	30.807	0.127	0.207
zhangjiafen	1962-3-8	10.700	3.859	0	1.220	0.311	2.500	0	0.012	0.021	0.198	0.113	30.579	0.112	0.205
zhangjiafen	1962-3-9	10.800	3.722	0.091	1.023	0.290	2.500	0	0.011	0.021	0.177	0.113	30.342	0.101	0.204
zhangjiafen	1962-3-10	10.800	3.581	0.047	0.812	0.270	2.500	0	0.010	0.021	0.158	0.112	30.096	0.091	0.202
zhangjiafen	1962-3-11	8.890	3.438	0.091	0.651	0.293	2.900	0	0.009	0.021	0.163	0.130	29.826	0.081	0.201
zhangjiafen	1962-3-12	10.200	3.297	0	0.453	0.247	2.700	0	0.008	0.021	0.126	0.120	29.553	0.068	0.199
zhangjiafen	1962-3-13	10.900	3.156	0	0.306	0.213	2.700	0	0.006	0.021	0.094	0.120	29.266	0.050	0.197
zhangjiafen	1962-3-14	10.900	3.014	0.053	0.237	0.196	2.700	0	0.005	0.020	0.077	0.119	28.973	0.042	0.195
zhangjiafen	1962-3-15	12.900	2.873	0.102	0.200	0.255	3.600	0	0.004	0.020	0.096	0.158	28.641	0.039	0.193
zhangjiafen	1962-3-16	9.500	2.734	0	0.112	0.218	3.500	0	0.003	0.020	0.065	0.153	28.304	0.027	0.191
zhangjiafen	1962-3-17	7.670	2.600	0	0.066	0.185	3.500	0	0.002	0.020	0.033	0.152	27.957	0.014	0.189
zhangjiafen	1962-3-18	8.890	2.473	2.180	1.820	0.484	4.100	0	0.012	0.020	0.307	0.177	27.682	0.108	0.186
zhangjiafen	1962-3-19	8.890	2.395	0.951	2.156	0.636	4.300	0	0.016	0.020	0.451	0.185	27.440	0.147	0.185
zhangjiafen	1962-3-20	8.890	2.380	0	1.780	0.314	2.200	0	0.016	0.020	0.220	0.094	27.284	0.140	0.183
zhangjiafen	1962-3-21	7.670	2.418	0	1.214	0.632	4.800	0	0.014	0.020	0.428	0.205	27.004	0.126	0.182
zhangjiafen	1962-3-22	8.280	2.487	0.096	0.946	0.400	3.500	0	0.011	0.019	0.252	0.148	26.758	0.103	0.180
zhangjiafen	1962-3-23	8.280	2.559	0.057	0.679	0.390	3.800	0	0.010	0.019	0.230	0.160	26.487	0.087	0.178
zhangjiafen	1962-3-24	8.890	2.610	0.290	0.683	0.350	3.600	0	0.009	0.019	0.198	0.151	26.219	0.079	0.177
zhangjiafen	1962-3-25	8.890	2.628	0.132	0.519	0.391	4.200	0	0.008	0.019	0.216	0.175	25.924	0.074	0.175
zhangjiafen	1962-3-26	8.890	2.613	0.089	0.377	0.333	4.000	0	0.007	0.019	0.167	0.166	25.626	0.060	0.173
zhangjiafen	1962-3-27	8.890	2.567	0	0.224	0.258	3.600	0	0.005	0.019	0.109	0.149	25.331	0.044	0.171
zhangjiafen	1962-3-28	8.890	2.497	0	0.124	0.234	3.900	0	0.003	0.019	0.074	0.160	25.010	0.028	0.169
zhangjiafen	1962-3-29	8.890	2.413	0	0.059	0.225	4.300	0	0.002	0.019	0.049	0.175	24.666	0.017	0.167
zhangjiafen	1962-3-30	8.890	2.322	0	0.029	0.163	3.500	0	0.001	0.019	0.022	0.142	24.349	0.009	0.164
zhangjiafen	1962-3-31	8.890	2.230	2.711	2.439	0.264	2.200	0	0.013	0.019	0.175	0.089	24.193	0.114	0.162
zhangjiafen	1962-4-1	12.900	2.173	4.138	5.468	1.136	6.100	0	0.022	0.019	0.891	0.245	23.963	0.196	0.161
zhangjiafen	1962-4-2	14.400	2.204	0	4.089	1.434	7.200	0	0.023	0.019	1.147	0.288	23.707	0.210	0.160
zhangjiafen	1962-4-3	8.280	2.329	0	3.268	0.803	4.600	0	0.020	0.019	0.620	0.183	23.529	0.181	0.158
zhangjiafen	1962-4-4	8.280	2.511	0	2.388	0.943	6.000	0	0.018	0.019	0.705	0.237	23.275	0.160	0.157
zhangjiafen	1962-4-5	8.280	2.701	0	1.619	0.881	6.500	0	0.015	0.019	0.626	0.256	22.978	0.133	0.155
zhangjiafen	1962-4-6	10.200	2.853	0	1.137	0.566	5.000	0	0.012	0.019	0.371	0.196	22.714	0.104	0.153
zhangjiafen	1962-4-7	16.700	2.940	0.461	1.067	0.644	5.800	0	0.011	0.019	0.418	0.226	22.420	0.102	0.151
zhangjiafen	1962-4-8	17.500	2.962	2.018	2.364	0.811	6.100	0	0.015	0.019	0.575	0.236	22.147	0.132	0.149
zhangjiafen	1962-4-9	15.200	2.959	0	1.560	0.909	6.600	0	0.015	0.019	0.656	0.253	21.865	0.138	0.148
zhangjiafen	1962-4-10	12.900	2.955	0	0.844	0.944	8.400	0	0.012	0.019	0.623	0.320	21.484	0.104	0.146
zhangjiafen	1962-4-11	11.500	2.939	0.103	0.473	0.704	7.800	0	0.008	0.019	0.409	0.295	21.102	0.075	0.143
zhangjiafen	1962-4-12	10.200	2.890	0	0.267	0.358	5.200	0	0.005	0.019	0.163	0.195	20.792	0.045	0.141
zhangjiafen	1962-4-13	10.200	2.804	0	0.126	0.345	6.100	0	0.003	0.019	0.118	0.227	20.435	0.028	0.139
zhangjiafen	1962-4-14	8.890	2.691	0	0.062	0.235	5.000	0	0.002	0.019	0.051	0.184	20.110	0.015	0.136
zhangjiafen	1962-4-15	8.890	2.563	0	0.025	0.236	5.600	0	0.001	0.019	0.031	0.205	19.760	0.008	0.134
zhangjiafen	1962-4-16	8.890	2.429	0	0.010	0.182	4.700	0	0	0.019	0.012	0.170	19.443	0.004	0.132
zhangjiafen	1962-4-17	8.280	2.297	1.031	0.821	0.339	4.800	0	0.006	0.019	0.166	0.173	19.171	0.050	0.130
zhangjiafen	1962-4-18	8.280	2.203	0	0.566	0.419	5.800	0	0.006	0.019	0.212	0.207	18.868	0.051	0.128
zhangjiafen	1962-4-19	8.280	2.154	0	0.457	0.233	4.200	0	0.003	0.019	0.085	0.149	18.601	0.027	0.126
zhangjiafen	1962-4-20	7.670	2.125	0	0.400	0.136	2.800	0	0.002	0.019	0.038	0.098	18.378	0.018	0.124
zhangjiafen	1962-4-21	7.670	2.095	0	0.329	0.239	5.200	0	0.002	0.019	0.057	0.182	18.069	0.014	0.123
zhangjiafen	1962-4-22	7.670	2.053	0	0.283	0.165	3.800	0	0.001	0.019	0.033	0.132	17.809	0.011	0.120
zhangjiafen	1962-4-23	8.280	2.000	0	0.212	0.341	8.100	0	0.001	0.019	0.062	0.279	17.402	0.010	0.119
zhangjiafen	1962-4-24	8.280	1.942	0	0.154	0.339	8.500	0	0.001	0.019	0.050	0.289	16.986	0.008	0.116
zhangjiafen	1962-4-25	8.280	1.883	0	0.102	0.393	10.300	0	0.001	0.019	0.047	0.346	16.513	0.006	0.113
zhangjiafen	1962-4-26	8.280	1.825	0	0.070	0.288	7.900	0	0	0.019	0.026	0.262	16.127	0.004	0.110
zhangjiafen	1962-4-27	8.280	1.771	0	0.053	0.187	5.300	0	0	0.019	0.014	0.174	15.830	0.004	0.108
zhangjiafen	1962-4-28	7.670	1.722	0	0.037	0.208	6.000	0	0	0.019	0.013	0.195	15.513	0.003	0.106
zhangjiafen	1962-4-29	7.060	1.677	0	0.024	0.203	6.000	0	0	0.019	0.010	0.193	15.200	0.002	0.103
zhangjiafen	1962-4-30	7.060	1.638	2.467	1.956	0.614	6.000	0	0.011	0.019	0.424	0.191	14.990	0.101	0.101
zhangjiafen	1962-5-1	7.060	1.627	9.153	9.851	1.196	5.900	0.003	0.025	0.017	1.009	0.186	14.908	0.222	0.100
zhangjiafen	1962-5-2	9.500	1.696	2.542	10.307	2.019	7.800	0.002	0.031	0.015	1.773	0.246	14.828	0.280	0.099
zhangjiafen	1962-5-3	10.900	1.879	0.081	8.785	1.485	5.900	0	0.030	0.015	1.299	0.185	14.802	0.273	0.099
zhangjiafen	1962-5-4	10.900	2.162	0	7.204	1.505	6.500	0	0.028	0.016	1.301	0.204	14.736	0.252	0.099
zhangjiafen	1962-5-5	10.200	2.492	0	6.128	0.966	4.600	0	0.025	0.017	0.822	0.144	14.706	0.229	0.098
zhangjiafen	1962-5-6	8.890	2.806	0	4.785	1.329	6.900	0	0.023	0.017	1.113	0.216	14.584	0.209	0.098
zhangjiafen	1962-5-7	8.890	3.062	0.935	4.224	1.541	8.500	0	0.022	0.018	1.277	0.265	14.402	0.198	0.097
zhangjiafen	1962-5-8	7.060	3.255	0.023	2.874	1.457	8.900	0	0.020	0.018	1.182	0.275	14.190	0.178	0.096
zhangjiafen	1962-5-9	7.060	3.386	0	1.871	1.109	8.300	0	0.016	0.019	0.854	0.255	13.962	0.140	0.095
zhangjiafen	1962-5-10	7.060	3.446	0.726	1.600	1.148	9.400	0	0.014	0.019	0.862	0.286	13.691	0.127	0.093
zhangjiafen	1962-5-11	7.060	3.439	0.596	1.307	1.053	9.300	0	0.013	0.019	0.773	0.280	13.416	0.116	0.091
zhangjiafen	1962-5-12	6.450	3.373	0	0.792	0.651	7.200	0	0.009	0.019	0.437	0.215	13.177	0.085	0.089
zhangjiafen	1962-5-13	6.450	3.254	0	0.431	0.551	8.000	0	0.006	0.019	0.315	0.236	12.890	0.056	0.088
zhangjiafen	1962-5-14	6.450	3.099	0.029	0.207	0.507	9.300	0	0.004	0.019	0.235	0.272	12.548	0.036	0.086
zhangjiafen	1962-5-15	6.160	2.929	0.101	0.087	0.579	11.300	0	0.004	0.019	0.253	0.326	12.152	0.033	0.084
zhangjiafen	1962-5-16	6.160	2.760	0	0.028	0.375	11.100	0	0.001	0.019	0.060	0.315	11.745	0.008	0.081
zhangjiafen	1962-5-17	6.450	2.592	2.110	1.564	0.697	7.800	0	0.010	0.019	0.479	0.218	11.518	0.088	0.078
zhangjiafen	1962-5-18	7.060	2.453	0.255	1.278	0.595	5.900	0	0.011	0.019	0.432	0.163	11.361	0.102	0.077
zhangjiafen	1962-5-19	6.450	2.354	0.066	0.791	0.714	8.300	0	0.009	0.019	0.486	0.228	11.120	0.082	0.076
zhangjiafen	1962-5-20	6.160	2.292	0.076	0.505	0.566	8.600	0	0.006	0.019	0.333	0.233	10.848	0.054	0.074
zhangjiafen	1962-5-21	6.160	2.259	0	0.322	0.420	9.200	0	0.003	0.019	0.173	0.246	10.536	0.026	0.072
zhangjiafen	1962-5-22	5.580	2.237	2.168	1.716	0.914	9.400	0	0.011	0.019	0.666	0.248	10.299	0.100	0.070
zhangjiafen	1962-5-23	5.580	2.268	0.032	1.172	0.619	6.000	0	0.012	0.019	0.462	0.157	10.162	0.108	0.069
zhangjiafen	1962-5-24	5.580	2.348	0.450	0.912	0.799	7.900	0	0.012	0.019	0.594	0.205	9.977	0.107	0.068
zhangjiafen	1962-5-25	5.870	2.437	2.798	2.598	1.197	9.400	0	0.016	0.019	0.955	0.241	9.792	0.142	0.067
zhangjiafen	1962-5-26	5.580	2.514	1.444	2.882	1.184	8.100	0	0.018	0.019	0.978	0.206	9.667	0.165	0.065
zhangjiafen	1962-5-27	8.890	2.590	1.023	2.663	1.274	8.600	0	0.019	0.019	1.057	0.217	9.534	0.168	0.064
zhangjiafen	1962-5-28	7.670	2.669	0	1.689	1.016	7.800	0	0.016	0.019	0.820	0.196	9.401	0.145	0.064
zhangjiafen	1962-5-29	7.060	2.729	0	0.869	0.965	9.500	0	0.012	0.019	0.728	0.237	9.190	0.107	0.063
zhangjiafen	1962-5-30	5.870	2.754	0	0.382	0.686	9.800	0	0.007	0.019	0.445	0.241	8.933	0.064	0.061
zhangjiafen	1962-5-31	5.870	2.732	0.682	0.545	0.706	9.900	0	0.008	0.019	0.465	0.240	8.681	0.068	0.060
zhangjiafen	1962-6-1	5.580	2.670	0	0.289	0.421	7.700	0	0.005	0.019	0.237	0.184	8.464	0.044	0.058
zhangjiafen	1962-6-2	5.580	2.574	0.190	0.246	0.347	6.500	0	0.005	0.019	0.194	0.153	8.278	0.043	0.056
zhangjiafen	1962-6-3	5.870	2.465	0	0.108	0.325	8.100	0	0.003	0.019	0.136	0.189	8.039	0.024	0.055
zhangjiafen	1962-6-4	5.870	2.349	2.024	1.434	0.798	8.900	0	0.011	0.019	0.593	0.205	7.857	0.095	0.054
zhangjiafen	1962-6-5	5.580	2.263	0.886	1.552	0.779	6.800	0	0.014	0.019	0.625	0.155	7.761	0.130	0.052
zhangjiafen	1962-6-6	5.580	2.230	2.031	2.721	0.834	6.300	0	0.017	0.019	0.692	0.142	7.700	0.153	0.052
zhangjiafen	1962-6-7	5.870	2.254	0.742	2.489	0.946	6.700	0	0.018	0.019	0.795	0.151	7.642	0.163	0.051
zhangjiafen	1962-6-8	7.060	2.329	2.854	4.388	0.884	5.700	0	0.020	0.019	0.756	0.128	7.624	0.179	0.051
zhangjiafen	1962-6-9	6.450	2.439	0.683	3.771	1.260	7.600	0	0.021	0.018	1.090	0.170	7.576	0.190	0.051
zhangjiafen	1962-6-10	7.060	2.567	0	2.935	0.773	5.300	0	0.018	0.018	0.655	0.118	7.555	0.166	0.051
zhangjiafen	1962-6-11	7.060	2.687	0.940	2.942	0.908	6.600	0	0.017	0.018	0.761	0.147	7.495	0.156	0.050
zhangjiafen	1962-6-12	7.060	2.784	8.991	10.236	1.611	7.900	0.003	0.026	0.016	1.436	0.175	7.487	0.232	0.050
zhangjiafen	1962-6-13	10.900	2.922	0.561	8.745	1.940	8.200	0.002	0.029	0.013	1.758	0.182	7.507	0.264	0.050
zhangjiafen	1962-6-14	10.900	3.096	0.021	7.447	1.176	5.500	0	0.027	0.014	1.054	0.122	7.560	0.239	0.050
zhangjiafen	1962-6-15	9.500	3.268	0.588	6.551	1.392	7.000	0.001	0.025	0.015	1.237	0.156	7.562	0.223	0.050
zhangjiafen	1962-6-16	8.890	3.410	0	5.258	1.224	6.800	0	0.022	0.016	1.073	0.151	7.546	0.201	0.050
zhangjiafen	1962-6-17	8.280	3.500	0	3.907	1.355	8.600	0	0.019	0.017	1.164	0.191	7.463	0.175	0.050
zhangjiafen	1962-6-18	7.670	3.534	0	3.007	0.895	6.800	0	0.016	0.018	0.745	0.150	7.389	0.144	0.050
zhangjiafen	1962-6-19	8.280	3.511	1.921	4.255	0.578	4.000	0.001	0.018	0.018	0.491	0.088	7.398	0.163	0.049
zhangjiafen	1962-6-20	8.890	3.447	1.615	4.734	1.070	6.500	0.001	0.021	0.017	0.928	0.142	7.376	0.187	0.049
zhangjiafen	1962-6-21	9.500	3.371	4.275	7.624	1.280	6.600	0.004	0.025	0.016	1.136	0.144	7.388	0.221	0.049
zhangjiafen	1962-6-22	13.700	3.337	11.925	17.149	2.226	8.400	0.031	0.033	0.012	2.042	0.184	7.436	0.294	0.049
zhangjiafen	1962-6-23	17.500	3.435	15.300	28.260	3.737	10.500	0.179	0.050	0.007	3.506	0.231	7.602	0.454	0.050
zhangjiafen	1962-6-24	28.100	4.836	10.211	33.800	4.317	10.300	0.084	0.050	0.006	4.088	0.228	7.766	0.449	0.051
zhangjiafen	1962-6-25	54.600	8.554	2.607	31.980	4.107	9.500	0.031	0.050	0.006	3.894	0.213	7.947	0.452	0.052
zhangjiafen	1962-6-26	33.600	11.416	0.750	28.396	4.068	9.800	0.006	0.048	0.007	3.846	0.222	8.101	0.435	0.053
zhangjiafen	1962-6-27	28.300	11.366	0.311	25.019	3.432	8.800	0.001	0.046	0.007	3.231	0.201	8.249	0.411	0.054
zhangjiafen	1962-6-28	26.600	9.819	0	22.158	2.594	7.100	0	0.043	0.007	2.430	0.164	8.411	0.388	0.055
zhangjiafen	1962-6-29	17.500	8.215	0	18.635	3.347	9.800	0	0.041	0.008	3.119	0.228	8.483	0.365	0.056
zhangjiafen	1962-6-30	14.400	6.990	2.401	18.219	2.583	8.000	0.034	0.039	0.009	2.396	0.187	8.579	0.348	0.057
zhangjiafen	1962-7-1	19.900	6.318	1.322	17.222	2.083	6.600	0.012	0.038	0.009	1.928	0.155	8.700	0.342	0.057
zhangjiafen	1962-7-2	15.200	6.115	1.572	16.816	1.734	5.600	0.004	0.037	0.009	1.601	0.133	8.836	0.336	0.058
zhangjiafen	1962-7-3	24.100	6.105	4.157	18.915	1.793	5.600	0.015	0.038	0.009	1.659	0.134	8.981	0.346	0.059
zhangjiafen	1962-7-4	24.700	6.164	3.479	19.745	2.412	7.200	0.013	0.040	0.008	2.239	0.173	9.098	0.358	0.060
zhangjiafen	1962-7-5	52.900	6.269	2.677	20.490	1.631	4.800	0.014	0.040	0.008	1.515	0.116	9.275	0.362	0.061
zhangjiafen	1962-7-6	23.100	6.293	1.751	20.314	1.627	4.700	0.005	0.041	0.008	1.512	0.115	9.460	0.370	0.062
zhangjiafen	1962-7-7	17.700	6.225	4.762	23.648	1.042	2.900	0.035	0.042	0.007	0.970	0.072	9.699	0.381	0.063
zhangjiafen	1962-7-8	29.300	6.247	42.335	63.209	2.068	4.100	0.243	0.057	0.007	1.965	0.103	10.034	0.509	0.065
zhangjiafen	1962-7-9	132.000	8.969	6.842	65.813	3.411	5.600	0.275	0.069	0.007	3.269	0.143	10.442	0.625	0.067
zhangjiafen	1962-7-10	92.600	14.845	0.571	61.774	4.062	6.700	0.030	0.069	0.007	3.888	0.174	10.812	0.621	0.070
zhangjiafen	1962-7-11	49.600	17.844	0	58.023	3.233	5.500	0	0.066	0.008	3.087	0.146	11.184	0.598	0.072
zhangjiafen	1962-7-12	29.900	16.990	0.682	55.363	2.804	4.900	0.025	0.064	0.008	2.672	0.132	11.549	0.579	0.075
zhangjiafen	1962-7-13	22.400	14.881	5.461	57.517	2.629	4.600	0.164	0.064	0.008	2.502	0.126	11.915	0.577	0.077
zhangjiafen	1962-7-14	21.600	14.863	1.046	55.811	2.176	3.800	0.040	0.064	0.008	2.069	0.106	12.299	0.578	0.079
zhangjiafen	1962-7-15	23.300	15.032	11.244	62.706	3.523	6.000	0.335	0.066	0.009	3.353	0.170	12.632	0.594	0.082
zhangjiafen	1962-7-16	32.400	20.203	13.920	72.774	2.761	4.400	0.506	0.071	0.009	2.634	0.127	13.054	0.642	0.084
zhangjiafen	1962-7-17	40.600	33.153	2.571	71.380	3.239	5.000	0.131	0.074	0.009	3.093	0.146	13.480	0.668	0.087
zhangjiafen	1962-7-18	34.100	35.474	9.386	76.667	3.090	4.700	0.394	0.075	0.009	2.951	0.140	13.919	0.678	0.090
zhangjiafen	1962-7-19	40.600	40.124	3.075	75.793	3.140	4.700	0.184	0.077	0.010	2.998	0.142	14.366	0.692	0.093
zhangjiafen	1962-7-20	34.100	37.927	0.002	72.464	2.703	4.100	0	0.075	0.010	2.577	0.126	14.813	0.679	0.096
zhangjiafen	1962-7-21	27.500	29.979	1.375	70.585	2.594	4.000	0.049	0.074	0.010	2.470	0.125	15.241	0.662	0.099
zhangjiafen	1962-7-22	29.100	23.786	4.968	72.338	2.334	3.600	0.260	0.074	0.011	2.221	0.114	15.677	0.662	0.102
zhangjiafen	1962-7-23	33.200	23.619	12.897	81.410	2.697	4.000	0.484	0.077	0.011	2.569	0.128	16.127	0.694	0.105
zhangjiafen	1962-7-24	54.800	34.834	14.122	90.958	3.071	4.300	0.809	0.084	0.011	2.931	0.140	16.620	0.752	0.108
zhangjiafen	1962-7-25	97.700	62.061	12.648	98.594	3.441	4.600	0.766	0.096	0.012	3.289	0.152	17.207	0.862	0.111
zhangjiafen	1962-7-26	106.000	101.407	2.103	96.760	2.956	3.900	0.178	0.093	0.012	2.825	0.131	17.789	0.840	0.115
zhangjiafen	1962-7-27	77.100	58.500	2.183	95.068	2.933	3.900	0.159	0.092	0.012	2.800	0.134	18.350	0.826	0.119
zhangjiafen	1962-7-28	69.000	38.974	0.520	91.186	3.638	4.900	0.040	0.089	0.013	3.468	0.171	18.849	0.805	0.122
zhangjiafen	1962-7-29	57.500	28.502	1.770	88.127	4.014	5.500	0.140	0.087	0.013	3.820	0.194	19.297	0.780	0.126
zhangjiafen	1962-7-30	45.600	25.264	6.376	89.142	4.213	5.800	0.473	0.088	0.013	4.005	0.207	19.742	0.795	0.129
zhangjiafen	1962-7-31	61.000	39.282	3.144	87.917	3.485	4.800	0.199	0.086	0.014	3.312	0.173	20.196	0.772	0.132
zhangjiafen	1962-8-1	63.300	34.396	1.199	84.725	3.662	5.100	0.075	0.084	0.014	3.476	0.186	20.617	0.757	0.135
zhangjiafen	1962-8-2	44.600	28.739	0	80.247	3.869	5.500	0	0.081	0.014	3.666	0.203	20.994	0.731	0.137
zhangjiafen	1962-8-3	34.100	23.080	0	75.963	3.704	5.400	0	0.078	0.015	3.502	0.201	21.341	0.703	0.140
zhangjiafen	1962-8-4	29.900	18.395	0.122	72.354	3.146	4.700	0.008	0.075	0.015	2.969	0.177	21.686	0.678	0.142
zhangjiafen	1962-8-5	29.100	15.406	3.470	71.649	3.503	5.300	0.132	0.074	0.015	3.302	0.201	21.991	0.665	0.145
zhangjiafen	1962-8-6	27.500	14.653	8.243	75.288	3.742	5.600	0.328	0.075	0.015	3.528	0.214	22.288	0.673	0.147
zhangjiafen	1962-8-7	27.300	18.587	4.104	75.111	3.514	5.200	0.208	0.076	0.015	3.314	0.200	22.607	0.683	0.149
zhangjiafen	1962-8-8	64.000	24.939	0.710	72.459	2.745	4.100	0.027	0.075	0.016	2.586	0.159	22.956	0.674	0.151
zhangjiafen	1962-8-9	30.000	25.077	0	69.748	2.106	3.200	0	0.073	0.016	1.981	0.125	23.320	0.658	0.153
zhangjiafen	1962-8-10	24.300	21.477	0	66.128	3.096	4.800	0	0.071	0.016	2.908	0.189	23.600	0.640	0.155
zhangjiafen	1962-8-11	19.900	17.617	0	62.258	3.395	5.400	0	0.069	0.016	3.182	0.214	23.832	0.620	0.157
zhangjiafen	1962-8-12	17.500	14.603	1.387	59.368	3.805	6.200	0.050	0.067	0.017	3.558	0.246	24.012	0.602	0.159
zhangjiafen	1962-8-13	18.300	14.890	0.459	55.592	3.827	6.400	0.015	0.065	0.017	3.571	0.255	24.164	0.584	0.160
zhangjiafen	1962-8-14	17.500	13.211	0	52.479	2.669	4.600	0	0.063	0.017	2.485	0.184	24.367	0.565	0.161
zhangjiafen	1962-8-15	16.700	11.272	0.021	49.892	2.149	3.800	0.001	0.061	0.017	1.997	0.153	24.585	0.550	0.162
zhangjiafen	1962-8-16	15.200	9.920	0.025	47.018	2.484	4.500	0.001	0.060	0.017	2.302	0.182	24.758	0.536	0.164
zhangjiafen	1962-8-17	13.700	9.126	1.075	44.797	2.911	5.400	0.022	0.058	0.017	2.692	0.219	24.880	0.523	0.165
zhangjiafen	1962-8-18	12.900	8.964	0	41.619	2.831	5.400	0	0.057	0.017	2.612	0.219	24.987	0.509	0.166
zhangjiafen	1962-8-19	12.200	8.743	0	38.971	2.283	4.500	0	0.055	0.017	2.100	0.183	25.114	0.494	0.167
zhangjiafen	1962-8-20	12.900	8.470	0	36.317	2.312	4.700	0	0.053	0.017	2.120	0.192	25.218	0.480	0.167
zhangjiafen	1962-8-21	10.900	8.190	1.363	34.902	2.448	5.100	0.017	0.052	0.018	2.239	0.209	25.293	0.470	0.168
zhangjiafen	1962-8-22	13.700	8.025	0.793	33.031	2.349	5.000	0.007	0.051	0.018	2.144	0.205	25.362	0.461	0.169
zhangjiafen	1962-8-23	13.700	7.895	1.811	31.635	2.949	6.400	0.017	0.050	0.018	2.686	0.263	25.366	0.453	0.169
zhangjiafen	1962-8-24	12.900	7.883	2.452	31.379	2.412	5.300	0.016	0.050	0.018	2.195	0.217	25.410	0.448	0.169
zhangjiafen	1962-8-25	14.400	7.872	25.500	53.549	2.759	5.300	0.228	0.056	0.018	2.541	0.218	25.511	0.505	0.169
zhangjiafen	1962-8-26	14.300	9.728	11.608	61.042	3.466	5.800	0.240	0.065	0.018	3.228	0.239	25.667	0.583	0.170
zhangjiafen	1962-8-27	62.000	17.345	0.416	58.901	2.013	3.300	0.020	0.066	0.018	1.876	0.136	25.937	0.595	0.171
zhangjiafen	1962-8-28	31.300	19.341	1.620	57.404	2.588	4.300	0.056	0.065	0.018	2.409	0.178	26.154	0.586	0.173
zhangjiafen	1962-8-29	22.100	18.156	4.297	58.178	2.941	4.900	0.137	0.065	0.018	2.737	0.204	26.342	0.585	0.174
zhangjiafen	1962-8-30	20.700	17.847	1.573	55.897	3.403	5.700	0.043	0.065	0.018	3.164	0.238	26.492	0.581	0.176
zhangjiafen	1962-8-31	18.300	17.999	1.238	53.851	2.813	4.800	0.040	0.063	0.018	2.612	0.201	26.665	0.569	0.177
zhangjiafen	1962-9-1	17.500	16.684	6.101	56.066	3.347	5.700	0.145	0.063	0.019	3.107	0.240	26.799	0.570	0.178
zhangjiafen	1962-9-2	21.600	18.458	1.370	53.564	3.464	5.900	0.026	0.063	0.019	3.215	0.249	26.922	0.569	0.179
zhangjiafen	1962-9-3	22.400	17.615	1.436	51.784	2.766	4.800	0.034	0.062	0.019	2.563	0.203	27.079	0.558	0.179
zhangjiafen	1962-9-4	19.100	15.958	3.364	51.595	3.087	5.400	0.080	0.061	0.019	2.858	0.229	27.203	0.553	0.181
zhangjiafen	1962-9-5	19.100	15.312	0	47.669	3.595	6.400	0	0.060	0.019	3.323	0.272	27.274	0.543	0.181
zhangjiafen	1962-9-6	17.500	13.890	0	44.984	2.281	4.200	0	0.058	0.019	2.103	0.179	27.419	0.525	0.182
zhangjiafen	1962-9-7	16.700	12.230	0	41.940	2.694	5.100	0	0.057	0.019	2.476	0.218	27.509	0.510	0.183
zhangjiafen	1962-9-8	14.400	10.824	0	39.465	2.100	4.100	0	0.055	0.019	1.924	0.175	27.627	0.496	0.183
zhangjiafen	1962-9-9	12.900	9.767	0	37.560	1.496	3.000	0	0.054	0.019	1.368	0.128	27.779	0.484	0.184
zhangjiafen	1962-9-10	12.900	9.007	0.799	36.390	1.567	3.200	0.012	0.053	0.019	1.430	0.137	27.913	0.476	0.185
zhangjiafen	1962-9-11	12.900	8.583	0.006	34.607	1.393	2.900	0	0.052	0.019	1.269	0.125	28.050	0.468	0.186
zhangjiafen	1962-9-12	12.900	8.280	0	33.371	0.800	1.700	0	0.051	0.019	0.726	0.073	28.230	0.459	0.187
zhangjiafen	1962-9-13	12.200	8.023	0	31.489	1.524	3.300	0	0.050	0.020	1.381	0.143	28.330	0.451	0.188
zhangjiafen	1962-9-14	12.200	7.798	0.175	29.667	1.665	3.700	0.002	0.049	0.020	1.504	0.160	28.403	0.441	0.189
zhangjiafen	1962-9-15	11.500	7.608	1.375	28.560	2.204	5.000	0.013	0.048	0.020	1.987	0.217	28.410	0.434	0.189
zhangjiafen	1962-9-16	11.500	7.556	1.907	28.134	2.043	4.700	0.018	0.048	0.020	1.839	0.204	28.425	0.429	0.189
zhangjiafen	1962-9-17	12.900	7.699	1.185	26.760	2.314	5.400	0.009	0.047	0.020	2.080	0.235	28.405	0.424	0.190
zhangjiafen	1962-9-18	13.700	7.828	2.496	27.136	1.826	4.300	0.013	0.047	0.020	1.640	0.187	28.430	0.420	0.189
zhangjiafen	1962-9-19	14.400	7.822	0.659	26.044	1.433	3.400	0.002	0.046	0.020	1.286	0.148	28.490	0.418	0.190
zhangjiafen	1962-9-20	14.400	7.786	0.102	24.072	1.811	4.400	0.001	0.045	0.020	1.619	0.191	28.498	0.409	0.190
zhangjiafen	1962-9-21	13.700	7.659	8.386	30.103	2.042	4.800	0.053	0.047	0.020	1.834	0.209	28.501	0.421	0.190
zhangjiafen	1962-9-22	13.700	7.752	5.018	32.577	2.223	4.900	0.040	0.049	0.020	2.009	0.213	28.523	0.445	0.190
zhangjiafen	1962-9-23	19.100	8.414	0.135	30.693	1.683	3.700	0.001	0.050	0.020	1.522	0.161	28.598	0.446	0.190
zhangjiafen	1962-9-24	16.700	8.932	0	28.617	1.768	4.000	0	0.048	0.020	1.593	0.174	28.648	0.435	0.191
zhangjiafen	1962-9-25	15.200	8.937	0	26.381	1.967	4.600	0	0.047	0.020	1.766	0.201	28.659	0.423	0.191
zhangjiafen	1962-9-26	14.400	8.565	0.793	25.078	1.824	4.400	0.006	0.046	0.020	1.632	0.192	28.667	0.412	0.191
zhangjiafen	1962-9-27	14.400	8.116	1.152	24.033	1.948	4.800	0.010	0.045	0.020	1.739	0.209	28.651	0.404	0.191
zhangjiafen	1962-9-28	14.400	7.764	0.045	21.856	2.007	5.100	0	0.044	0.020	1.784	0.222	28.611	0.394	0.191
zhangjiafen	1962-9-29	13.700	7.475	0.049	20.016	1.659	4.400	0	0.042	0.020	1.467	0.192	28.588	0.379	0.191
zhangjiafen	1962-9-30	12.900	7.218	0	18.052	1.771	4.900	0	0.041	0.020	1.557	0.214	28.530	0.366	0.191
zhangjiafen	1962-10-1	12.900	6.970	0	15.890	2.030	5.900	0	0.039	0.020	1.773	0.257	28.413	0.350	0.190
zhangjiafen	1962-10-2	12.900	6.726	0	14.533	1.139	3.500	0	0.037	0.020	0.987	0.152	28.385	0.334	0.189
zhangjiafen	1962-10-3	12.900	6.485	0	13.342	0.968	3.100	0	0.036	0.020	0.834	0.135	28.363	0.322	0.189
zhangjiafen	1962-10-4	12.900	6.260	0	11.642	1.586	5.300	0	0.034	0.020	1.356	0.230	28.233	0.309	0.189
zhangjiafen	1962-10-5	12.900	6.056	0.503	10.329	1.758	6.200	0.001	0.033	0.020	1.489	0.268	28.050	0.294	0.188
zhangjiafen	1962-10-6	12.200	5.866	0	8.621	1.673	6.300	0	0.031	0.020	1.401	0.272	27.848	0.276	0.187
zhangjiafen	1962-10-7	12.200	5.682	0	7.192	1.392	5.700	0	0.028	0.020	1.147	0.245	27.651	0.254	0.186
zhangjiafen	1962-10-8	12.200	5.494	0	6.277	0.810	3.600	0	0.026	0.020	0.655	0.154	27.526	0.234	0.184
zhangjiafen	1962-10-9	12.200	5.301	0.379	5.692	0.898	4.200	0	0.025	0.020	0.718	0.180	27.365	0.221	0.184
zhangjiafen	1962-10-10	12.200	5.110	0.337	5.318	0.597	2.900	0	0.024	0.020	0.474	0.124	27.252	0.213	0.182
zhangjiafen	1962-10-11	12.900	4.944	0.133	4.753	0.597	3.000	0	0.023	0.020	0.469	0.128	27.129	0.206	0.182
zhangjiafen	1962-10-12	12.900	4.800	0	4.217	0.414	2.200	0	0.021	0.020	0.321	0.093	27.028	0.193	0.181
zhangjiafen	1962-10-13	12.200	4.658	0	3.585	0.568	3.200	0	0.020	0.020	0.432	0.136	26.873	0.181	0.180
zhangjiafen	1962-10-14	12.200	4.513	0	2.928	0.640	3.900	0	0.018	0.020	0.475	0.165	26.674	0.164	0.179
zhangjiafen	1962-10-15	12.200	4.361	0	2.320	0.625	4.200	0	0.016	0.020	0.448	0.177	26.445	0.145	0.178
zhangjiafen	1962-10-16	12.200	4.200	0	1.900	0.411	3.100	0	0.014	0.020	0.282	0.130	26.243	0.125	0.176
zhangjiafen	1962-10-17	12.200	4.029	0	1.408	0.576	4.800	0	0.012	0.020	0.376	0.200	25.957	0.108	0.175
zhangjiafen	1962-10-18	12.200	3.852	0	1.067	0.414	4.000	0	0.010	0.020	0.248	0.166	25.684	0.086	0.173
zhangjiafen	1962-10-19	12.200	3.667	0	0.794	0.363	4.000	0	0.008	0.020	0.198	0.165	25.398	0.069	0.171
zhangjiafen	1962-10-20	12.900	3.478	0	0.587	0.304	3.800	0	0.006	0.020	0.148	0.156	25.108	0.055	0.169
zhangjiafen	1962-10-21	12.200	3.290	0	0.406	0.320	4.500	0	0.005	0.020	0.136	0.184	24.780	0.043	0.167
zhangjiafen	1962-10-22	12.200	3.109	0	0.275	0.282	4.500	0	0.003	0.020	0.100	0.182	24.444	0.031	0.165
zhangjiafen	1962-10-23	12.200	2.941	0	0.201	0.174	3.100	0	0.003	0.020	0.049	0.125	24.160	0.023	0.163
zhangjiafen	1962-10-24	12.200	2.786	0	0.134	0.209	4.000	0	0.002	0.019	0.049	0.160	23.836	0.018	0.161
zhangjiafen	1962-10-25	12.200	2.646	0.079	0.133	0.190	3.400	0	0.003	0.019	0.055	0.135	23.546	0.024	0.159
zhangjiafen	1962-10-26	12.200	2.523	0.859	0.796	0.229	2.700	0	0.007	0.019	0.122	0.107	23.329	0.066	0.157
zhangjiafen	1962-10-27	12.200	2.435	0	0.558	0.269	2.900	0	0.009	0.019	0.155	0.114	23.117	0.077	0.156
zhangjiafen	1962-10-28	12.200	2.384	0	0.352	0.274	3.400	0	0.007	0.019	0.141	0.133	22.871	0.060	0.154
zhangjiafen	1962-10-29	12.200	2.355	0	0.219	0.204	3.000	0	0.005	0.019	0.088	0.117	22.625	0.043	0.152
zhangjiafen	1962-10-30	11.500	2.329	0.031	0.152	0.186	3.100	0	0.003	0.019	0.066	0.120	22.366	0.031	0.151
zhangjiafen	1962-10-31	11.500	2.296	0.322	0.380	0.097	1.400	0	0.005	0.019	0.044	0.054	22.189	0.046	0.149
zhangjiafen	1962-11-1	11.500	2.264	0.693	0.819	0.298	3.300	0	0.008	0.019	0.171	0.126	21.970	0.075	0.148
zhangjiafen	1962-11-2	11.500	2.245	0.079	0.703	0.179	1.900	0	0.009	0.019	0.106	0.072	21.812	0.080	0.146
zhangjiafen	1962-11-3	11.500	2.243	0	0.540	0.155	1.800	0	0.008	0.019	0.087	0.068	21.649	0.069	0.145
zhangjiafen	1962-11-4	11.500	2.246	0	0.425	0.101	1.300	0	0.006	0.019	0.051	0.049	21.493	0.057	0.144
zhangjiafen	1962-11-5	10.900	2.246	0	0.310	0.134	1.900	0	0.005	0.019	0.062	0.072	21.306	0.048	0.143
zhangjiafen	1962-11-6	10.900	2.236	0	0.216	0.133	2.100	0	0.004	0.019	0.054	0.079	21.104	0.037	0.142
zhangjiafen	1962-11-7	10.900	2.213	0	0.146	0.118	2.100	0	0.003	0.019	0.040	0.078	20.893	0.028	0.141
zhangjiafen	1962-11-8	10.900	2.180	0	0.104	0.076	1.500	0	0.002	0.019	0.020	0.056	20.698	0.020	0.139
zhangjiafen	1962-11-9	10.900	2.136	0	0.074	0.066	1.400	0	0.002	0.019	0.014	0.052	20.504	0.015	0.138
zhangjiafen	1962-11-10	10.900	2.086	0	0.051	0.066	1.500	0	0.001	0.019	0.011	0.055	20.304	0.011	0.137
zhangjiafen	1962-11-11	10.900	2.033	0.030	0.055	0.080	1.800	0	0.001	0.019	0.014	0.066	20.095	0.012	0.135
zhangjiafen	1962-11-12	10.900	1.979	0.009	0.037	0.076	1.700	0	0.001	0.019	0.014	0.062	19.892	0.012	0.134
zhangjiafen	1962-11-13	10.200	1.932	0	0.018	0.092	2.200	0	0.001	0.019	0.012	0.080	19.668	0.008	0.133
zhangjiafen	1962-11-14	10.200	1.888	0	0.009	0.092	2.400	0	0	0.019	0.005	0.087	19.434	0.003	0.131
zhangjiafen	1962-11-15	10.200	1.843	0.012	0.012	0.066	1.700	0	0	0.019	0.005	0.061	19.229	0.004	0.130
zhangjiafen	1962-11-16	9.500	1.803	0	0.005	0.061	1.600	0	0	0.019	0.004	0.057	19.028	0.003	0.128
zhangjiafen	1962-11-17	9.500	1.768	0	0.003	0.061	1.700	0	0	0.019	0.001	0.060	18.822	0.001	0.127
zhangjiafen	1962-11-18	9.500	1.735	0	0.003	0.057	1.600	0	0	0.019	0	0.056	18.621	0	0.125
zhangjiafen	1962-11-19	9.500	1.702	0.059	0.030	0.092	2.100	0	0.001	0.019	0.018	0.074	18.417	0.013	0.124
zhangjiafen	1962-11-20	9.500	1.672	0.147	0.124	0.068	1.300	0	0.003	0.019	0.023	0.045	18.256	0.026	0.123
zhangjiafen	1962-11-21	10.200	1.648	0	0.069	0.074	1.400	0	0.003	0.019	0.025	0.049	18.093	0.027	0.122
zhangjiafen	1962-11-22	8.890	1.628	0	0.038	0.075	1.700	0	0.002	0.019	0.016	0.059	17.909	0.014	0.121
zhangjiafen	1962-11-23	10.200	1.613	0	0.020	0.068	1.700	0	0.001	0.019	0.009	0.058	17.720	0.008	0.119
zhangjiafen	1962-11-24	10.900	1.600	0	0.010	0.063	1.700	0	0.001	0.019	0.005	0.058	17.529	0.005	0.118
zhangjiafen	1962-11-25	10.200	1.589	0	0.006	0.050	1.400	0	0	0.019	0.002	0.048	17.347	0.002	0.117
zhangjiafen	1962-11-26	10.900	1.579	0	0.004	0.048	1.400	0	0	0.019	0.001	0.047	17.166	0.001	0.116
zhangjiafen	1962-11-27	11.500	1.569	0	0.004	0.047	1.400	0	0	0.019	0	0.047	16.985	0	0.114
zhangjiafen	1962-11-28	10.900	1.558	0	0.004	0.040	1.200	0	0	0.019	0	0.040	16.812	0	0.113
zhangjiafen	1962-11-29	10.900	1.546	0	0.004	0.040	1.200	0	0	0.019	0	0.040	16.641	0	0.112
zhangjiafen	1962-11-30	8.890	1.533	0	0.004	0.056	1.700	0	0	0.019	0	0.056	16.455	0	0.111
zhangjiafen	1962-12-1	11.800	1.518	0	0.004	0.119	3.600	0	0	0.019	0	0.119	16.207	0	0.110
zhangjiafen	1962-12-2	11.000	1.504	0	0.004	0.079	2.400	0	0	0.019	0	0.079	16.001	0	0.108
zhangjiafen	1962-12-3	10.800	1.490	0	0.004	0.088	2.700	0	0	0.019	0	0.088	15.788	0	0.107
zhangjiafen	1962-12-4	10.700	1.476	0	0.004	0.081	2.500	0	0	0.019	0	0.081	15.583	0	0.105
zhangjiafen	1962-12-5	9.800	1.462	0	0.004	0.077	2.400	0	0	0.019	0	0.077	15.383	0	0.104
zhangjiafen	1962-12-6	11.700	1.449	0	0.004	0.080	2.500	0	0	0.019	0	0.080	15.181	0	0.103
zhangjiafen	1962-12-7	11.000	1.436	0	0.004	0.079	2.500	0	0	0.019	0	0.079	14.982	0	0.101
zhangjiafen	1962-12-8	9.150	1.424	0	0.004	0.075	2.400	0	0	0.019	0	0.075	14.787	0	0.100
zhangjiafen	1962-12-9	9.150	1.412	0	0.004	0.078	2.500	0	0	0.019	0	0.078	14.591	0	0.099
zhangjiafen	1962-12-10	9.150	1.400	0	0.004	0.078	2.500	0	0	0.019	0	0.078	14.397	0	0.097
zhangjiafen	1962-12-11	8.420	1.389	0.015	0.009	0.086	2.600	0	0	0.019	0.006	0.080	14.205	0.004	0.096
zhangjiafen	1962-12-12	8.020	1.378	0.023	0.015	0.082	2.300	0	0.001	0.019	0.011	0.070	14.028	0.007	0.095
zhangjiafen	1962-12-13	6.450	1.369	0	0.005	0.083	2.500	0	0	0.019	0.007	0.076	13.844	0.004	0.094
zhangjiafen	1962-12-14	6.590	1.362	0	0.004	0.077	2.500	0	0	0.019	0.001	0.076	13.658	0.001	0.092
zhangjiafen	1962-12-15	6.830	1.354	0	0.003	0.072	2.400	0	0	0.019	0	0.072	13.476	0	0.091
zhangjiafen	1962-12-16	9.150	1.346	0	0.003	0.069	2.300	0	0	0.019	0	0.069	13.298	0	0.090
zhangjiafen	1962-12-17	10.300	1.335	0	0.003	0.077	2.600	0	0	0.019	0	0.077	13.113	0	0.089
zhangjiafen	1962-12-18	10.600	1.324	0	0.003	0.074	2.500	0	0	0.019	0	0.074	12.933	0	0.087
zhangjiafen	1962-12-19	8.490	1.313	0	0.003	0.070	2.400	0	0	0.019	0	0.070	12.757	0	0.086
zhangjiafen	1962-12-20	6.790	1.301	0	0.003	0.070	2.400	0	0	0.019	0	0.070	12.584	0	0.085
zhangjiafen	1962-12-21	6.640	1.288	0	0.003	0.066	2.300	0	0	0.019	0	0.066	12.414	0	0.084
zhangjiafen	1962-12-22	7.110	1.275	0	0.003	0.069	2.400	0	0	0.019	0	0.069	12.244	0	0.083
zhangjiafen	1962-12-23	10.300	1.262	0	0.003	0.068	2.400	0	0	0.019	0	0.068	12.075	0	0.082
zhangjiafen	1962-12-24	9.250	1.247	0	0.003	0.068	2.400	0	0	0.019	0	0.068	11.907	0	0.080
zhangjiafen	1962-12-25	9.740	1.232	0	0.003	0.070	2.500	0	0	0.019	0	0.070	11.739	0	0.079
zhangjiafen	1962-12-26	8.300	1.216	0	0.003	0.067	2.400	0	0	0.019	0	0.067	11.574	0	0.078
zhangjiafen	1962-12-27	6.970	1.200	0	0.003	0.064	2.300	0	0	0.019	0	0.064	11.415	0	0.077
zhangjiafen	1962-12-28	7.980	1.182	0	0.003	0.069	2.500	0	0	0.019	0	0.069	11.251	0	0.076
zhangjiafen	1962-12-29	5.670	1.165	0	0.003	0.063	2.300	0	0	0.019	0	0.063	11.094	0	0.075
zhangjiafen	1962-12-30	6.050	1.147	0	0.003	0.062	2.300	0	0	0.019	0	0.062	10.939	0	0.074
zhangjiafen	1962-12-31	6.290	1.128	0	0.003	0.062	2.300	0	0	0.019	0	0.062	10.785	0	0.073
