zhangjiafen	1966-1-1	4.690	8.080	0	6.113	0.215	1.400	0	0.014	0.073	0.153	0.063	29.800	0.129	0.200
zhangjiafen	1966-1-2	4.780	8.080	0	5.932	0.060	0.400	0	0.014	0.072	0.042	0.018	29.630	0.125	0.199
zhangjiafen	1966-1-3	4.450	9.802	0	5.704	0.132	0.900	0	0.014	0.072	0.092	0.040	29.440	0.122	0.198
zhangjiafen	1966-1-4	4.390	11.214	0	5.474	0.143	1.000	0	0.013	0.072	0.099	0.044	29.243	0.118	0.196
zhangjiafen	1966-1-5	4.440	11.781	0	5.197	0.223	1.600	0	0.013	0.071	0.153	0.071	29.026	0.113	0.195
zhangjiafen	1966-1-6	4.810	11.628	0	4.996	0.121	0.900	0	0.012	0.071	0.082	0.040	28.826	0.108	0.193
zhangjiafen	1966-1-7	5.310	11.104	0.250	4.996	0.149	1.000	0.001	0.014	0.070	0.105	0.044	28.654	0.130	0.192
zhangjiafen	1966-1-8	5.550	10.527	0.172	4.988	0.031	0.200	0.001	0.016	0.070	0.022	0.009	28.522	0.140	0.191
zhangjiafen	1966-1-9	5.390	10.041	0	4.733	0.139	0.900	0	0.016	0.069	0.100	0.039	28.363	0.140	0.190
zhangjiafen	1966-1-10	6.440	9.667	0	4.505	0.118	0.800	0	0.015	0.069	0.084	0.035	28.201	0.131	0.189
zhangjiafen	1966-1-11	6.150	9.380	0	4.303	0.098	0.700	0	0.013	0.069	0.068	0.030	28.034	0.121	0.188
zhangjiafen	1966-1-12	6.210	9.147	0	4.048	0.188	1.400	0	0.013	0.069	0.128	0.060	27.836	0.114	0.187
zhangjiafen	1966-1-13	6.710	8.955	0	3.806	0.192	1.500	0	0.012	0.069	0.127	0.065	27.620	0.105	0.186
zhangjiafen	1966-1-14	6.400	8.791	0	3.586	0.171	1.400	0	0.011	0.069	0.111	0.060	27.406	0.098	0.184
zhangjiafen	1966-1-15	7.030	8.649	0	3.385	0.153	1.300	0	0.010	0.069	0.098	0.056	27.185	0.093	0.183
zhangjiafen	1966-1-16	7.350	8.525	0	3.193	0.148	1.300	0	0.010	0.069	0.093	0.055	26.968	0.089	0.181
zhangjiafen	1966-1-17	6.660	8.415	0	3.050	0.078	0.700	0	0.010	0.069	0.048	0.030	26.775	0.086	0.180
zhangjiafen	1966-1-18	6.350	8.318	0	2.905	0.087	0.800	0	0.009	0.069	0.053	0.034	26.582	0.083	0.179
zhangjiafen	1966-1-19	6.290	8.232	0	2.758	0.095	0.900	0	0.009	0.069	0.058	0.038	26.380	0.080	0.177
zhangjiafen	1966-1-20	6.750	8.155	0	2.629	0.072	0.700	0	0.009	0.069	0.043	0.029	26.177	0.077	0.176
zhangjiafen	1966-1-21	6.590	8.086	0	2.499	0.081	0.800	0	0.008	0.069	0.048	0.033	25.977	0.075	0.175
zhangjiafen	1966-1-22	8.880	8.024	0	2.362	0.099	1.000	0	0.008	0.069	0.057	0.042	25.766	0.072	0.173
zhangjiafen	1966-1-23	8.240	7.967	0.215	2.419	0.097	0.900	0.001	0.010	0.069	0.060	0.037	25.576	0.087	0.172
zhangjiafen	1966-1-24	6.900	7.936	0.068	2.313	0.112	1.000	0	0.010	0.069	0.071	0.041	25.388	0.093	0.171
zhangjiafen	1966-1-25	6.370	7.951	0.002	2.134	0.139	1.300	0	0.010	0.069	0.085	0.053	25.184	0.086	0.169
zhangjiafen	1966-1-26	6.140	7.964	0.012	2.011	0.081	0.800	0	0.009	0.069	0.048	0.033	24.992	0.078	0.168
zhangjiafen	1966-1-27	5.270	7.953	0	1.876	0.096	1.000	0	0.008	0.069	0.055	0.041	24.789	0.072	0.167
zhangjiafen	1966-1-28	5.470	7.916	0	1.748	0.100	1.100	0	0.007	0.069	0.055	0.045	24.577	0.066	0.165
zhangjiafen	1966-1-29	5.390	7.859	0	1.636	0.086	1.000	0	0.007	0.068	0.046	0.040	24.364	0.060	0.164
zhangjiafen	1966-1-30	6.140	7.792	0	1.528	0.091	1.100	0	0.006	0.068	0.047	0.044	24.142	0.055	0.162
zhangjiafen	1966-1-31	6.140	7.724	0	1.412	0.119	1.500	0	0.006	0.068	0.059	0.060	23.904	0.051	0.161
zhangjiafen	1966-2-1	6.260	7.659	0	1.285	0.153	2.000	0	0.005	0.068	0.074	0.080	23.646	0.048	0.159
zhangjiafen	1966-2-2	6.370	7.599	0	1.174	0.133	1.800	0	0.005	0.068	0.062	0.071	23.391	0.044	0.158
zhangjiafen	1966-2-3	5.700	7.542	0	1.083	0.100	1.400	0	0.005	0.068	0.045	0.055	23.154	0.042	0.156
zhangjiafen	1966-2-4	6.180	7.489	0	1.009	0.069	1.000	0	0.004	0.068	0.030	0.039	22.932	0.039	0.154
zhangjiafen	1966-2-5	6.180	7.439	0	0.936	0.074	1.100	0	0.004	0.068	0.031	0.043	22.706	0.037	0.153
zhangjiafen	1966-2-6	6.920	7.392	0	0.870	0.066	1.000	0	0.004	0.068	0.027	0.039	22.483	0.035	0.151
zhangjiafen	1966-2-7	7.570	7.350	0	0.798	0.089	1.400	0	0.004	0.068	0.035	0.054	22.243	0.033	0.150
zhangjiafen	1966-2-8	8.250	7.311	0.011	0.737	0.094	1.500	0	0.004	0.068	0.036	0.058	22.003	0.032	0.148
zhangjiafen	1966-2-9	7.970	7.275	0	0.661	0.115	1.900	0	0.003	0.068	0.043	0.073	21.745	0.030	0.147
zhangjiafen	1966-2-10	8.250	7.242	0	0.592	0.116	2.000	0	0.003	0.068	0.040	0.076	21.483	0.027	0.145
zhangjiafen	1966-2-11	7.040	7.213	0	0.539	0.078	1.400	0	0.003	0.068	0.026	0.053	21.244	0.024	0.143
zhangjiafen	1966-2-12	6.420	7.183	0	0.469	0.142	2.600	0	0.003	0.068	0.044	0.097	20.960	0.023	0.142
zhangjiafen	1966-2-13	7.180	7.154	0	0.413	0.115	2.200	0	0.002	0.068	0.034	0.082	20.690	0.020	0.140
zhangjiafen	1966-2-14	8.350	7.123	0	0.355	0.142	2.800	0	0.002	0.068	0.038	0.104	20.399	0.018	0.138
zhangjiafen	1966-2-15	7.110	7.092	0	0.309	0.121	2.500	0	0.002	0.068	0.029	0.092	20.120	0.015	0.136
zhangjiafen	1966-2-16	7.370	7.060	0	0.270	0.108	2.300	0	0.002	0.068	0.024	0.084	19.848	0.014	0.134
zhangjiafen	1966-2-17	6.710	7.030	0	0.236	0.100	2.200	0	0.001	0.068	0.021	0.080	19.581	0.013	0.132
zhangjiafen	1966-2-18	6.850	7.000	0.026	0.222	0.078	1.600	0	0.002	0.068	0.020	0.058	19.342	0.018	0.131
zhangjiafen	1966-2-19	6.140	6.986	0.251	0.376	0.111	1.700	0	0.005	0.068	0.050	0.061	19.129	0.043	0.129
zhangjiafen	1966-2-20	6.260	7.011	2.627	2.793	0.089	0.700	0.002	0.014	0.068	0.064	0.025	19.038	0.130	0.128
zhangjiafen	1966-2-21	6.180	7.169	0.062	2.612	0.077	0.500	0	0.018	0.068	0.060	0.018	18.991	0.165	0.127
zhangjiafen	1966-2-22	7.170	7.434	0	2.321	0.150	1.000	0	0.018	0.067	0.114	0.035	18.921	0.159	0.127
zhangjiafen	1966-2-23	6.980	7.722	0	2.047	0.142	1.000	0	0.017	0.067	0.107	0.035	18.842	0.150	0.126
zhangjiafen	1966-2-24	7.300	7.965	0	1.741	0.203	1.500	0	0.016	0.067	0.150	0.053	18.737	0.141	0.126
zhangjiafen	1966-2-25	8.230	8.133	0	1.369	0.316	2.500	0	0.014	0.067	0.228	0.088	18.585	0.129	0.125
zhangjiafen	1966-2-26	8.550	8.220	0	1.060	0.263	2.300	0	0.013	0.067	0.183	0.081	18.427	0.114	0.124
zhangjiafen	1966-2-27	8.490	8.231	0	0.714	0.361	3.500	0	0.011	0.067	0.239	0.122	18.213	0.098	0.123
zhangjiafen	1966-2-28	13.200	8.180	0	0.397	0.393	4.500	0	0.008	0.067	0.237	0.156	17.944	0.076	0.121
zhangjiafen	1966-3-1	10.800	8.075	0	0.227	0.239	3.500	0	0.006	0.067	0.119	0.120	17.686	0.050	0.120
zhangjiafen	1966-3-2	12.600	7.922	0	0.156	0.100	1.800	0	0.003	0.067	0.038	0.062	17.471	0.031	0.118
zhangjiafen	1966-3-3	14.600	7.742	0	0.099	0.108	2.200	0	0.002	0.067	0.033	0.075	17.234	0.022	0.116
zhangjiafen	1966-3-4	16.100	7.562	0.041	0.073	0.173	3.700	0	0.002	0.067	0.049	0.125	16.947	0.019	0.115
zhangjiafen	1966-3-5	12.300	7.397	2.065	1.970	0.075	0.700	0	0.012	0.067	0.051	0.023	16.848	0.105	0.113
zhangjiafen	1966-3-6	12.300	7.403	0.314	2.010	0.149	1.100	0.001	0.016	0.067	0.113	0.037	16.776	0.144	0.112
zhangjiafen	1966-3-7	10.400	7.564	0	1.744	0.146	1.100	0	0.016	0.067	0.110	0.037	16.701	0.141	0.112
zhangjiafen	1966-3-8	11.400	7.761	0	1.515	0.113	0.900	0	0.015	0.067	0.083	0.030	16.623	0.131	0.111
zhangjiafen	1966-3-9	11.400	7.922	0	1.176	0.284	2.400	0	0.013	0.067	0.204	0.080	16.487	0.121	0.111
zhangjiafen	1966-3-10	11.400	8.024	0	0.896	0.235	2.200	0	0.012	0.067	0.162	0.073	16.343	0.106	0.110
zhangjiafen	1966-3-11	11.800	8.059	0	0.524	0.419	4.400	0	0.010	0.067	0.275	0.145	16.113	0.090	0.109
zhangjiafen	1966-3-12	12.700	8.032	0	0.236	0.401	5.300	0	0.007	0.067	0.228	0.173	15.828	0.063	0.107
zhangjiafen	1966-3-13	13.200	7.944	0	0.126	0.179	3.200	0	0.004	0.067	0.075	0.103	15.587	0.034	0.106
zhangjiafen	1966-3-14	11.800	7.793	0.064	0.082	0.206	4.000	0	0.003	0.067	0.078	0.128	15.316	0.029	0.104
zhangjiafen	1966-3-15	11.800	7.609	0.187	0.129	0.249	4.500	0	0.004	0.067	0.106	0.143	15.039	0.035	0.102
zhangjiafen	1966-3-16	11.400	7.422	0.362	0.325	0.211	3.200	0	0.006	0.067	0.110	0.101	14.821	0.051	0.100
zhangjiafen	1966-3-17	10.400	7.280	0.027	0.231	0.126	1.900	0	0.006	0.067	0.066	0.059	14.647	0.051	0.099
zhangjiafen	1966-3-18	9.670	7.194	0.053	0.189	0.115	2.000	0	0.004	0.067	0.053	0.062	14.458	0.039	0.098
zhangjiafen	1966-3-19	7.750	7.145	0	0.131	0.066	1.300	0	0.003	0.067	0.026	0.040	14.284	0.030	0.096
zhangjiafen	1966-3-20	7.750	7.111	0	0.073	0.105	2.300	0	0.002	0.067	0.035	0.071	14.074	0.022	0.095
zhangjiafen	1966-3-21	8.050	7.082	0	0.036	0.092	2.300	0	0.002	0.067	0.022	0.070	13.857	0.014	0.094
zhangjiafen	1966-3-22	9.010	7.048	0	0.013	0.117	3.300	0	0.001	0.067	0.017	0.100	13.605	0.008	0.092
zhangjiafen	1966-3-23	8.680	7.009	0	0.005	0.123	3.900	0	0	0.067	0.007	0.117	13.333	0.003	0.091
zhangjiafen	1966-3-24	8.350	6.965	0	0.004	0.078	2.600	0	0	0.067	0.001	0.077	13.100	0.001	0.089
zhangjiafen	1966-3-25	8.050	6.919	0	0.003	0.109	3.700	0	0	0.067	0.001	0.109	12.837	0	0.087
zhangjiafen	1966-3-26	8.350	6.875	0	0.003	0.073	2.500	0	0	0.067	0	0.073	12.612	0	0.086
zhangjiafen	1966-3-27	8.350	6.835	0	0.002	0.052	1.800	0	0	0.067	0	0.052	12.409	0	0.084
zhangjiafen	1966-3-28	9.340	6.800	0.075	0.045	0.143	4.200	0	0.001	0.067	0.023	0.120	12.147	0.008	0.083
zhangjiafen	1966-3-29	9.010	6.802	2.809	2.535	0.247	2.200	0	0.013	0.067	0.185	0.062	12.057	0.120	0.081
zhangjiafen	1966-3-30	9.340	6.922	0.561	2.562	0.436	3.000	0.003	0.018	0.067	0.351	0.085	11.987	0.162	0.080
zhangjiafen	1966-3-31	9.340	7.170	0	1.983	0.512	3.700	0	0.017	0.067	0.408	0.104	11.890	0.154	0.080
zhangjiafen	1966-4-1	9.340	7.464	0.010	1.377	0.604	4.900	0	0.015	0.067	0.467	0.137	11.741	0.134	0.079
zhangjiafen	1966-4-2	9.340	7.720	0	0.968	0.396	3.800	0	0.012	0.067	0.290	0.106	11.598	0.109	0.078
zhangjiafen	1966-4-3	9.340	7.879	0	0.591	0.415	4.700	0	0.010	0.067	0.285	0.130	11.411	0.087	0.077
zhangjiafen	1966-4-4	9.340	7.928	0.252	0.518	0.374	4.700	0	0.008	0.067	0.245	0.129	11.214	0.075	0.076
zhangjiafen	1966-4-5	8.680	7.926	1.068	1.326	0.215	2.300	0.001	0.011	0.067	0.153	0.062	11.105	0.095	0.075
zhangjiafen	1966-4-6	9.010	7.987	0.445	1.461	0.240	2.200	0.001	0.013	0.067	0.180	0.059	11.021	0.116	0.074
zhangjiafen	1966-4-7	9.670	8.071	0	1.161	0.234	2.200	0	0.013	0.067	0.175	0.059	10.934	0.113	0.073
zhangjiafen	1966-4-8	9.340	8.104	0	0.875	0.248	2.600	0	0.011	0.067	0.178	0.070	10.822	0.098	0.073
zhangjiafen	1966-4-9	9.010	8.088	0	0.613	0.257	3.100	0	0.009	0.067	0.175	0.083	10.681	0.081	0.072
zhangjiafen	1966-4-10	8.680	8.027	0.681	1.103	0.120	1.300	0.001	0.011	0.067	0.085	0.034	10.603	0.095	0.071
zhangjiafen	1966-4-11	8.680	7.943	0.257	0.927	0.420	4.100	0	0.012	0.067	0.312	0.108	10.466	0.109	0.071
zhangjiafen	1966-4-12	8.350	7.866	0	0.645	0.253	2.800	0	0.010	0.067	0.179	0.073	10.348	0.092	0.070
zhangjiafen	1966-4-13	8.350	7.801	0.014	0.252	0.523	6.800	0	0.008	0.067	0.346	0.177	10.109	0.074	0.069
zhangjiafen	1966-4-14	8.050	7.739	0.851	0.832	0.275	3.500	0.001	0.009	0.067	0.185	0.090	9.961	0.077	0.067
zhangjiafen	1966-4-15	8.050	7.708	0	0.456	0.426	5.200	0	0.009	0.067	0.293	0.133	9.775	0.081	0.066
zhangjiafen	1966-4-16	8.050	7.699	0.014	0.240	0.299	4.800	0	0.006	0.067	0.178	0.122	9.575	0.054	0.065
zhangjiafen	1966-4-17	8.050	7.671	0.180	0.185	0.308	5.100	0	0.006	0.067	0.180	0.128	9.368	0.052	0.064
zhangjiafen	1966-4-18	7.450	7.611	0.866	0.812	0.230	3.000	0.001	0.008	0.067	0.155	0.074	9.240	0.076	0.062
zhangjiafen	1966-4-19	7.450	7.550	0	0.386	0.494	6.000	0	0.009	0.067	0.346	0.148	9.047	0.084	0.062
zhangjiafen	1966-4-20	7.750	7.511	0.380	0.465	0.346	4.900	0.001	0.007	0.067	0.226	0.119	8.867	0.067	0.060
zhangjiafen	1966-4-21	7.750	7.488	0	0.253	0.261	4.200	0	0.006	0.067	0.159	0.101	8.694	0.055	0.059
zhangjiafen	1966-4-22	7.750	7.468	0.451	0.477	0.253	3.900	0	0.007	0.067	0.160	0.093	8.536	0.060	0.058
zhangjiafen	1966-4-23	7.750	7.472	0	0.172	0.427	6.800	0	0.006	0.067	0.266	0.161	8.308	0.057	0.057
zhangjiafen	1966-4-24	7.450	7.476	0.006	0.066	0.223	5.500	0	0.003	0.067	0.095	0.128	8.083	0.025	0.055
zhangjiafen	1966-4-25	7.450	7.433	0.001	0.029	0.126	4.200	0	0.001	0.067	0.029	0.097	7.875	0.010	0.054
zhangjiafen	1966-4-26	7.150	7.343	0	0.005	0.172	6.600	0	0.001	0.067	0.022	0.150	7.611	0.005	0.053
zhangjiafen	1966-4-27	6.570	7.230	0	0.002	0.111	4.800	0	0	0.067	0.003	0.107	7.387	0.001	0.051
zhangjiafen	1966-4-28	6.010	7.117	0	0.001	0.186	8.400	0	0	0.067	0.001	0.185	7.086	0	0.049
zhangjiafen	1966-4-29	5.210	7.017	0.056	0.021	0.187	7.200	0	0.001	0.067	0.033	0.155	6.823	0.007	0.047
zhangjiafen	1966-4-30	5.210	6.957	0.303	0.224	0.174	4.700	0	0.003	0.067	0.075	0.099	6.635	0.023	0.045
zhangjiafen	1966-5-1	5.210	6.970	1.824	1.671	0.352	4.000	0.002	0.011	0.067	0.269	0.083	6.536	0.096	0.044
zhangjiafen	1966-5-2	5.450	7.147	0.063	1.230	0.473	4.600	0	0.013	0.067	0.378	0.095	6.446	0.115	0.044
zhangjiafen	1966-5-3	5.730	7.322	0	0.681	0.602	7.000	0	0.010	0.067	0.458	0.144	6.285	0.093	0.043
zhangjiafen	1966-5-4	6.010	7.458	0	0.406	0.317	5.100	0	0.007	0.067	0.214	0.103	6.133	0.060	0.042
zhangjiafen	1966-5-5	5.730	7.518	0	0.263	0.169	3.500	0	0.005	0.067	0.099	0.070	5.996	0.041	0.041
zhangjiafen	1966-5-6	5.210	7.495	0.005	0.118	0.245	6.100	0	0.003	0.067	0.125	0.120	5.798	0.030	0.040
zhangjiafen	1966-5-7	5.210	7.411	0	0.045	0.167	5.500	0	0.002	0.067	0.060	0.107	5.602	0.016	0.039
zhangjiafen	1966-5-8	4.730	7.285	0	0.007	0.155	6.400	0	0.001	0.067	0.033	0.122	5.383	0.008	0.037
zhangjiafen	1966-5-9	4.730	7.144	0.150	0.038	0.199	5.500	0	0.003	0.067	0.096	0.103	5.203	0.026	0.036
zhangjiafen	1966-5-10	4.490	7.023	0	0.002	0.133	5.000	0	0.001	0.067	0.041	0.092	5.022	0.012	0.035
zhangjiafen	1966-5-11	4.060	6.940	0	0	0.125	6.800	0	0	0.067	0.003	0.123	4.799	0.001	0.033
zhangjiafen	1966-5-12	4.060	6.884	0	0	0.128	7.300	0	0	0.067	0	0.128	4.572	0	0.032
zhangjiafen	1966-5-13	3.680	6.843	0	0	0.134	7.800	0	0	0.067	0	0.134	4.340	0	0.030
zhangjiafen	1966-5-14	3.300	6.811	0	0	0.114	6.800	0	0	0.067	0	0.114	4.131	0	0.029
zhangjiafen	1966-5-15	2.960	6.784	0	0	0.130	8.000	0	0	0.067	0	0.130	3.906	0	0.028
zhangjiafen	1966-5-16	2.960	6.761	0	0	0.123	7.800	0	0	0.067	0	0.123	3.689	0	0.026
zhangjiafen	1966-5-17	2.960	6.743	0	0	0.109	7.100	0	0	0.067	0	0.109	3.489	0	0.025
zhangjiafen	1966-5-18	2.960	6.729	0.022	0.003	0.127	7.300	0	0	0.067	0.018	0.109	3.293	0.004	0.023
zhangjiafen	1966-5-19	2.620	6.720	0.294	0.186	0.189	6.700	0	0.002	0.067	0.092	0.097	3.128	0.020	0.022
zhangjiafen	1966-5-20	2.320	6.765	20.808	19.573	1.159	4.700	0.007	0.032	0.028	1.093	0.066	3.303	0.289	0.021
zhangjiafen	1966-5-21	2.620	6.902	8.175	27.042	0	0	0.269	0.044	0.010	0	0	3.664	0.393	0.022
zhangjiafen	1966-5-22	5.730	10.026	0.357	25.835	1.133	2.900	0.014	0.046	0.011	1.089	0.044	3.999	0.415	0.024
zhangjiafen	1966-5-23	9.010	11.572	1.262	24.969	1.696	4.400	0.049	0.045	0.012	1.625	0.071	4.299	0.409	0.027
zhangjiafen	1966-5-24	6.570	12.259	1.602	25.612	0.459	1.200	0.067	0.045	0.013	0.439	0.020	4.644	0.406	0.029
zhangjiafen	1966-5-25	6.290	12.492	8.416	32.559	0.656	1.600	0.365	0.048	0.013	0.628	0.028	5.002	0.429	0.031
zhangjiafen	1966-5-26	7.150	16.521	2.062	32.230	1.864	4.300	0.106	0.050	0.013	1.787	0.078	5.326	0.449	0.033
zhangjiafen	1966-5-27	7.150	20.521	0.001	30.031	1.788	4.200	0	0.049	0.014	1.710	0.078	5.639	0.441	0.035
zhangjiafen	1966-5-28	7.150	19.437	0.500	27.981	2.146	5.200	0.026	0.048	0.015	2.046	0.100	5.916	0.430	0.038
zhangjiafen	1966-5-29	5.730	16.658	6.294	31.159	2.462	5.900	0.289	0.048	0.016	2.346	0.116	6.177	0.433	0.039
zhangjiafen	1966-5-30	6.290	18.445	3.331	32.968	0.906	2.100	0.165	0.049	0.017	0.864	0.042	6.522	0.445	0.041
zhangjiafen	1966-5-31	9.010	22.086	0.202	31.138	1.602	3.700	0.011	0.050	0.017	1.525	0.077	6.830	0.446	0.043
zhangjiafen	1966-6-1	8.050	20.240	11.488	39.387	2.225	4.900	0.602	0.052	0.018	2.121	0.104	7.127	0.464	0.045
zhangjiafen	1966-6-2	7.450	28.975	0.688	37.031	2.597	5.500	0.034	0.053	0.018	2.478	0.119	7.422	0.480	0.047
zhangjiafen	1966-6-3	9.010	31.313	1.134	35.253	2.438	5.300	0.070	0.052	0.019	2.321	0.117	7.705	0.468	0.049
zhangjiafen	1966-6-4	9.010	25.892	0.029	31.568	3.379	7.600	0.001	0.050	0.020	3.208	0.171	7.917	0.454	0.051
zhangjiafen	1966-6-5	7.750	20.110	0.195	28.476	2.955	7.000	0.010	0.048	0.021	2.795	0.160	8.118	0.434	0.053
zhangjiafen	1966-6-6	6.570	15.878	0.901	27.221	1.742	4.300	0.046	0.047	0.022	1.643	0.099	8.361	0.420	0.054
zhangjiafen	1966-6-7	5.450	13.586	0	24.955	1.927	4.900	0	0.045	0.023	1.812	0.115	8.576	0.409	0.056
zhangjiafen	1966-6-8	5.450	11.862	0.069	22.049	2.706	7.200	0.003	0.044	0.025	2.535	0.171	8.717	0.393	0.057
zhangjiafen	1966-6-9	5.450	10.577	0.554	20.465	1.817	5.100	0.025	0.042	0.026	1.695	0.122	8.888	0.376	0.058
zhangjiafen	1966-6-10	5.210	9.708	0.772	18.890	2.068	6.000	0.017	0.041	0.027	1.923	0.145	9.022	0.366	0.059
zhangjiafen	1966-6-11	4.730	9.484	0.708	16.484	2.910	8.800	0.025	0.039	0.029	2.696	0.214	9.073	0.354	0.060
zhangjiafen	1966-6-12	5.210	9.323	2.090	16.990	1.242	3.900	0.057	0.038	0.030	1.147	0.095	9.231	0.343	0.060
zhangjiafen	1966-6-13	5.730	9.612	6.866	21.594	1.793	5.200	0.188	0.041	0.026	1.665	0.128	9.382	0.367	0.062
zhangjiafen	1966-6-14	8.350	13.018	0.468	19.931	1.823	5.100	0.014	0.042	0.025	1.697	0.127	9.546	0.378	0.063
zhangjiafen	1966-6-15	9.340	14.527	4.756	23.392	0.762	2.100	0.160	0.043	0.025	0.709	0.053	9.787	0.383	0.064
zhangjiafen	1966-6-16	13.400	15.227	5.519	26.930	1.407	3.600	0.215	0.045	0.025	1.315	0.091	10.012	0.406	0.065
zhangjiafen	1966-6-17	16.000	18.356	2.638	27.389	1.705	4.200	0.117	0.047	0.026	1.597	0.108	10.230	0.419	0.067
zhangjiafen	1966-6-18	17.700	20.770	1.556	27.351	1.139	2.800	0.062	0.047	0.026	1.066	0.073	10.482	0.419	0.068
zhangjiafen	1966-6-19	17.700	20.351	3.472	28.778	1.528	3.700	0.143	0.047	0.027	1.431	0.097	10.712	0.424	0.070
zhangjiafen	1966-6-20	17.100	20.955	0.965	27.786	1.535	3.700	0.048	0.047	0.027	1.436	0.098	10.941	0.425	0.071
zhangjiafen	1966-6-21	14.200	19.246	0.481	26.075	1.827	4.500	0.022	0.046	0.028	1.706	0.121	11.136	0.418	0.073
zhangjiafen	1966-6-22	11.400	16.426	1.222	25.638	1.232	3.100	0.056	0.046	0.029	1.148	0.084	11.359	0.410	0.074
zhangjiafen	1966-6-23	10.400	14.523	0.216	24.160	1.328	3.400	0.010	0.045	0.029	1.235	0.093	11.565	0.404	0.076
zhangjiafen	1966-6-24	10.000	12.964	2.154	24.129	1.775	4.600	0.092	0.044	0.030	1.648	0.127	11.731	0.400	0.077
zhangjiafen	1966-6-25	10.400	13.958	1.663	24.423	0.924	2.400	0.069	0.044	0.030	0.857	0.067	11.955	0.399	0.078
zhangjiafen	1966-6-26	10.400	14.371	0.107	22.325	1.901	5.000	0.007	0.044	0.031	1.760	0.140	12.099	0.395	0.080
zhangjiafen	1966-6-27	9.340	13.171	0.083	20.337	1.784	4.900	0.002	0.042	0.032	1.645	0.138	12.229	0.381	0.081
zhangjiafen	1966-6-28	8.050	11.545	0.438	19.601	0.806	2.300	0.023	0.041	0.033	0.741	0.065	12.418	0.369	0.081
zhangjiafen	1966-6-29	8.680	10.758	0.250	18.338	1.201	3.500	0.010	0.040	0.034	1.100	0.100	12.564	0.362	0.083
zhangjiafen	1966-6-30	8.680	10.083	0.035	16.623	1.489	4.500	0.001	0.039	0.035	1.359	0.130	12.667	0.351	0.084
zhangjiafen	1966-7-1	8.050	9.309	0.056	15.154	1.264	4.000	0.001	0.038	0.037	1.148	0.116	12.768	0.338	0.084
zhangjiafen	1966-7-2	7.450	8.685	0.893	14.713	1.041	3.400	0.027	0.037	0.038	0.942	0.099	12.874	0.329	0.085
zhangjiafen	1966-7-3	7.150	8.656	0.135	13.147	1.489	5.000	0.002	0.036	0.040	1.343	0.146	12.923	0.321	0.086
zhangjiafen	1966-7-4	6.010	8.596	6.478	19.099	0	0	0.150	0.038	0.037	0	0	13.138	0.338	0.086
zhangjiafen	1966-7-5	6.570	9.807	2.792	21.232	0.176	0.500	0.086	0.041	0.035	0.162	0.015	13.372	0.371	0.088
zhangjiafen	1966-7-6	8.680	12.219	0.837	20.456	1.265	3.500	0.033	0.042	0.035	1.161	0.104	13.522	0.378	0.089
zhangjiafen	1966-7-7	8.350	13.640	0	18.472	1.721	4.900	0	0.041	0.035	1.574	0.146	13.619	0.369	0.090
zhangjiafen	1966-7-8	6.570	13.244	0	15.896	2.399	7.200	0	0.039	0.037	2.184	0.216	13.628	0.353	0.091
zhangjiafen	1966-7-9	6.010	12.005	0.590	14.508	1.754	5.600	0.018	0.037	0.040	1.586	0.168	13.665	0.335	0.091
zhangjiafen	1966-7-10	5.450	10.973	3.188	16.217	1.125	3.600	0.091	0.037	0.040	1.017	0.108	13.760	0.334	0.091
zhangjiafen	1966-7-11	11.700	11.542	5.023	19.965	0.808	2.400	0.144	0.040	0.037	0.736	0.072	13.915	0.356	0.092
zhangjiafen	1966-7-12	9.340	13.714	24.052	42.219	0.522	1.200	0.822	0.049	0.034	0.485	0.036	14.193	0.441	0.093
zhangjiafen	1966-7-13	25.400	35.751	8.899	49.701	0.315	0.600	0.541	0.058	0.034	0.296	0.018	14.567	0.521	0.095
zhangjiafen	1966-7-14	82.700	58.771	0.608	48.741	0.978	1.800	0.047	0.060	0.035	0.922	0.056	14.917	0.539	0.097
zhangjiafen	1966-7-15	30.400	45.486	1.286	49.089	0.271	0.500	0.087	0.060	0.036	0.255	0.016	15.303	0.537	0.099
zhangjiafen	1966-7-16	23.600	34.121	0.544	47.422	1.674	3.100	0.042	0.059	0.037	1.575	0.099	15.600	0.535	0.102
zhangjiafen	1966-7-17	18.200	25.705	0.978	46.435	1.385	2.600	0.076	0.059	0.038	1.302	0.083	15.902	0.527	0.104
zhangjiafen	1966-7-18	15.100	20.956	0.043	43.687	2.358	4.500	0.003	0.058	0.039	2.212	0.146	16.130	0.519	0.106
zhangjiafen	1966-7-19	12.700	17.384	0.309	41.315	2.244	4.400	0.020	0.056	0.039	2.100	0.144	16.345	0.505	0.108
zhangjiafen	1966-7-20	11.400	15.027	0	37.723	3.264	6.600	0	0.055	0.040	3.047	0.217	16.470	0.491	0.109
zhangjiafen	1966-7-21	10.700	13.388	0.369	34.847	2.897	6.100	0.023	0.053	0.040	2.696	0.201	16.592	0.473	0.110
zhangjiafen	1966-7-22	9.340	12.400	0.136	33.148	1.423	3.100	0.006	0.051	0.040	1.320	0.103	16.797	0.459	0.111
zhangjiafen	1966-7-23	9.340	11.818	5.251	36.148	1.576	3.400	0.274	0.051	0.041	1.463	0.113	16.994	0.463	0.112
zhangjiafen	1966-7-24	9.340	16.021	5.818	39.500	1.740	3.600	0.314	0.053	0.041	1.619	0.121	17.198	0.480	0.113
zhangjiafen	1966-7-25	11.700	31.600	15.528	52.805	0.740	1.400	0.949	0.058	0.042	0.693	0.047	17.518	0.523	0.115
zhangjiafen	1966-7-26	63.400	69.659	3.683	55.168	0.397	0.700	0.319	0.063	0.043	0.374	0.024	17.899	0.565	0.117
zhangjiafen	1966-7-27	36.000	59.448	0.433	54.117	0.857	1.500	0.046	0.063	0.044	0.805	0.052	18.254	0.569	0.119
zhangjiafen	1966-7-28	26.300	40.826	23.839	75.139	0.062	0.100	2.030	0.073	0.044	0.058	0.003	18.740	0.656	0.122
zhangjiafen	1966-7-29	40.500	130.346	1.925	74.789	1.397	2.100	0.184	0.077	0.046	1.323	0.074	19.188	0.692	0.125
zhangjiafen	1966-7-30	28.100	82.337	0.254	72.254	2.112	3.200	0.033	0.076	0.047	1.998	0.114	19.582	0.683	0.128
zhangjiafen	1966-7-31	21.700	49.559	0.048	70.326	1.300	2.000	0.005	0.074	0.048	1.228	0.072	20.000	0.668	0.131
zhangjiafen	1966-8-1	18.800	31.831	0.630	68.933	1.286	2.000	0.079	0.073	0.049	1.213	0.073	20.403	0.658	0.133
zhangjiafen	1966-8-2	18.200	26.146	3.469	68.928	2.305	3.600	0.458	0.084	0.050	2.173	0.132	20.844	0.758	0.136
zhangjiafen	1966-8-3	25.000	42.819	11.063	77.994	0	0	1.131	0.087	0.051	0	0	21.433	0.779	0.139
zhangjiafen	1966-8-4	33.500	76.132	0.407	75.400	2.296	3.400	0.051	0.078	0.052	2.168	0.128	21.815	0.705	0.143
zhangjiafen	1966-8-5	32.000	57.293	0	72.508	2.257	3.400	0	0.076	0.053	2.128	0.129	22.175	0.687	0.145
zhangjiafen	1966-8-6	22.900	37.205	0.515	69.895	2.479	3.800	0.050	0.074	0.054	2.334	0.146	22.497	0.670	0.148
zhangjiafen	1966-8-7	19.400	27.202	13.531	79.661	1.736	2.600	1.357	0.077	0.055	1.636	0.100	22.888	0.696	0.150
zhangjiafen	1966-8-8	19.400	69.756	6.885	82.875	2.085	3.000	0.840	0.086	0.056	1.968	0.117	23.339	0.776	0.153
zhangjiafen	1966-8-9	30.700	100.950	3.388	83.014	2.106	3.000	0.421	0.084	0.057	1.988	0.118	23.763	0.754	0.156
zhangjiafen	1966-8-10	28.700	79.472	0.259	78.949	3.685	5.300	0.035	0.082	0.058	3.475	0.210	24.070	0.734	0.158
zhangjiafen	1966-8-11	20.600	53.224	0.006	75.671	2.651	3.900	0.001	0.079	0.059	2.495	0.156	24.404	0.708	0.160
zhangjiafen	1966-8-12	16.500	35.741	0.904	73.316	2.538	3.800	0.107	0.077	0.059	2.386	0.153	24.720	0.690	0.163
zhangjiafen	1966-8-13	15.100	31.043	23.854	87.180	6.806	9.800	2.645	0.094	0.060	6.409	0.396	24.941	0.842	0.165
zhangjiafen	1966-8-14	90.900	159.506	7.430	91.305	1.529	2.100	0.919	0.094	0.061	1.444	0.085	25.476	0.848	0.166
zhangjiafen	1966-8-15	43.900	134.233	13.457	99.085	2.784	3.700	1.886	0.116	0.062	2.632	0.152	26.136	1.043	0.170
zhangjiafen	1966-8-16	47.700	192.762	11.585	104.994	2.880	3.700	1.728	0.122	0.064	2.727	0.154	26.844	1.099	0.174
zhangjiafen	1966-8-17	65.800	193.147	0	98.992	5.301	6.800	0	0.099	0.065	5.016	0.286	27.202	0.888	0.179
zhangjiafen	1966-8-18	46.500	98.186	1.467	95.811	3.738	4.900	0.176	0.094	0.066	3.531	0.207	27.595	0.848	0.181
zhangjiafen	1966-8-19	37.900	57.940	0.772	93.429	2.257	3.000	0.107	0.092	0.067	2.129	0.128	28.041	0.825	0.184
zhangjiafen	1966-8-20	32.900	42.745	0.685	92.067	1.118	1.500	0.093	0.090	0.068	1.053	0.064	28.531	0.810	0.187
zhangjiafen	1966-8-21	31.200	34.635	0	89.033	2.287	3.100	0	0.088	0.069	2.152	0.134	28.931	0.794	0.190
zhangjiafen	1966-8-22	28.100	27.885	18.357	102.856	1.213	1.600	2.392	0.100	0.070	1.144	0.070	29.497	0.899	0.193
zhangjiafen	1966-8-23	39.600	143.266	0	99.753	2.259	2.900	0	0.097	0.072	2.131	0.128	29.977	0.876	0.197
zhangjiafen	1966-8-24	38.700	88.097	0.069	97.053	1.922	2.500	0.010	0.095	0.073	1.811	0.111	30.445	0.852	0.200
zhangjiafen	1966-8-25	29.500	51.678	1.108	96.430	0.686	0.900	0.153	0.093	0.074	0.646	0.040	30.966	0.838	0.203
zhangjiafen	1966-8-26	28.700	38.909	12.326	105.647	0.234	0.300	1.791	0.110	0.075	0.220	0.014	31.659	0.989	0.206
zhangjiafen	1966-8-27	28.700	110.931	0.525	103.217	1.979	2.500	0.085	0.100	0.077	1.865	0.114	32.161	0.904	0.211
zhangjiafen	1966-8-28	27.400	80.047	7.219	106.463	1.985	2.500	1.028	0.108	0.078	1.870	0.115	32.722	0.968	0.214
zhangjiafen	1966-8-29	28.100	87.283	1.369	105.027	1.676	2.100	0.210	0.102	0.080	1.578	0.097	33.241	0.914	0.218
zhangjiafen	1966-8-30	36.900	76.329	14.129	115.331	0.163	0.200	2.261	0.141	0.081	0.153	0.009	34.200	1.271	0.222
zhangjiafen	1966-8-31	55.800	172.458	0.430	111.332	3.473	4.200	0.073	0.108	0.083	3.274	0.199	34.662	0.973	0.228
zhangjiafen	1966-9-1	45.500	102.664	0	109.361	0.980	1.200	0	0.105	0.084	0.922	0.057	35.234	0.944	0.231
zhangjiafen	1966-9-2	34.500	59.868	0	106.662	1.779	2.200	0	0.103	0.086	1.673	0.106	35.732	0.924	0.235
zhangjiafen	1966-9-3	30.400	39.470	0.016	104.619	1.121	1.400	0.003	0.100	0.087	1.053	0.068	36.242	0.903	0.238
zhangjiafen	1966-9-4	28.700	29.626	1.146	104.598	0	0	0.173	0.099	0.088	0	0	36.806	0.894	0.242
zhangjiafen	1966-9-5	27.400	29.469	0.437	102.424	1.667	2.100	0.065	0.098	0.089	1.563	0.103	37.254	0.886	0.245
zhangjiafen	1966-9-6	24.900	28.747	9.009	107.322	1.998	2.500	1.242	0.099	0.091	1.875	0.124	37.686	0.895	0.248
zhangjiafen	1966-9-7	22.900	68.543	0.002	102.870	3.685	4.600	0	0.100	0.092	3.456	0.229	38.011	0.896	0.251
zhangjiafen	1966-9-8	23.600	61.831	0	99.114	2.988	3.800	0	0.096	0.092	2.798	0.190	38.338	0.863	0.253
zhangjiafen	1966-9-9	21.700	45.078	0.107	95.749	2.707	3.500	0.014	0.093	0.093	2.531	0.176	38.648	0.835	0.256
zhangjiafen	1966-9-10	20.000	33.978	0	92.856	2.133	2.800	0	0.090	0.094	1.992	0.141	38.966	0.811	0.258
zhangjiafen	1966-9-11	19.400	27.145	0	89.808	2.327	3.100	0	0.088	0.095	2.170	0.157	39.244	0.789	0.260
zhangjiafen	1966-9-12	18.200	23.213	0.085	85.737	3.541	4.800	0.010	0.085	0.095	3.297	0.244	39.408	0.765	0.262
zhangjiafen	1966-9-13	17.700	21.407	0	81.630	3.536	4.900	0	0.082	0.096	3.287	0.250	39.538	0.738	0.263
zhangjiafen	1966-9-14	16.500	20.219	0.420	78.328	3.109	4.400	0.045	0.079	0.096	2.885	0.224	39.667	0.713	0.264
zhangjiafen	1966-9-15	16.500	19.911	0.302	74.877	3.188	4.600	0.031	0.077	0.096	2.953	0.235	39.764	0.692	0.264
zhangjiafen	1966-9-16	16.000	20.122	3.025	74.533	2.465	3.600	0.331	0.076	0.097	2.281	0.184	39.898	0.680	0.265
zhangjiafen	1966-9-17	16.000	26.023	7.569	78.853	1.801	2.600	0.812	0.077	0.097	1.668	0.133	40.094	0.692	0.266
zhangjiafen	1966-9-18	16.500	55.180	0.930	77.403	1.607	2.300	0.113	0.078	0.097	1.489	0.118	40.312	0.701	0.267
zhangjiafen	1966-9-19	18.800	55.386	0.234	75.117	1.866	2.700	0.027	0.077	0.098	1.727	0.139	40.497	0.690	0.269
zhangjiafen	1966-9-20	18.800	43.168	0.156	72.115	2.586	3.800	0.019	0.075	0.098	2.390	0.196	40.606	0.674	0.270
zhangjiafen	1966-9-21	17.700	33.479	0.276	69.230	2.605	3.900	0.027	0.073	0.099	2.403	0.202	40.692	0.657	0.271
zhangjiafen	1966-9-22	16.500	27.271	0	66.645	2.033	3.100	0	0.071	0.099	1.872	0.161	40.802	0.641	0.271
zhangjiafen	1966-9-23	16.000	23.497	0.009	63.945	2.190	3.400	0.001	0.070	0.099	2.013	0.176	40.880	0.626	0.272
zhangjiafen	1966-9-24	15.600	21.100	0	61.122	2.337	3.700	0	0.068	0.099	2.145	0.192	40.927	0.611	0.273
zhangjiafen	1966-9-25	14.600	19.522	0	58.140	2.534	4.100	0	0.066	0.099	2.321	0.213	40.936	0.595	0.273
zhangjiafen	1966-9-26	14.200	18.499	0.042	55.326	2.417	4.000	0.004	0.064	0.099	2.209	0.208	40.935	0.579	0.273
zhangjiafen	1966-9-27	14.200	17.926	0.098	52.634	2.362	4.000	0.008	0.063	0.099	2.155	0.208	40.920	0.565	0.273
zhangjiafen	1966-9-28	14.200	17.622	0	50.288	1.906	3.300	0	0.061	0.099	1.734	0.171	40.927	0.551	0.273
zhangjiafen	1966-9-29	13.700	17.376	0.029	47.359	2.597	4.600	0.002	0.060	0.099	2.358	0.239	40.854	0.538	0.273
zhangjiafen	1966-9-30	14.300	17.193	0	44.590	2.417	4.400	0	0.058	0.099	2.188	0.228	40.777	0.523	0.272
zhangjiafen	1966-10-1	13.700	16.949	0	41.807	2.456	4.600	0	0.057	0.099	2.218	0.239	40.676	0.509	0.272
zhangjiafen	1966-10-2	13.700	16.674	0	39.667	1.765	3.400	0	0.055	0.099	1.589	0.176	40.625	0.495	0.271
zhangjiafen	1966-10-3	12.700	16.416	0	37.311	2.026	4.000	0	0.054	0.099	1.819	0.207	40.532	0.484	0.271
zhangjiafen	1966-10-4	13.200	16.194	0.464	35.807	1.582	3.200	0.026	0.053	0.099	1.416	0.165	40.471	0.473	0.270
zhangjiafen	1966-10-5	14.200	16.296	3.550	38.529	0.099	0.200	0.213	0.053	0.098	0.089	0.010	40.566	0.474	0.270
zhangjiafen	1966-10-6	15.600	22.293	0.517	38.257	0.251	0.500	0.029	0.053	0.099	0.226	0.026	40.652	0.481	0.270
zhangjiafen	1966-10-7	16.500	23.393	0	36.610	1.246	2.500	0	0.053	0.099	1.117	0.129	40.630	0.477	0.271
zhangjiafen	1966-10-8	16.000	21.505	0.109	34.969	1.368	2.800	0.007	0.052	0.099	1.223	0.145	40.583	0.468	0.271
zhangjiafen	1966-10-9	16.000	19.382	0.063	33.876	0.719	1.500	0.004	0.051	0.099	0.641	0.078	40.596	0.460	0.271
zhangjiafen	1966-10-10	15.600	17.988	0.326	32.876	0.898	1.900	0.020	0.050	0.099	0.800	0.098	40.583	0.454	0.271
zhangjiafen	1966-10-11	15.100	17.377	0	31.223	1.301	2.800	0	0.050	0.099	1.156	0.145	40.516	0.447	0.271
zhangjiafen	1966-10-12	15.600	16.779	0	29.850	0.999	2.200	0	0.049	0.099	0.885	0.114	40.472	0.438	0.270
zhangjiafen	1966-10-13	15.600	16.255	0.096	27.895	1.777	4.000	0.004	0.048	0.098	1.570	0.207	40.327	0.430	0.270
zhangjiafen	1966-10-14	15.100	15.892	3.573	30.026	0.885	2.000	0.184	0.048	0.098	0.782	0.103	40.286	0.429	0.269
zhangjiafen	1966-10-15	15.600	19.023	3.290	32.040	0.682	1.500	0.182	0.049	0.098	0.605	0.077	40.282	0.440	0.269
zhangjiafen	1966-10-16	16.500	25.246	0.967	31.769	0.782	1.700	0.049	0.049	0.098	0.695	0.088	40.272	0.445	0.269
zhangjiafen	1966-10-17	16.500	25.471	0.036	30.506	0.911	2.000	0.002	0.049	0.098	0.808	0.103	40.243	0.441	0.268
zhangjiafen	1966-10-18	16.000	23.095	0	28.959	1.205	2.700	0	0.048	0.098	1.066	0.139	40.171	0.433	0.268
zhangjiafen	1966-10-19	15.100	20.445	0	27.260	1.393	3.200	0	0.047	0.098	1.229	0.165	40.064	0.423	0.268
zhangjiafen	1966-10-20	14.600	18.328	0	26.204	0.679	1.600	0	0.046	0.097	0.597	0.082	40.030	0.414	0.267
zhangjiafen	1966-10-21	14.600	16.866	0.046	25.030	0.875	2.100	0.002	0.045	0.097	0.767	0.108	39.965	0.407	0.267
zhangjiafen	1966-10-22	14.600	15.996	0.047	23.918	0.816	2.000	0.002	0.044	0.097	0.713	0.103	39.898	0.399	0.266
zhangjiafen	1966-10-23	14.200	15.456	0.113	23.310	0.320	0.800	0.006	0.044	0.097	0.279	0.041	39.886	0.393	0.266
zhangjiafen	1966-10-24	14.200	15.176	0.170	22.730	0.356	0.900	0.008	0.043	0.097	0.310	0.046	39.866	0.389	0.266
zhangjiafen	1966-10-25	13.700	15.150	0.256	21.837	0.820	2.100	0.010	0.043	0.097	0.712	0.108	39.779	0.384	0.266
zhangjiafen	1966-10-26	13.700	15.202	0.978	20.822	1.768	4.600	0.040	0.042	0.097	1.533	0.236	39.560	0.379	0.265
zhangjiafen	1966-10-27	13.700	16.426	0	19.640	0.895	2.400	0	0.041	0.096	0.773	0.123	39.446	0.369	0.264
zhangjiafen	1966-10-28	14.200	16.134	0	18.492	0.871	2.400	0	0.040	0.096	0.749	0.122	39.325	0.360	0.263
zhangjiafen	1966-10-29	14.200	15.476	0	17.378	0.847	2.400	0	0.039	0.096	0.724	0.122	39.195	0.351	0.262
zhangjiafen	1966-10-30	14.600	14.886	0	16.327	0.788	2.300	0	0.038	0.095	0.671	0.117	39.063	0.341	0.261
zhangjiafen	1966-10-31	14.600	14.449	0	14.890	1.262	3.800	0	0.037	0.095	1.069	0.193	38.846	0.332	0.260
zhangjiafen	1966-11-1	14.200	14.137	0	13.786	0.891	2.800	0	0.035	0.095	0.750	0.142	38.669	0.319	0.259
zhangjiafen	1966-11-2	14.200	13.896	0	13.212	0.277	0.900	0	0.034	0.094	0.232	0.045	38.581	0.309	0.258
zhangjiafen	1966-11-3	14.200	13.694	0	12.500	0.452	1.500	0	0.034	0.094	0.376	0.076	38.456	0.302	0.257
zhangjiafen	1966-11-4	13.700	13.523	0	11.663	0.616	2.100	0	0.033	0.094	0.510	0.106	38.295	0.295	0.256
zhangjiafen	1966-11-5	13.700	13.370	0.147	10.648	1.021	3.600	0.004	0.032	0.093	0.840	0.181	38.050	0.285	0.255
zhangjiafen	1966-11-6	13.700	13.298	0	9.903	0.542	2.000	0	0.030	0.093	0.442	0.100	37.876	0.272	0.254
zhangjiafen	1966-11-7	13.700	13.169	0	9.420	0.236	0.900	0	0.029	0.092	0.191	0.045	37.750	0.263	0.253
zhangjiafen	1966-11-8	13.700	13.001	0	8.642	0.613	2.400	0	0.028	0.092	0.493	0.120	37.542	0.256	0.252
zhangjiafen	1966-11-9	13.700	12.825	0	7.864	0.636	2.600	0	0.027	0.092	0.507	0.129	37.315	0.245	0.250
zhangjiafen	1966-11-10	13.700	12.646	0	7.127	0.607	2.600	0	0.026	0.091	0.478	0.129	37.079	0.233	0.249
zhangjiafen	1966-11-11	13.700	12.464	0	6.674	0.267	1.200	0	0.025	0.091	0.208	0.059	36.903	0.221	0.247
zhangjiafen	1966-11-12	13.200	12.280	0.324	6.400	0.457	2.100	0.006	0.024	0.090	0.353	0.104	36.678	0.215	0.246
zhangjiafen	1966-11-13	12.700	12.202	0	5.880	0.378	1.800	0	0.023	0.090	0.290	0.089	36.462	0.207	0.245
zhangjiafen	1966-11-14	12.700	12.072	0	5.389	0.362	1.800	0	0.022	0.089	0.274	0.088	36.237	0.196	0.243
zhangjiafen	1966-11-15	11.400	11.902	0	4.926	0.345	1.800	0	0.021	0.089	0.257	0.088	36.004	0.185	0.242
zhangjiafen	1966-11-16	11.800	11.711	0	4.531	0.275	1.500	0	0.019	0.088	0.201	0.073	35.778	0.175	0.240
zhangjiafen	1966-11-17	11.400	11.512	0.028	4.181	0.265	1.500	0	0.019	0.088	0.192	0.073	35.546	0.168	0.239
zhangjiafen	1966-11-18	11.100	11.316	0	3.823	0.254	1.500	0	0.018	0.087	0.181	0.073	35.308	0.159	0.237
zhangjiafen	1966-11-19	10.400	11.128	0.203	3.680	0.246	1.500	0.003	0.017	0.087	0.174	0.072	35.066	0.153	0.235
zhangjiafen	1966-11-20	9.340	10.984	0	3.352	0.238	1.500	0	0.016	0.086	0.166	0.072	34.821	0.146	0.234
zhangjiafen	1966-11-21	9.200	10.841	0	3.049	0.225	1.500	0	0.015	0.086	0.153	0.072	34.566	0.135	0.232
zhangjiafen	1966-11-22	9.350	10.690	0	2.768	0.213	1.500	0	0.014	0.085	0.142	0.072	34.305	0.126	0.230
zhangjiafen	1966-11-23	10.300	10.528	0	2.507	0.203	1.500	0	0.013	0.085	0.131	0.071	34.037	0.117	0.229
zhangjiafen	1966-11-24	10.100	10.359	0	2.266	0.192	1.500	0	0.012	0.084	0.121	0.071	33.762	0.108	0.227
zhangjiafen	1966-11-25	9.270	10.188	0	2.044	0.182	1.500	0	0.011	0.084	0.112	0.071	33.483	0.100	0.225
zhangjiafen	1966-11-26	7.770	10.018	0	1.839	0.173	1.500	0	0.010	0.083	0.103	0.070	33.198	0.092	0.223
zhangjiafen	1966-11-27	9.180	9.854	0	1.651	0.164	1.500	0	0.009	0.083	0.094	0.070	32.909	0.085	0.221
zhangjiafen	1966-11-28	8.130	9.694	0	1.479	0.156	1.500	0	0.009	0.082	0.086	0.070	32.615	0.078	0.219
zhangjiafen	1966-11-29	8.050	9.540	0	1.322	0.148	1.500	0	0.008	0.082	0.079	0.069	32.317	0.071	0.217
zhangjiafen	1966-11-30	5.420	9.391	0	1.179	0.141	1.500	0	0.007	0.081	0.072	0.069	32.016	0.065	0.215
zhangjiafen	1966-12-1	6.220	9.248	0	1.018	0.196	2.200	0	0.007	0.081	0.095	0.101	31.680	0.059	0.213
zhangjiafen	1966-12-2	6.160	9.110	0	0.929	0.067	0.800	0	0.006	0.080	0.031	0.036	31.405	0.052	0.211
zhangjiafen	1966-12-3	7.850	8.974	0	0.833	0.097	1.200	0	0.005	0.080	0.043	0.054	31.110	0.049	0.209
zhangjiafen	1966-12-4	8.250	8.847	0	0.738	0.109	1.400	0	0.005	0.079	0.045	0.063	30.805	0.044	0.207
zhangjiafen	1966-12-5	8.670	8.728	0	0.662	0.082	1.100	0	0.004	0.079	0.032	0.049	30.512	0.040	0.205
zhangjiafen	1966-12-6	8.670	8.616	0	0.594	0.071	1.000	0	0.004	0.078	0.027	0.045	30.222	0.037	0.203
zhangjiafen	1966-12-7	8.210	8.512	0	0.530	0.076	1.100	0	0.004	0.078	0.027	0.049	29.927	0.034	0.201
zhangjiafen	1966-12-8	8.000	8.414	0	0.474	0.066	1.000	0	0.003	0.077	0.022	0.044	29.637	0.031	0.200
zhangjiafen	1966-12-9	7.850	8.323	0	0.419	0.077	1.200	0	0.003	0.077	0.024	0.053	29.337	0.028	0.198
zhangjiafen	1966-12-10	8.110	8.237	0	0.382	0.031	0.500	0	0.003	0.076	0.009	0.022	29.069	0.025	0.196
zhangjiafen	1966-12-11	8.750	8.154	0	0.333	0.085	1.400	0	0.003	0.076	0.024	0.061	28.761	0.023	0.194
zhangjiafen	1966-12-12	9.830	8.077	0	0.297	0.047	0.800	0	0.002	0.076	0.012	0.035	28.480	0.021	0.192
zhangjiafen	1966-12-13	9.560	8.004	0	0.265	0.046	0.800	0	0.002	0.075	0.011	0.035	28.199	0.019	0.190
zhangjiafen	1966-12-14	8.800	7.934	0	0.240	0.028	0.500	0	0.002	0.075	0.006	0.021	27.932	0.018	0.188
zhangjiafen	1966-12-15	9.410	7.869	0	0.213	0.043	0.800	0	0.002	0.075	0.009	0.034	27.654	0.016	0.186
zhangjiafen	1966-12-16	9.410	7.807	0.007	0.200	0.005	0.100	0	0.002	0.074	0.001	0.004	27.407	0.016	0.184
zhangjiafen	1966-12-17	9.830	7.750	0.038	0.212	0.011	0.200	0	0.002	0.074	0.003	0.008	27.162	0.021	0.183
zhangjiafen	1966-12-18	9.780	7.719	0.055	0.236	0.006	0.100	0	0.003	0.074	0.002	0.004	26.930	0.027	0.181
zhangjiafen	1966-12-19	8.920	7.711	0.005	0.191	0.061	1.000	0	0.003	0.074	0.019	0.042	26.662	0.027	0.180
zhangjiafen	1966-12-20	6.580	7.704	0	0.165	0.006	0.100	0	0.002	0.073	0.002	0.004	26.429	0.022	0.178
zhangjiafen	1966-12-21	5.820	7.682	0	0.136	0.048	0.900	0	0.002	0.073	0.011	0.037	26.160	0.017	0.176
zhangjiafen	1966-12-22	5.310	7.644	0	0.118	0.020	0.400	0	0.001	0.073	0.004	0.017	25.909	0.013	0.174
zhangjiafen	1966-12-23	5.980	7.591	0	0.100	0.034	0.700	0	0.001	0.073	0.005	0.029	25.646	0.011	0.173
zhangjiafen	1966-12-24	5.230	7.534	0	0.085	0.038	0.800	0	0.001	0.072	0.005	0.033	25.379	0.009	0.171
zhangjiafen	1966-12-25	5.230	7.478	0	0.072	0.032	0.700	0	0.001	0.072	0.004	0.029	25.117	0.008	0.169
zhangjiafen	1966-12-26	6.830	7.426	0	0.061	0.027	0.600	0	0.001	0.072	0.003	0.024	24.861	0.007	0.167
zhangjiafen	1966-12-27	6.980	7.379	0	0.052	0.022	0.500	0	0.001	0.072	0.002	0.020	24.609	0.006	0.166
zhangjiafen	1966-12-28	5.870	7.338	0	0.044	0.022	0.500	0	0.001	0.071	0.002	0.020	24.359	0.005	0.164
zhangjiafen	1966-12-29	5.770	7.300	0	0.037	0.022	0.500	0	0.001	0.071	0.002	0.020	24.111	0.005	0.162
zhangjiafen	1966-12-30	6.700	7.266	0	0.031	0.021	0.500	0	0	0.071	0.001	0.020	23.863	0.004	0.161
zhangjiafen	1966-12-31	7.900	7.235	0	0.025	0.042	1.000	0	0	0.071	0.002	0.039	23.597	0.004	0.159
