xiahui	1964-1-1	2.00	0.60	0	29.8	1.4	0.4	0	0	0
xiahui	1964-1-2	2.00	0.60	0	29.7	0.6	0.5	0	0	0
xiahui	1964-1-3	2.50	1.85	0	29.6	0.5	0.4	0	0	0
xiahui	1964-1-4	3.50	3.65	0	29.5	0.4	0.3	0	0	0
xiahui	1964-1-5	3.50	4.00	0	29.4	0.6	0.5	0	0	0
xiahui	1964-1-6	3.50	4.00	0	29.3	0.6	0.5	0	0	0
xiahui	1964-1-7	3.80	4.00	0	29.3	0.4	0.3	0	0	0
xiahui	1964-1-8	3.50	4.00	0	29.2	0.4	0.3	0	0	0
xiahui	1964-1-9	3.20	4.00	0	29.1	0.5	0.4	0	0	0
xiahui	1964-1-10	3.20	4.00	0.4	29.2	0.5	0.4	0	0	0
xiahui	1964-1-11	3.80	4.00	0.2	29.5	0.1	0.1	0	0	0
xiahui	1964-1-12	4.10	4.00	0	29.4	0.6	0.5	0	0	0
xiahui	1964-1-13	3.80	4.00	0	29.3	0.8	0.7	0	0	0
xiahui	1964-1-14	2.80	4.00	0.1	29.1	0.8	0.7	0	0	0
xiahui	1964-1-15	3.20	4.00	0.1	29.0	0.6	0.5	0	0	0
xiahui	1964-1-16	3.50	4.00	0	28.8	0.9	0.8	0	0	0
xiahui	1964-1-17	2.50	4.00	0	28.7	0.9	0.8	0	0	0
xiahui	1964-1-18	2.50	4.00	0	28.5	0.9	0.8	0	0	0
xiahui	1964-1-19	1.50	4.00	0	28.4	0.6	0.5	0	0	0
xiahui	1964-1-20	2.00	4.00	0	28.3	0.7	0.6	0	0	0
xiahui	1964-1-21	2.50	4.00	0	28.1	0.8	0.7	0	0	0
xiahui	1964-1-22	2.00	4.00	0	28.0	0.9	0.8	0	0	0
xiahui	1964-1-23	2.00	4.00	0	27.8	1.2	1.1	0	0	0
xiahui	1964-1-24	2.50	4.00	0	27.6	1.1	1.0	0	0	0
xiahui	1964-1-25	2.80	4.00	0	27.4	1.0	0.9	0	0	0
xiahui	1964-1-26	2.50	4.00	0	27.3	0.7	0.6	0	0	0
xiahui	1964-1-27	2.50	4.00	0.2	27.3	0.7	0.6	0	0	0
xiahui	1964-1-28	3.20	4.00	0	27.2	0.8	0.7	0	0	0
xiahui	1964-1-29	2.50	4.00	0	27.1	0.8	0.7	0	0	0
xiahui	1964-1-30	1.50	4.00	0	27.0	0.6	0.6	0	0	0
xiahui	1964-1-31	1.50	4.00	0	26.9	0.7	0.7	0	0	0
xiahui	1964-2-1	1.50	4.00	0	26.7	0.7	0.7	0	0	0
xiahui	1964-2-2	1.70	4.00	0	26.6	0.7	0.7	0	0	0
xiahui	1964-2-3	1.70	4.00	0.1	26.6	0.7	0.7	0	0	0
xiahui	1964-2-4	2.00	4.00	0.7	26.9	0.4	0.4	0	0	0
xiahui	1964-2-5	2.20	4.00	2.4	28.8	0.2	0.2	0	0	0
xiahui	1964-2-6	2.50	4.15	1.0	29.9	0.5	0.5	0	0	0
xiahui	1964-2-7	3.20	4.00	0.8	30.1	0.3	0.3	0	0	0
xiahui	1964-2-8	3.20	4.00	0.3	30.4	0.5	0.5	0	0	0
xiahui	1964-2-9	2.50	4.00	0.2	30.4	0.5	0.5	0	0	0
xiahui	1964-2-10	2.50	4.00	0	30.3	0.7	0.7	0	0	0
xiahui	1964-2-11	1.70	4.00	0	30.2	0.7	0.7	0	0	0
xiahui	1964-2-12	2.00	4.00	0	30.0	0.7	0.7	0	0	0
xiahui	1964-2-13	1.70	4.00	0	29.8	0.8	0.8	0	0	0
xiahui	1964-2-14	2.00	4.00	0	29.6	0.9	0.9	0	0	0
xiahui	1964-2-15	2.20	4.00	0.2	29.7	0.7	0.7	0	0	0
xiahui	1964-2-16	2.20	4.00	0	29.6	0.8	0.8	0	0	0
xiahui	1964-2-17	1.70	4.00	0	29.4	0.8	0.8	0	0	0
xiahui	1964-2-18	2.20	4.00	0	29.2	0.9	0.9	0	0	0
xiahui	1964-2-19	2.00	4.00	0	29.0	1.0	1.0	0	0	0
xiahui	1964-2-20	2.00	4.00	0	28.8	1.1	1.1	0	0	0
xiahui	1964-2-21	2.00	4.00	0	28.6	1.0	1.0	0	0	0
xiahui	1964-2-22	2.20	4.00	0	28.4	0.9	0.9	0	0	0
xiahui	1964-2-23	2.50	4.00	0	28.2	1.0	1.0	0	0	0
xiahui	1964-2-24	2.50	4.00	0	28.0	1.2	1.2	0	0	0
xiahui	1964-2-25	2.20	4.00	0.1	27.8	0.9	0.9	0	0	0
xiahui	1964-2-26	3.50	4.00	0.2	27.9	0.8	0.8	0	0	0
xiahui	1964-2-27	2.50	4.00	0	27.7	1.0	1.1	0	0	0
xiahui	1964-2-28	2.50	4.00	0	27.5	1.0	1.1	0	0	0
xiahui	1964-2-29	3.20	4.00	0	27.3	0.9	1.0	0	0	0
xiahui	1964-3-1	3.80	4.00	0	26.9	1.7	1.9	0	0	0
xiahui	1964-3-2	3.80	4.00	0.1	26.7	1.5	1.6	0	0	0
xiahui	1964-3-3	3.80	4.00	0.7	27.1	0.6	0.7	0	0	0
xiahui	1964-3-4	4.40	4.00	0.1	26.8	2.0	2.2	0	0	0
xiahui	1964-3-5	3.80	4.00	0.2	26.8	1.7	1.9	0	0	0
xiahui	1964-3-6	4.80	4.00	0	26.5	1.8	2.1	0	0	0
xiahui	1964-3-7	4.10	4.00	0	26.1	1.7	2.0	0	0	0
xiahui	1964-3-8	4.40	4.00	0	25.9	1.0	1.2	0	0	0
xiahui	1964-3-9	4.80	4.00	0	25.6	1.9	2.2	0	0	0
xiahui	1964-3-10	4.80	4.00	0.4	25.4	1.7	2.0	0	0	0
xiahui	1964-3-11	5.70	4.00	6.3	30.3	0.3	0.3	0	0	0
xiahui	1964-3-12	5.40	5.55	0.8	30.5	1.5	1.7	0	0	0
xiahui	1964-3-13	5.10	4.00	0.4	30.6	1.7	2.0	0	0	0
xiahui	1964-3-14	5.40	4.00	2.7	32.4	1.3	1.5	0	0	0
xiahui	1964-3-15	6.00	4.10	0.5	32.4	1.4	1.6	0	0	0
xiahui	1964-3-16	5.40	4.00	0.1	32.2	1.2	1.5	0	0	0
xiahui	1964-3-17	4.40	4.00	0.1	31.9	1.6	1.9	0	0	0
xiahui	1964-3-18	4.40	4.00	0.1	31.6	1.1	1.4	0	0	0
xiahui	1964-3-19	3.80	4.00	0	31.2	1.8	2.3	0	0	0
xiahui	1964-3-20	4.40	4.00	0	30.7	2.1	2.6	0	0	0
xiahui	1964-3-21	4.10	4.00	0.5	30.9	0.7	0.9	0	0	0
xiahui	1964-3-22	3.80	4.00	0.1	31.0	0.7	0.9	0	0	0
xiahui	1964-3-23	3.50	4.00	0.1	30.6	1.6	2.1	0	0	0
xiahui	1964-3-24	3.80	4.00	0.1	30.3	1.7	2.2	0	0	0
xiahui	1964-3-25	3.80	4.00	0	29.8	2.2	2.9	0	0	0
xiahui	1964-3-26	3.50	4.00	0	29.2	2.1	2.9	0	0	0
xiahui	1964-3-27	3.20	4.00	0	28.9	1.4	2.0	0	0	0
xiahui	1964-3-28	3.20	4.00	0	28.3	2.3	3.2	0	0	0
xiahui	1964-3-29	3.50	4.00	0.1	27.9	2.2	3.1	0	0	0
xiahui	1964-3-30	4.10	4.00	0.3	27.4	2.3	3.3	0	0	0
xiahui	1964-3-31	4.10	4.00	0.9	28.3	0.7	1.1	0	0	0
xiahui	1964-4-1	4.10	4.00	2.1	30.3	2.0	2.9	0	0	0
xiahui	1964-4-2	2.60	4.35	0.3	30.6	1.0	1.4	0	0	0
xiahui	1964-4-3	4.40	4.00	0.7	30.4	1.6	2.4	0	0	0
xiahui	1964-4-4	3.90	4.00	10.4	37.6	2.3	3.3	0	0	0
xiahui	1964-4-5	3.90	6.10	3.7	40.2	0.3	0.4	0	0	0
xiahui	1964-4-6	4.40	6.45	0.4	40.3	1.7	2.4	0	0	0
xiahui	1964-4-7	4.90	4.90	0.3	40.0	0.8	1.2	0	0	0
xiahui	1964-4-8	5.90	4.00	0	39.5	1.5	2.1	0	0	0
xiahui	1964-4-9	5.10	4.00	0.2	39.6	0.8	1.2	0	0	0
xiahui	1964-4-10	4.40	4.00	5.3	43.2	1.3	1.9	0	0	0
xiahui	1964-4-11	4.40	5.00	3.5	46.9	0.1	0.2	0	0	0
xiahui	1964-4-12	3.80	7.30	1.5	47.9	0.4	0.6	0	0	0
xiahui	1964-4-13	5.00	7.40	1.2	49.4	0.6	0.8	0	0	0
xiahui	1964-4-14	6.10	6.65	1.7	51.0	0.3	0.4	0	0	0
xiahui	1964-4-15	6.10	6.10	0.4	51.0	0.8	1.1	0	0	0
xiahui	1964-4-16	5.70	5.30	9.6	57.3	0.4	0.5	0	0	0
xiahui	1964-4-17	6.10	8.70	1.5	58.3	2.0	2.5	0	0	0
xiahui	1964-4-18	5.80	9.35	7.7	63.0	1.3	1.7	0	0	0
xiahui	1964-4-19	7.10	13.30	9.1	69.0	0.1	0.1	0	0	0
xiahui	1964-4-20	8.40	18.95	3.5	71.9	0.3	0.3	0	0	0
xiahui	1964-4-21	10.30	16.45	0.2	71.2	2.2	2.6	0	0	0
xiahui	1964-4-22	9.80	13.25	0.1	69.6	3.5	4.2	0	0	0
xiahui	1964-4-23	9.00	10.30	1.1	68.6	2.6	3.2	0	0	0
xiahui	1964-4-24	8.30	9.00	3.2	71.2	0.7	0.9	0	0	0
xiahui	1964-4-25	8.00	9.75	0.4	70.4	2.4	3.0	0	0	0
xiahui	1964-4-26	7.70	8.10	0	68.9	2.7	3.4	0	0	0
xiahui	1964-4-27	7.30	6.65	0	67.4	2.9	3.7	0	0	0
xiahui	1964-4-28	6.50	5.50	0.4	65.8	3.1	4.1	0	0	0
xiahui	1964-4-29	6.50	4.40	1.8	66.6	1.0	1.4	0	0	0
xiahui	1964-4-30	6.50	4.95	2.2	67.1	1.6	2.1	0	0	0
xiahui	1964-5-1	6.40	6.25	0.1	65.9	2.5	3.4	0	0	0
xiahui	1964-5-2	6.10	5.30	0.1	63.9	3.7	5.1	0	0	0
xiahui	1964-5-3	5.20	4.35	0	62.4	2.7	3.9	0	0	0
xiahui	1964-5-4	5.10	4.00	0	60.4	3.9	5.7	0	0	0
xiahui	1964-5-5	4.20	4.00	0	58.9	2.6	4.0	0	0	0
xiahui	1964-5-6	4.00	4.00	0.1	56.7	4.1	6.5	0	0	0
xiahui	1964-5-7	3.40	4.00	0.7	55.9	3.0	4.8	0	0	0
xiahui	1964-5-8	2.10	4.30	0.6	55.6	1.3	2.1	0	0	0
xiahui	1964-5-9	1.90	4.20	0	54.0	2.8	4.7	0	0	0
xiahui	1964-5-10	2.00	4.00	0	52.7	2.4	4.2	0	0	0
xiahui	1964-5-11	1.80	4.00	0	51.2	2.7	4.7	0	0	0
xiahui	1964-5-12	1.70	4.00	0	49.8	2.6	4.8	0	0	0
xiahui	1964-5-13	1.50	4.00	0.1	48.3	2.8	5.2	0	0	0
xiahui	1964-5-14	1.00	4.00	0	47.0	2.4	4.6	0	0	0
xiahui	1964-5-15	1.30	4.00	0	45.9	2.1	4.2	0	0	0
xiahui	1964-5-16	1.80	4.00	0.8	45.2	1.5	3.0	0	0	0
xiahui	1964-5-17	1.70	4.00	0	44.7	0.9	1.9	0	0	0
xiahui	1964-5-18	1.50	4.00	0	43.6	2.0	4.3	0	0	0
xiahui	1964-5-19	1.20	4.00	0.1	42.8	1.7	3.7	0	0	0
xiahui	1964-5-20	1.30	4.00	0.9	42.1	2.1	4.7	0	0	0
xiahui	1964-5-21	0.70	4.00	0.2	41.0	2.0	4.6	0	0	0
xiahui	1964-5-22	1.20	4.00	1.6	42.6	2.2	5.0	0	0	0
xiahui	1964-5-23	1.20	4.80	0	41.6	1.6	3.7	0	0	0
xiahui	1964-5-24	1.70	4.00	0	40.3	2.4	5.6	0	0	0
xiahui	1964-5-25	1.20	4.00	0	38.9	2.5	6.1	0	0	0
xiahui	1964-5-26	0.80	4.00	0.1	38.0	1.7	4.2	0	0	0
xiahui	1964-5-27	0.80	4.00	0.7	37.9	1.6	4.2	0	0	0
xiahui	1964-5-28	0.60	4.05	0	36.7	2.1	5.5	0	0	0
xiahui	1964-5-29	0.60	4.00	0.8	37.0	1.5	4.0	0	0	0
xiahui	1964-5-30	0.60	4.10	1.9	38.2	1.7	4.5	0	0	0
xiahui	1964-5-31	0.40	4.20	10.2	51.7	2.0	4.8	0	0	0
xiahui	1964-6-1	0.50	6.90	5.0	56.4	1.3	2.7	0	0	0
xiahui	1964-6-2	1.10	11.85	0	54.8	2.3	5.0	0	0	0
xiahui	1964-6-3	0.80	10.05	0	53.3	2.3	5.1	0	0	0
xiahui	1964-6-4	0.70	7.80	1.4	53.5	2.0	4.6	0	0	0
xiahui	1964-6-5	0.80	7.75	0	52.1	2.1	4.8	0	0	0
xiahui	1964-6-6	0.80	6.05	0.2	50.5	2.5	5.8	0	0	0
xiahui	1964-6-7	0.80	4.55	0.1	49.3	1.8	4.4	0	0	0
xiahui	1964-6-8	0.70	4.00	0.2	48.0	1.8	4.5	0	0	0
xiahui	1964-6-9	0.70	4.00	3.2	50.5	0.8	1.9	0	0	0
xiahui	1964-6-10	0.90	5.45	3.9	55.8	1.7	3.9	0	0	0
xiahui	1964-6-11	3.40	8.40	0.5	55.0	2.0	4.6	0	0	0
xiahui	1964-6-12	5.10	9.80	5.3	59.4	0.8	1.8	0	0	0
xiahui	1964-6-13	13.20	12.25	0.8	59.4	1.2	2.6	0	0	0
xiahui	1964-6-14	7.60	10.00	0	58.0	1.7	3.8	0	0	0
xiahui	1964-6-15	3.80	7.90	0	56.4	2.1	4.8	0	0	0
xiahui	1964-6-16	3.00	6.15	0.1	55.0	2.2	5.1	0	0	0
xiahui	1964-6-17	3.00	4.85	1.6	54.7	2.2	5.3	0	0	0
xiahui	1964-6-18	3.90	6.15	10.8	63.1	0.9	2.0	0	0	0
xiahui	1964-6-19	4.50	15.25	3.5	65.3	1.5	3.2	0	0	0
xiahui	1964-6-20	2.70	15.80	0	63.8	1.9	4.0	0	0	0
xiahui	1964-6-21	2.30	12.25	0.1	62.0	2.1	4.7	0	0	0
xiahui	1964-6-22	1.70	9.15	0.1	60.2	2.3	5.3	0	0	0
xiahui	1964-6-23	1.50	6.55	0.6	58.8	2.4	5.5	0	0	0
xiahui	1964-6-24	1.90	6.45	0.8	57.9	2.2	5.3	0	0	0
xiahui	1964-6-25	1.80	4.95	0.2	56.3	2.3	5.6	0	0	0
xiahui	1964-6-26	1.10	4.05	0.9	56.1	2.0	5.0	0	0	0
xiahui	1964-6-27	1.10	5.00	1.0	55.2	2.1	5.4	0	0	0
xiahui	1964-6-28	1.30	5.10	0.2	53.3	2.4	6.2	0	0	0
xiahui	1964-6-29	1.50	4.20	9.6	62.4	1.8	4.4	0	0	0
xiahui	1964-6-30	4.50	12.45	1.9	63.4	1.3	2.9	0	0	0
xiahui	1964-7-1	4.60	12.50	0.3	61.8	2.0	4.6	0	0	0
xiahui	1964-7-2	2.50	9.70	2.5	65.3	1.0	2.3	0	0	0
xiahui	1964-7-3	2.60	7.75	16.2	74.8	2.5	5.3	0	0	0
xiahui	1964-7-4	12.50	19.60	0	73.4	1.5	3.1	0	0	0
xiahui	1964-7-5	8.90	16.75	0	71.8	1.9	3.9	0	0	0
xiahui	1964-7-6	5.80	13.55	14.6	83.2	0.9	1.8	0	0	0
xiahui	1964-7-7	5.20	22.95	9.4	92.4	0.3	0.6	0	0	0
xiahui	1964-7-8	4.80	31.05	0.7	91.2	1.7	2.8	0	0	0
xiahui	1964-7-9	5.30	24.15	0	88.9	2.5	4.4	0	0	0
xiahui	1964-7-10	4.20	17.45	2.3	90.2	2.5	4.3	0	0	0
xiahui	1964-7-11	7.90	18.80	4.4	95.6	1.5	2.5	0	0	0
xiahui	1964-7-12	25.90	32.45	5.7	98.4	1.5	2.4	0	0	0
xiahui	1964-7-13	16.60	34.75	3.7	99.3	1.4	2.2	0	0	0
xiahui	1964-7-14	11.60	31.60	2.5	99.3	2.4	3.9	0	0	0
xiahui	1964-7-15	12.90	20.45	16.8	103.5	2.0	3.1	0	0	0
xiahui	1964-7-16	12.00	35.30	0.9	102.4	2.5	3.9	0	0	0
xiahui	1964-7-17	7.00	23.40	0.1	99.7	2.8	4.5	0	0	0
xiahui	1964-7-18	6.30	17.05	1.2	99.0	2.1	3.4	0	0	0
xiahui	1964-7-19	5.30	17.85	1.1	97.6	2.5	4.1	0	0	0
xiahui	1964-7-20	5.30	14.65	24.3	115.4	1.5	2.2	0	0	0
xiahui	1964-7-21	8.70	61.45	13.6	124.9	1.2	1.6	0	0	0
xiahui	1964-7-22	22.30	110.80	0	123.5	1.4	1.8	0	0	0
xiahui	1964-7-23	13.50	48.00	0	120.6	2.9	3.9	0	0	0
xiahui	1964-7-24	9.10	23.40	0.1	119.1	1.5	2.1	0	0	0
xiahui	1964-7-25	7.20	15.20	2.3	121.5	1.1	1.5	0	0	0
xiahui	1964-7-26	7.50	17.50	0.5	119.7	2.4	3.2	0	0	0
xiahui	1964-7-27	4.80	17.75	2.3	119.5	1.6	2.2	0	0	0
xiahui	1964-7-28	6.70	18.45	1.2	118.8	2.1	2.9	0	0	0
xiahui	1964-7-29	7.20	18.85	7.8	120.3	2.7	3.7	0	0	0
xiahui	1964-7-30	10.10	44.20	6.6	125.9	1.4	1.8	0	0	0
xiahui	1964-7-31	12.50	53.55	10.5	130.6	2.0	2.5	0	0	0
xiahui	1964-8-1	15.70	72.40	96.2	169.0	0.8	0.9	0	0	0
xiahui	1964-8-2	869.00	765.45	18.2	169.2	1.5	1.5	0	0	0
xiahui	1964-8-3	494.00	443.25	11.3	169.3	2.3	2.2	0	0	0
xiahui	1964-8-4	391.00	315.45	5.6	167.5	2.9	2.9	0	0	0
xiahui	1964-8-5	283.00	179.10	8.1	168.1	2.8	2.8	0	0	0
xiahui	1964-8-6	233.00	122.70	6.1	168.8	2.6	2.6	0	0	0
xiahui	1964-8-7	251.00	152.65	0.3	165.2	4.0	4.0	0	0	0
xiahui	1964-8-8	129.00	75.60	10.8	167.7	2.6	2.6	0	0	0
xiahui	1964-8-9	113.00	110.30	10.6	168.5	0.8	0.8	0	0	0
xiahui	1964-8-10	108.00	155.45	3.5	166.2	3.4	3.4	0	0	0
xiahui	1964-8-11	102.00	111.60	0.3	162.8	3.6	3.7	0	0	0
xiahui	1964-8-12	86.40	59.20	22.8	168.1	3.0	3.0	0	0	0
xiahui	1964-8-13	167.00	200.50	3.8	168.7	0.4	0.4	0	0	0
xiahui	1964-8-14	132.00	134.70	4.7	166.7	3.0	3.0	0	0	0
xiahui	1964-8-15	88.40	85.55	0.1	163.3	3.4	3.5	0	0	0
xiahui	1964-8-16	67.20	41.30	1.7	160.6	2.9	3.0	0	0	0
xiahui	1964-8-17	55.50	24.75	2.3	160.1	2.7	2.8	0	0	0
xiahui	1964-8-18	49.50	31.80	1.2	158.7	2.3	2.4	0	0	0
xiahui	1964-8-19	55.00	37.20	0	155.9	2.8	3.0	0	0	0
xiahui	1964-8-20	46.10	28.65	0	153.4	2.4	2.6	0	0	0
xiahui	1964-8-21	43.50	19.65	5.6	152.5	2.5	2.7	0	0	0
xiahui	1964-8-22	41.60	22.35	1.4	150.5	2.5	2.8	0	0	0
xiahui	1964-8-23	37.60	24.65	4.9	151.4	3.3	3.7	0	0	0
xiahui	1964-8-24	54.40	55.15	2.0	150.3	2.2	2.5	0	0	0
xiahui	1964-8-25	39.70	52.40	1.1	148.3	2.5	2.8	0	0	0
xiahui	1964-8-26	31.90	33.45	4.3	150.6	2.0	2.2	0	0	0
xiahui	1964-8-27	57.30	52.40	7.1	154.0	1.6	1.7	0	0	0
xiahui	1964-8-28	54.30	79.90	3.2	154.8	1.9	2.1	0	0	0
xiahui	1964-8-29	54.40	70.70	0.1	152.2	2.7	3.0	0	0	0
xiahui	1964-8-30	34.50	46.95	0	149.8	2.3	2.6	0	0	0
xiahui	1964-8-31	28.10	29.60	0.6	147.8	2.6	3.0	0	0	0
xiahui	1964-9-1	25.60	22.60	0	145.1	2.7	3.1	0	0	0
xiahui	1964-9-2	21.70	18.55	0.2	143.1	2.0	2.4	0	0	0
xiahui	1964-9-3	23.30	15.05	3.5	143.8	1.1	1.3	0	0	0
xiahui	1964-9-4	25.70	27.90	0.4	142.1	2.1	2.5	0	0	0
xiahui	1964-9-5	22.90	20.05	0	140.6	1.4	1.7	0	0	0
xiahui	1964-9-6	18.90	16.40	0.2	139.1	1.7	2.1	0	0	0
xiahui	1964-9-7	17.40	15.10	0.8	138.3	1.1	1.3	0	0	0
xiahui	1964-9-8	16.60	16.80	1.0	137.0	1.6	2.0	0	0	0
xiahui	1964-9-9	15.70	16.15	8.8	141.3	2.1	2.5	0	0	0
xiahui	1964-9-10	32.90	54.40	5.7	142.6	2.8	3.3	0	0	0
xiahui	1964-9-11	42.50	66.05	19.5	155.1	1.4	1.6	0	0	0
xiahui	1964-9-12	54.50	169.65	0.3	153.4	1.7	1.9	0	0	0
xiahui	1964-9-13	50.10	77.35	0.4	151.6	1.8	2.0	0	0	0
xiahui	1964-9-14	33.40	38.00	0.1	148.9	2.6	3.0	0	0	0
xiahui	1964-9-15	27.00	23.50	0.9	146.7	2.6	3.0	0	0	0
xiahui	1964-9-16	22.60	19.85	10.9	153.3	2.3	2.6	0	0	0
xiahui	1964-9-17	36.60	92.70	5.9	157.5	0.6	0.7	0	0	0
xiahui	1964-9-18	49.20	116.55	0.4	156.2	1.4	1.5	0	0	0
xiahui	1964-9-19	38.00	59.00	5.2	158.3	1.0	1.1	0	0	0
xiahui	1964-9-20	35.00	60.40	0.4	155.8	2.4	2.6	0	0	0
xiahui	1964-9-21	29.00	39.05	0	153.5	2.3	2.5	0	0	0
xiahui	1964-9-22	22.70	25.15	0	150.0	3.4	3.8	0	0	0
xiahui	1964-9-23	21.70	16.75	0	148.4	1.6	1.8	0	0	0
xiahui	1964-9-24	18.40	13.50	0.2	147.0	1.3	1.5	0	0	0
xiahui	1964-9-25	17.40	11.85	0.2	145.4	1.8	2.1	0	0	0
xiahui	1964-9-26	16.60	12.30	0	142.9	2.4	2.9	0	0	0
xiahui	1964-9-27	16.90	11.60	0	140.8	2.1	2.5	0	0	0
xiahui	1964-9-28	18.10	10.85	0	138.1	2.6	3.2	0	0	0
xiahui	1964-9-29	16.80	10.15	0	136.0	2.0	2.5	0	0	0
xiahui	1964-9-30	15.60	9.45	0.1	134.2	1.8	2.3	0	0	0
xiahui	1964-10-1	15.30	8.80	4.5	135.8	0.6	0.8	0	0	0
xiahui	1964-10-2	16.90	20.40	2.4	137.6	0.1	0.1	0	0	0
xiahui	1964-10-3	18.00	33.65	1.6	137.4	1.5	1.9	0	0	0
xiahui	1964-10-4	13.90	31.30	0	135.0	2.3	2.9	0	0	0
xiahui	1964-10-5	13.40	21.85	0.1	132.8	2.2	2.8	0	0	0
xiahui	1964-10-6	11.80	16.00	0	130.6	2.2	2.8	0	0	0
xiahui	1964-10-7	11.80	12.70	0.1	128.6	2.0	2.6	0	0	0
xiahui	1964-10-8	11.30	11.30	0.3	128.4	0.7	0.9	0	0	0
xiahui	1964-10-9	11.70	11.70	0	126.9	1.4	1.9	0	0	0
xiahui	1964-10-10	11.20	10.55	0.1	126.1	0.7	1.0	0	0	0
xiahui	1964-10-11	11.00	9.55	0.6	125.9	0.9	1.2	0	0	0
xiahui	1964-10-12	11.50	10.65	9.2	131.8	0.9	1.2	0	0	0
xiahui	1964-10-13	17.40	57.20	0.2	130.5	1.3	1.7	0	0	0
xiahui	1964-10-14	15.10	31.80	3.9	132.4	1.0	1.3	0	0	0
xiahui	1964-10-15	16.50	30.45	8.6	140.0	0.2	0.3	0	0	0
xiahui	1964-10-16	25.70	83.10	0	137.7	2.2	2.7	0	0	0
xiahui	1964-10-17	23.10	43.10	0	136.1	1.5	1.9	0	0	0
xiahui	1964-10-18	18.90	24.95	0	134.8	1.2	1.5	0	0	0
xiahui	1964-10-19	18.20	16.35	0	133.4	1.3	1.6	0	0	0
xiahui	1964-10-20	18.60	13.05	0	131.7	1.6	2.1	0	0	0
xiahui	1964-10-21	16.00	11.20	0	129.8	1.8	2.4	0	0	0
xiahui	1964-10-22	13.80	9.80	0	128.4	1.3	1.7	0	0	0
xiahui	1964-10-23	14.00	8.70	0	127.1	1.3	1.7	0	0	0
xiahui	1964-10-24	14.00	7.90	0	125.9	1.0	1.4	0	0	0
xiahui	1964-10-25	14.30	7.15	0	125.0	0.8	1.1	0	0	0
xiahui	1964-10-26	13.60	6.55	0	124.2	0.7	1.0	0	0	0
xiahui	1964-10-27	14.00	6.15	1.5	124.3	0.9	1.3	0	0	0
xiahui	1964-10-28	14.40	13.95	0.3	123.2	1.3	1.8	0	0	0
xiahui	1964-10-29	14.10	11.81	0.4	122.3	1.0	1.4	0	0	0
xiahui	1964-10-30	14.50	10.56	3.3	124.1	0.8	1.1	0	0	0
xiahui	1964-10-31	15.50	21.46	0.5	123.5	1.2	1.6	0	0	0
xiahui	1964-11-1	15.20	18.76	0.1	122.4	1.1	1.5	0	0	0
xiahui	1964-11-2	14.00	15.96	0	121.7	0.6	0.8	0	0	0
xiahui	1964-11-3	14.00	13.96	0	121.0	0.6	0.9	0	0	0
xiahui	1964-11-4	12.80	12.06	0	119.9	1.0	1.4	0	0	0
xiahui	1964-11-5	10.10	10.46	0	118.8	1.0	1.5	0	0	0
xiahui	1964-11-6	8.60	9.16	0	117.7	1.0	1.4	0	0	0
xiahui	1964-11-7	8.60	8.06	0	117.0	0.6	0.9	0	0	0
xiahui	1964-11-8	8.60	7.16	0	116.4	0.5	0.8	0	0	0
xiahui	1964-11-9	8.40	6.31	0	115.7	0.6	0.9	0	0	0
xiahui	1964-11-10	8.60	5.66	0	114.8	0.7	1.1	0	0	0
xiahui	1964-11-11	8.20	5.31	0	113.6	1.1	1.7	0	0	0
xiahui	1964-11-12	7.80	5.16	0	112.6	0.9	1.4	0	0	0
xiahui	1964-11-13	7.10	5.01	0	111.9	0.6	0.9	0	0	0
xiahui	1964-11-14	6.80	4.91	0	111.5	0.3	0.5	0	0	0
xiahui	1964-11-15	6.80	4.86	0	110.9	0.5	0.8	0	0	0
xiahui	1964-11-16	6.90	4.81	0	110.3	0.5	0.8	0	0	0
xiahui	1964-11-17	7.40	4.81	0	109.8	0.4	0.6	0	0	0
xiahui	1964-11-18	8.00	4.76	0	109.3	0.4	0.6	0	0	0
xiahui	1964-11-19	7.90	4.71	0	108.6	0.6	0.9	0	0	0
xiahui	1964-11-20	8.00	4.66	0	107.7	0.9	1.4	0	0	0
xiahui	1964-11-21	7.50	4.66	0	106.9	0.7	1.1	0	0	0
xiahui	1964-11-22	7.50	4.61	0	105.7	1.2	1.9	0	0	0
xiahui	1964-11-23	7.70	4.56	0	104.5	1.0	1.7	0	0	0
xiahui	1964-11-24	8.90	4.46	0	104.0	0.5	0.8	0	0	0
xiahui	1964-11-25	10.30	4.41	0	103.5	0.4	0.7	0	0	0
xiahui	1964-11-26	9.80	4.36	0	102.9	0.4	0.7	0	0	0
xiahui	1964-11-27	9.80	4.31	0	102.4	0.5	0.8	0	0	0
xiahui	1964-11-28	10.30	4.26	0	101.9	0.4	0.6	0	0	0
xiahui	1964-11-29	9.80	4.26	0	101.4	0.5	0.8	0	0	0
xiahui	1964-11-30	9.80	4.26	0	100.8	0.5	0.8	0	0	0
xiahui	1964-12-1	8.50	4.26	0	100.3	0.5	0.8	0	0	0
xiahui	1964-12-2	8.90	4.26	0	99.6	0.6	1.0	0	0	0
xiahui	1964-12-3	8.90	4.26	0	99.0	0.5	0.8	0	0	0
xiahui	1964-12-4	8.90	4.26	0	98.6	0.3	0.6	0	0	0
xiahui	1964-12-5	9.80	4.21	0	98.0	0.5	0.9	0	0	0
xiahui	1964-12-6	8.90	4.21	0	97.6	0.3	0.5	0	0	0
xiahui	1964-12-7	8.10	4.21	0	97.3	0.2	0.4	0	0	0
xiahui	1964-12-8	7.40	4.21	0	97.1	0.2	0.3	0	0	0
xiahui	1964-12-9	8.10	4.21	0	96.7	0.3	0.5	0	0	0
xiahui	1964-12-10	8.10	4.16	0	96.3	0.3	0.6	0	0	0
xiahui	1964-12-11	7.40	4.16	0	96.0	0.2	0.4	0	0	0
xiahui	1964-12-12	5.70	4.16	0	95.6	0.3	0.5	0	0	0
xiahui	1964-12-13	5.70	4.16	0	95.3	0.2	0.4	0	0	0
xiahui	1964-12-14	5.70	4.16	0	94.9	0.3	0.5	0	0	0
xiahui	1964-12-15	7.10	4.11	0	94.6	0.2	0.4	0	0	0
xiahui	1964-12-16	7.10	4.11	0	94.3	0.2	0.4	0	0	0
xiahui	1964-12-17	7.40	4.11	0	94.0	0.2	0.4	0	0	0
xiahui	1964-12-18	7.10	4.06	0	93.6	0.3	0.6	0	0	0
xiahui	1964-12-19	6.70	4.06	0	93.2	0.3	0.5	0	0	0
xiahui	1964-12-20	6.70	4.06	0	92.9	0.3	0.5	0	0	0
xiahui	1964-12-21	7.10	4.06	0	92.6	0.2	0.3	0	0	0
xiahui	1964-12-22	6.70	4.01	0	92.4	0.2	0.3	0	0	0
xiahui	1964-12-23	7.10	4.01	0.1	92.1	0.2	0.3	0	0	0
xiahui	1964-12-24	6.70	4.01	0	91.7	0.3	0.6	0	0	0
xiahui	1964-12-25	6.70	4.01	0	91.4	0.2	0.4	0	0	0
xiahui	1964-12-26	6.70	4.01	0.2	90.9	0.7	1.4	0	0	0
xiahui	1964-12-27	6.70	4.46	0.6	91.5	0.2	0.3	0	0	0
xiahui	1964-12-28	7.10	5.91	0.1	91.6	0.1	0.1	0	0	0
xiahui	1964-12-29	7.40	6.01	0.5	92.0	0.1	0.1	0	0	0
xiahui	1964-12-30	6.70	7.56	0	91.8	0.1	0.2	0	0	0
xiahui	1964-12-31	6.10	6.61	0	91.5	0.2	0.4	0	0	0
