zhangjiafen	1987-1-1	3.57	0.60	3.1	32.9	0	0	0	0
zhangjiafen	1987-1-2	3.50	0.60	0	32.8	0.6	0	0	0
zhangjiafen	1987-1-3	3.41	1.85	0	32.7	0.4	0	0	0
zhangjiafen	1987-1-4	3.32	3.00	0	32.6	0.3	0	0	0
zhangjiafen	1987-1-5	3.22	3.00	0	32.4	0.6	0	0	0
zhangjiafen	1987-1-6	3.12	3.00	0	32.3	0.7	0	0	0
zhangjiafen	1987-1-7	3.15	3.00	0	32.0	1.2	0	0	0
zhangjiafen	1987-1-8	3.20	3.00	0	31.6	1.5	0	0	0
zhangjiafen	1987-1-9	3.31	3.00	0	31.5	0.4	0	0	0
zhangjiafen	1987-1-10	3.44	3.00	0.4	32.0	0	0	0	0
zhangjiafen	1987-1-11	3.58	3.15	0	31.9	0.5	0	0	0
zhangjiafen	1987-1-12	3.50	3.00	0	31.7	0.7	0	0	0
zhangjiafen	1987-1-13	3.37	3.00	0	31.5	0.9	0	0	0
zhangjiafen	1987-1-14	3.25	3.00	0	31.2	0.9	0	0	0
zhangjiafen	1987-1-15	3.11	3.00	0	31.0	1.1	0	0	0
zhangjiafen	1987-1-16	2.96	3.00	0	30.7	1.1	0	0	0
zhangjiafen	1987-1-17	2.80	3.00	0	30.3	1.7	0	0	0
zhangjiafen	1987-1-18	2.85	3.00	0	30.0	1.2	0	0	0
zhangjiafen	1987-1-19	2.90	3.00	0.1	29.9	1.1	0	0	0
zhangjiafen	1987-1-20	2.98	3.00	0	29.7	0.7	0	0	0
zhangjiafen	1987-1-21	3.07	3.00	0	29.6	0.3	0	0	0
zhangjiafen	1987-1-22	3.17	3.00	0	29.3	1.3	0	0	0
zhangjiafen	1987-1-23	3.27	3.00	0	28.9	1.8	0	0	0
zhangjiafen	1987-1-24	3.40	3.00	0	28.5	1.8	0	0	0
zhangjiafen	1987-1-25	3.52	3.00	0	28.2	1.6	0	0	0
zhangjiafen	1987-1-26	3.65	3.00	0	27.7	2.1	0	0	0
zhangjiafen	1987-1-27	3.74	3.00	0	27.4	1.6	0	0	0
zhangjiafen	1987-1-28	3.65	3.00	0	27.0	1.9	0	0	0
zhangjiafen	1987-1-29	3.48	3.00	0	26.6	1.9	0	0	0
zhangjiafen	1987-1-30	3.31	3.00	0	26.3	1.6	0	0	0
zhangjiafen	1987-1-31	3.11	3.00	0	26.1	0.9	0	0	0
zhangjiafen	1987-2-1	2.86	3.00	0	26.1	0	0	0	0
zhangjiafen	1987-2-2	2.62	3.00	0	26.1	0	0	0	0
zhangjiafen	1987-2-3	2.52	3.00	0	26.1	0	0	0	0
zhangjiafen	1987-2-4	5.40	3.00	0	25.8	1.4	0	0	0
zhangjiafen	1987-2-5	4.47	3.00	0	25.4	2.1	0	0	0
zhangjiafen	1987-2-6	5.40	3.00	0	24.9	2.7	0	0	0
zhangjiafen	1987-2-7	4.24	3.00	0	24.3	3.2	0	0	0
zhangjiafen	1987-2-8	4.70	3.00	0	24.0	1.9	0	0	0
zhangjiafen	1987-2-9	4.94	3.00	0	23.6	2.2	0	0	0
zhangjiafen	1987-2-10	5.17	3.00	0	23.3	1.9	0	0	0
zhangjiafen	1987-2-11	4.70	3.00	0.1	23.0	2.0	0	0	0
zhangjiafen	1987-2-12	4.70	3.00	1.2	24.3	0.2	0	0	0
zhangjiafen	1987-2-13	4.47	3.35	0	24.2	0.2	0	0	0
zhangjiafen	1987-2-14	4.03	3.00	0.3	24.2	1.9	0	0	0
zhangjiafen	1987-2-15	4.24	3.00	0.1	24.2	0.6	0	0	0
zhangjiafen	1987-2-16	4.03	3.00	0.4	24.5	0.3	0	0	0
zhangjiafen	1987-2-17	4.47	3.00	0	24.4	0.6	0	0	0
zhangjiafen	1987-2-18	4.70	3.00	0	24.2	1.4	0	0	0
zhangjiafen	1987-2-19	2.68	3.00	0	24.0	0.9	0	0	0
zhangjiafen	1987-2-20	2.47	3.00	0	23.7	1.7	0	0	0
zhangjiafen	1987-2-21	2.76	3.00	0	23.4	1.5	0	0	0
zhangjiafen	1987-2-22	3.04	3.00	0	22.9	3.0	0	0	0
zhangjiafen	1987-2-23	3.33	3.00	0	22.5	2.8	0	0	0
zhangjiafen	1987-2-24	3.59	3.00	0	22.3	1.3	0	0	0
zhangjiafen	1987-2-25	3.82	3.00	0	22.0	1.6	0	0	0
zhangjiafen	1987-2-26	4.07	3.00	0	21.6	2.6	0	0	0
zhangjiafen	1987-2-27	4.28	3.00	0	21.1	3.4	0	0	0
zhangjiafen	1987-2-28	4.46	3.00	0	20.6	4.0	0	0	0
zhangjiafen	1987-3-1	4.60	3.00	0	20.1	2.9	0	0	0
zhangjiafen	1987-3-2	4.69	3.00	0	19.8	2.2	0	0	0
zhangjiafen	1987-3-3	4.70	3.00	0	19.6	1.4	0	0	0
zhangjiafen	1987-3-4	4.70	3.00	0	19.1	3.8	0	0	0
zhangjiafen	1987-3-5	5.17	3.00	0	18.7	2.8	0	0	0
zhangjiafen	1987-3-6	4.24	3.00	0	18.4	2.0	0	0	0
zhangjiafen	1987-3-7	4.47	3.00	0	18.2	1.7	0	0	0
zhangjiafen	1987-3-8	4.24	3.00	0	18.0	1.5	0	0	0
zhangjiafen	1987-3-9	4.19	3.00	1.4	19.0	5.0	0	0	0
zhangjiafen	1987-3-10	4.14	3.45	0	18.7	2.2	0	0	0
zhangjiafen	1987-3-11	4.09	3.00	0	18.5	1.8	0	0	0
zhangjiafen	1987-3-12	4.04	3.00	0.1	18.4	1.0	0	0	0
zhangjiafen	1987-3-13	3.99	3.00	0	18.0	2.6	0	0	0
zhangjiafen	1987-3-14	3.94	3.00	0	17.7	2.6	0	0	0
zhangjiafen	1987-3-15	3.94	3.00	0	17.2	4.0	0	0	0
zhangjiafen	1987-3-16	4.18	3.00	0.8	18.3	0	0	0	0
zhangjiafen	1987-3-17	4.18	3.00	0	18.2	0	0	0	0
zhangjiafen	1987-3-18	3.74	3.00	0	18.2	0	0	0	0
zhangjiafen	1987-3-19	3.74	3.00	0.5	19.0	0	0	0	0
zhangjiafen	1987-3-20	3.94	3.10	0	18.7	2.0	0	0	0
zhangjiafen	1987-3-21	3.94	3.00	0	18.4	2.2	0	0	0
zhangjiafen	1987-3-22	3.54	3.00	0	18.2	1.7	0	0	0
zhangjiafen	1987-3-23	3.94	3.00	0.5	18.4	1.4	0	0	0
zhangjiafen	1987-3-24	3.74	3.00	0	18.0	2.3	0	0	0
zhangjiafen	1987-3-25	4.18	3.00	0	17.7	2.8	0	0	0
zhangjiafen	1987-3-26	3.74	3.00	0.1	17.2	4.5	0	0	0
zhangjiafen	1987-3-27	4.18	3.00	0	16.7	4.0	0	0	0
zhangjiafen	1987-3-28	3.74	3.00	0.2	16.4	4.0	0	0	0
zhangjiafen	1987-3-29	7.09	3.00	4.2	22.3	0.7	0	0	0
zhangjiafen	1987-3-30	8.34	4.55	0	21.9	2.3	0	0	0
zhangjiafen	1987-3-31	7.51	3.10	0	21.7	0.9	0	0	0
zhangjiafen	1987-4-1	7.92	3.00	0	21.4	2.0	0	0	0
zhangjiafen	1987-4-2	7.92	3.00	0	20.9	3.2	0	0	0
zhangjiafen	1987-4-3	8.34	3.00	0	20.2	5.3	0	0	0
zhangjiafen	1987-4-4	7.51	3.00	0	20.2	0	0	0	0
zhangjiafen	1987-4-5	5.45	3.00	0	18.9	9.6	0	0	0
zhangjiafen	1987-4-6	5.15	3.00	0	18.4	3.6	0	0	0
zhangjiafen	1987-4-7	4.91	3.00	0	17.5	6.8	0	0	0
zhangjiafen	1987-4-8	4.42	3.00	0.2	17.0	6.7	0	0	0
zhangjiafen	1987-4-9	4.18	3.00	7.1	25.3	1.2	0	0	0
zhangjiafen	1987-4-10	4.91	5.10	0.1	24.7	4.3	0	0	0
zhangjiafen	1987-4-11	4.42	3.90	0	23.7	5.8	0	0	0
zhangjiafen	1987-4-12	3.94	3.00	0	22.9	4.8	0	0	0
zhangjiafen	1987-4-13	4.18	3.00	0	22.3	4.1	0	0	0
zhangjiafen	1987-4-14	3.94	3.00	0	21.5	5.1	0	0	0
zhangjiafen	1987-4-15	3.94	3.00	1.1	22.0	2.3	0	0	0
zhangjiafen	1987-4-16	3.33	3.60	0	21.2	5.2	0	0	0
zhangjiafen	1987-4-17	3.74	3.00	11.7	37.5	0.1	0	0	0
zhangjiafen	1987-4-18	3.74	5.25	0.4	37.1	2.7	0	0	0
zhangjiafen	1987-4-19	4.67	7.75	0.5	37.1	2.0	0	0	0
zhangjiafen	1987-4-20	4.18	6.50	0	36.6	1.7	0	0	0
zhangjiafen	1987-4-21	4.18	5.50	0	35.2	5.9	0	0	0
zhangjiafen	1987-4-22	12.50	4.55	0	33.7	6.2	0	0	0
zhangjiafen	1987-4-23	13.10	3.70	0	31.9	8.0	0	0	0
zhangjiafen	1987-4-24	11.90	3.15	8.2	38.2	1.6	0	0	0
zhangjiafen	1987-4-25	6.06	5.25	0	36.9	4.9	0	0	0
zhangjiafen	1987-4-26	5.15	5.95	0	35.1	7.0	0	0	0
zhangjiafen	1987-4-27	3.94	5.10	0	35.1	0	0	0	0
zhangjiafen	1987-4-28	3.33	4.20	0	35.1	0	0	0	0
zhangjiafen	1987-4-29	2.93	3.50	0	35.0	0	0	0	0
zhangjiafen	1987-4-30	2.52	3.10	0.2	32.8	10.8	0	0	0
zhangjiafen	1987-5-1	2.52	3.00	1.7	34.6	0	0	0	0
zhangjiafen	1987-5-2	2.35	3.90	0	34.5	0	0	0	0
zhangjiafen	1987-5-3	3.33	3.45	0	34.5	0	0	0	0
zhangjiafen	1987-5-4	3.54	3.05	0	32.0	10.9	0	0	0
zhangjiafen	1987-5-5	3.94	3.00	0.1	30.1	9.2	0	0	0
zhangjiafen	1987-5-6	3.54	3.00	0.1	28.6	8.5	0	0	0
zhangjiafen	1987-5-7	3.74	3.00	0	26.9	9.0	0	0	0
zhangjiafen	1987-5-8	3.94	3.00	0.2	25.9	7.3	0	0	0
zhangjiafen	1987-5-9	3.74	3.00	0	24.4	9.0	0	0	0
zhangjiafen	1987-5-10	2.93	3.00	1.3	24.3	7.0	0	0	0
zhangjiafen	1987-5-11	3.54	3.40	0	23.3	6.5	0	0	0
zhangjiafen	1987-5-12	3.13	3.00	0	21.6	11.1	0	0	0
zhangjiafen	1987-5-13	2.93	3.00	0	20.3	8.8	0	0	0
zhangjiafen	1987-5-14	2.72	3.00	0	19.1	8.9	0	0	0
zhangjiafen	1987-5-15	2.93	3.00	2.3	20.6	8.1	0	0	0
zhangjiafen	1987-5-16	3.13	3.70	1.7	22.6	5.0	0	0	0
zhangjiafen	1987-5-17	3.13	4.10	0.3	21.8	7.4	0	0	0
zhangjiafen	1987-5-18	2.93	3.35	0.4	21.7	6.0	0	0	0
zhangjiafen	1987-5-19	2.93	3.05	0.2	20.4	10.4	0	0	0
zhangjiafen	1987-5-20	3.13	3.00	2.4	23.6	8.8	0	0	0
zhangjiafen	1987-5-21	2.93	4.00	4.1	27.1	6.3	0	0	0
zhangjiafen	1987-5-22	3.13	5.60	3.7	28.2	6.8	0	0	0
zhangjiafen	1987-5-23	4.67	6.55	7.4	33.7	8.0	0	0	0
zhangjiafen	1987-5-24	4.91	8.35	0.3	33.0	6.5	0	0	0
zhangjiafen	1987-5-25	4.67	6.60	0.3	32.1	5.0	0	0	0
zhangjiafen	1987-5-26	4.18	5.20	0	29.9	10.4	0	0	0
zhangjiafen	1987-5-27	3.94	4.10	0	27.8	10.4	0	0	0
zhangjiafen	1987-5-28	3.33	3.25	0	26.4	7.9	0	0	0
zhangjiafen	1987-5-29	2.72	3.00	0.4	25.2	8.1	0	0	0
zhangjiafen	1987-5-30	2.93	3.10	15.5	37.2	4.3	0	0	0
zhangjiafen	1987-5-31	5.45	5.95	3.8	42.5	3.8	0	0	0
zhangjiafen	1987-6-1	5.45	8.65	0.7	42.6	6.1	0	0	0
zhangjiafen	1987-6-2	5.76	8.90	0	39.4	11.2	0	0	0
zhangjiafen	1987-6-3	4.91	8.00	0	36.8	10.0	0	0	0
zhangjiafen	1987-6-4	5.45	6.85	0.6	34.8	9.4	0	0	0
zhangjiafen	1987-6-5	6.06	7.15	20.7	53.9	3.0	0	0	0
zhangjiafen	1987-6-6	7.51	12.55	0	50.9	8.4	0	0	0
zhangjiafen	1987-6-7	7.51	12.90	0	47.9	8.7	0	0	0
zhangjiafen	1987-6-8	8.34	11.50	0	44.6	10.3	0	0	0
zhangjiafen	1987-6-9	8.76	10.15	0.1	41.9	9.7	0	0	0
zhangjiafen	1987-6-10	9.27	8.80	0.2	40.3	6.2	0	0	0
zhangjiafen	1987-6-11	8.34	7.45	1.0	40.2	4.1	0	0	0
zhangjiafen	1987-6-12	8.34	6.15	0	37.5	10.2	0	0	0
zhangjiafen	1987-6-13	7.92	5.05	0	34.7	11.1	0	0	0
zhangjiafen	1987-6-14	7.92	4.30	0	33.3	6.0	0	0	0
zhangjiafen	1987-6-15	8.34	3.80	0.4	32.5	8.4	0	0	0
zhangjiafen	1987-6-16	7.51	3.85	6.2	37.0	8.0	0	0	0
zhangjiafen	1987-6-17	5.76	6.10	11.6	47.2	10.0	0	0	0
zhangjiafen	1987-6-18	6.37	11.15	3.8	48.5	10.0	0	0	0
zhangjiafen	1987-6-19	9.78	14.45	0.1	45.8	8.5	0	0	0
zhangjiafen	1987-6-20	7.92	12.80	0	43.0	9.5	0	0	0
zhangjiafen	1987-6-21	5.15	11.20	0.4	42.7	3.4	0	0	0
zhangjiafen	1987-6-22	4.18	10.30	22.7	63.2	4.5	0	0	0
zhangjiafen	1987-6-23	4.67	18.45	1.7	64.0	2.2	0	0	0
zhangjiafen	1987-6-24	9.27	19.15	0.7	61.7	6.8	0	0	0
zhangjiafen	1987-6-25	6.67	16.55	0.3	60.6	3.4	0	0	0
zhangjiafen	1987-6-26	5.45	14.45	4.1	62.9	6.2	0	0	0
zhangjiafen	1987-6-27	6.06	16.55	4.6	62.3	9.7	0	0	0
zhangjiafen	1987-6-28	6.06	16.55	2.4	64.7	0	0	0	0
zhangjiafen	1987-6-29	6.67	16.50	0.1	61.9	6.6	0	0	0
zhangjiafen	1987-6-30	5.76	14.55	0.8	59.8	6.5	0	0	0
zhangjiafen	1987-7-1	5.45	13.00	12.0	67.5	6.0	0	0	0
zhangjiafen	1987-7-2	8.76	20.10	0.3	64.9	6.2	0	0	0
zhangjiafen	1987-7-3	8.76	17.55	5.1	73.1	7.8	0	0	0
zhangjiafen	1987-7-4	6.67	20.25	7.0	75.0	8.6	0	0	0
zhangjiafen	1987-7-5	20.80	24.30	0	71.2	7.7	0	0	0
zhangjiafen	1987-7-6	12.50	20.50	0.1	67.5	7.9	0	0	0
zhangjiafen	1987-7-7	8.34	16.95	1.1	65.5	6.0	0	0	0
zhangjiafen	1987-7-8	5.76	16.15	0.3	62.1	8.7	0	0	0
zhangjiafen	1987-7-9	5.15	14.05	20.4	82.5	3.5	0	0	0
zhangjiafen	1987-7-10	6.37	25.35	0	78.7	6.8	0	0	0
zhangjiafen	1987-7-11	8.34	23.75	1.1	73.8	10.4	0	0	0
zhangjiafen	1987-7-12	7.09	20.80	0.3	70.4	7.4	0	0	0
zhangjiafen	1987-7-13	5.76	17.20	4.5	73.1	5.5	0	0	0
zhangjiafen	1987-7-14	5.45	16.50	15.6	78.1	12.8	0	0	0
zhangjiafen	1987-7-15	13.30	28.15	4.3	80.6	0.7	0	0	0
zhangjiafen	1987-7-16	19.20	29.20	0.1	77.2	7.2	0	0	0
zhangjiafen	1987-7-17	11.30	21.05	0	72.5	9.0	0	0	0
zhangjiafen	1987-7-18	8.34	17.15	0.2	69.1	8.0	0	0	0
zhangjiafen	1987-7-19	7.09	13.85	17.8	85.0	10.4	0	0	0
zhangjiafen	1987-7-20	7.09	24.50	7.4	92.3	4.1	0	0	0
zhangjiafen	1987-7-21	19.60	35.50	2.4	90.4	6.7	0	0	0
zhangjiafen	1987-7-22	15.00	34.50	0.3	87.0	6.5	0	0	0
zhangjiafen	1987-7-23	10.80	26.05	0	82.1	8.3	0	0	0
zhangjiafen	1987-7-24	13.10	20.05	0	78.9	5.8	0	0	0
zhangjiafen	1987-7-25	12.50	16.25	0	75.4	6.6	0	0	0
zhangjiafen	1987-7-26	10.80	13.60	1.2	72.4	7.5	0	0	0
zhangjiafen	1987-7-27	7.92	13.85	0	69.3	6.4	0	0	0
zhangjiafen	1987-7-28	6.37	12.20	0.2	65.8	8.0	0	0	0
zhangjiafen	1987-7-29	6.67	11.05	0	62.8	6.7	0	0	0
zhangjiafen	1987-7-30	5.45	10.10	1.4	60.4	7.5	0	0	0
zhangjiafen	1987-7-31	5.15	10.35	11.2	71.1	10.4	0	0	0
zhangjiafen	1987-8-1	8.91	19.70	10.4	79.9	4.3	0	0	0
zhangjiafen	1987-8-2	18.50	27.20	17.5	93.1	6.4	0	0	0
zhangjiafen	1987-8-3	14.30	35.15	8.0	98.8	2.1	0	0	0
zhangjiafen	1987-8-4	16.30	45.75	0	94.4	6.5	0	0	0
zhangjiafen	1987-8-5	13.70	34.35	2.5	95.4	6.4	0	0	0
zhangjiafen	1987-8-6	10.80	29.25	15.4	108.5	2.3	0	0	0
zhangjiafen	1987-8-7	25.80	42.65	1.8	107.2	5.0	0	0	0
zhangjiafen	1987-8-8	19.20	38.75	0.2	103.7	5.3	0	0	0
zhangjiafen	1987-8-9	14.30	29.75	1.5	100.7	8.1	0	0	0
zhangjiafen	1987-8-10	10.30	25.75	2.1	97.8	7.0	0	0	0
zhangjiafen	1987-8-11	9.27	23.10	0	95.2	3.8	0	0	0
zhangjiafen	1987-8-12	9.27	19.75	1.2	93.3	4.8	0	0	0
zhangjiafen	1987-8-13	9.78	19.65	17.3	103.9	2.8	0	0	0
zhangjiafen	1987-8-14	19.70	35.50	18.7	120.7	0.8	0	0	0
zhangjiafen	1987-8-15	40.60	66.25	7.0	127.7	4.2	0	0	0
zhangjiafen	1987-8-16	46.20	68.65	4.3	127.9	4.6	0	0	0
zhangjiafen	1987-8-17	63.70	57.35	2.4	124.5	5.9	0	0	0
zhangjiafen	1987-8-18	56.70	47.00	6.5	127.4	4.5	0	0	0
zhangjiafen	1987-8-19	45.60	40.60	7.9	129.2	4.6	0	0	0
zhangjiafen	1987-8-20	73.80	54.60	1.0	126.2	6.9	0	0	0
zhangjiafen	1987-8-21	47.10	45.05	2.1	122.2	6.8	0	0	0
zhangjiafen	1987-8-22	38.60	34.60	7.0	126.1	5.9	0	0	0
zhangjiafen	1987-8-23	40.00	46.55	11.3	132.9	3.4	0	0	0
zhangjiafen	1987-8-24	42.70	65.55	5.3	131.9	6.2	0	0	0
zhangjiafen	1987-8-25	51.50	61.80	2.9	128.2	6.2	0	0	0
zhangjiafen	1987-8-26	44.10	46.60	21.7	139.8	3.4	0	0	0
zhangjiafen	1987-8-27	65.80	86.30	0.2	129.3	11.5	0	0	0
zhangjiafen	1987-8-28	69.50	61.75	1.1	126.9	5.5	0	0	0
zhangjiafen	1987-8-29	63.90	43.95	0.9	122.7	6.0	0	0	0
zhangjiafen	1987-8-30	53.20	32.70	0.9	119.9	5.4	0	0	0
zhangjiafen	1987-8-31	51.50	28.75	0.5	116.1	5.4	0	0	0
zhangjiafen	1987-9-1	45.60	24.90	6.4	118.7	3.9	0	0	0
zhangjiafen	1987-9-2	41.30	25.15	5.3	120.9	2.3	0	0	0
zhangjiafen	1987-9-3	46.20	34.75	28.7	141.6	1.2	0	0	0
zhangjiafen	1987-9-4	73.50	96.35	0.5	136.9	5.2	0	0	0
zhangjiafen	1987-9-5	83.70	72.15	10.7	140.3	5.9	0	0	0
zhangjiafen	1987-9-6	85.90	66.10	0.8	139.0	2.0	0	0	0
zhangjiafen	1987-9-7	77.50	50.75	1.1	135.3	5.0	0	0	0
zhangjiafen	1987-9-8	63.90	39.10	0.2	130.0	6.0	0	0	0
zhangjiafen	1987-9-9	62.10	29.85	0	126.0	4.5	0	0	0
zhangjiafen	1987-9-10	56.70	22.95	0	123.5	2.8	0	0	0
zhangjiafen	1987-9-11	50.00	18.95	0	120.5	3.6	0	0	0
zhangjiafen	1987-9-12	44.10	16.80	0.6	117.7	4.2	0	0	0
zhangjiafen	1987-9-13	41.30	17.00	0.2	113.3	5.9	0	0	0
zhangjiafen	1987-9-14	37.20	17.30	1.1	110.0	5.6	0	0	0
zhangjiafen	1987-9-15	33.50	18.10	0	106.3	5.0	0	0	0
zhangjiafen	1987-9-16	31.00	16.50	0.1	104.6	2.6	0	0	0
zhangjiafen	1987-9-17	28.90	15.55	0.9	103.1	3.6	0	0	0
zhangjiafen	1987-9-18	27.90	16.15	0	100.0	4.5	0	0	0
zhangjiafen	1987-9-19	25.80	15.30	0	96.5	5.1	0	0	0
zhangjiafen	1987-9-20	24.10	14.60	0	91.6	7.6	0	0	0
zhangjiafen	1987-9-21	21.50	14.10	0	88.3	5.4	0	0	0
zhangjiafen	1987-9-22	20.70	13.65	0	85.6	4.5	0	0	0
zhangjiafen	1987-9-23	19.20	13.25	14.4	102.0	4.1	0	0	0
zhangjiafen	1987-9-24	23.20	26.50	0.5	98.5	5.5	0	0	0
zhangjiafen	1987-9-25	26.80	29.55	0	95.0	5.3	0	0	0
zhangjiafen	1987-9-26	22.40	25.15	0	91.9	4.8	0	0	0
zhangjiafen	1987-9-27	19.20	20.35	0	89.0	4.6	0	0	0
zhangjiafen	1987-9-28	17.70	16.50	1.6	90.5	1.4	0	0	0
zhangjiafen	1987-9-29	17.00	15.35	0	88.1	3.9	0	0	0
zhangjiafen	1987-9-30	16.30	15.00	0	84.9	5.3	0	0	0
zhangjiafen	1987-10-1	15.00	14.50	0	81.8	5.4	0	0	0
zhangjiafen	1987-10-2	15.00	13.85	0	78.7	5.7	0	0	0
zhangjiafen	1987-10-3	14.30	13.10	0	76.1	4.8	0	0	0
zhangjiafen	1987-10-4	13.70	12.35	0.4	73.7	6.3	0	0	0
zhangjiafen	1987-10-5	13.70	11.80	1.0	74.1	3.9	0	0	0
zhangjiafen	1987-10-6	13.10	13.05	0	71.1	6.2	0	0	0
zhangjiafen	1987-10-7	12.50	12.60	0	69.1	4.1	0	0	0
zhangjiafen	1987-10-8	11.90	12.00	0	67.2	4.1	0	0	0
zhangjiafen	1987-10-9	11.90	11.40	0	66.3	1.9	0	0	0
zhangjiafen	1987-10-10	11.30	10.75	0.4	65.8	3.8	0	0	0
zhangjiafen	1987-10-11	11.30	10.65	0.2	64.3	3.6	0	0	0
zhangjiafen	1987-10-12	11.30	10.30	0	62.6	3.8	0	0	0
zhangjiafen	1987-10-13	10.80	9.75	0	61.4	2.9	0	0	0
zhangjiafen	1987-10-14	10.80	9.20	0	60.4	2.2	0	0	0
zhangjiafen	1987-10-15	10.30	8.65	0.1	58.6	4.9	0	0	0
zhangjiafen	1987-10-16	10.80	8.35	1.0	59.2	1.3	0	0	0
zhangjiafen	1987-10-17	10.80	8.00	0.2	58.5	2.7	0	0	0
zhangjiafen	1987-10-18	10.80	7.90	0	57.2	3.4	0	0	0
zhangjiafen	1987-10-19	10.30	7.65	0	56.0	3.1	0	0	0
zhangjiafen	1987-10-20	10.30	7.35	0	55.0	2.5	0	0	0
zhangjiafen	1987-10-21	9.78	7.00	0	54.0	2.7	0	0	0
zhangjiafen	1987-10-22	9.78	6.65	0	53.0	2.7	0	0	0
zhangjiafen	1987-10-23	8.76	6.25	0	52.0	2.7	0	0	0
zhangjiafen	1987-10-24	9.27	5.85	0	50.7	3.7	0	0	0
zhangjiafen	1987-10-25	8.76	5.50	0.4	49.8	3.3	0	0	0
zhangjiafen	1987-10-26	8.76	5.75	0	48.9	2.8	0	0	0
zhangjiafen	1987-10-27	8.76	5.85	0	47.7	3.5	0	0	0
zhangjiafen	1987-10-28	9.27	5.55	0	46.7	2.9	0	0	0
zhangjiafen	1987-10-29	8.76	5.15	0	45.5	4.0	0	0	0
zhangjiafen	1987-10-30	7.51	4.75	0	44.7	2.5	0	0	0
zhangjiafen	1987-10-31	6.67	4.45	4.2	48.0	2.5	0	0	0
zhangjiafen	1987-11-1	8.34	6.85	0	47.4	1.7	0	0	0
zhangjiafen	1987-11-2	8.34	6.45	0.2	46.7	2.6	0	0	0
zhangjiafen	1987-11-3	8.76	6.20	0	46.0	2.0	0	0	0
zhangjiafen	1987-11-4	7.51	5.80	0	45.4	2.0	0	0	0
zhangjiafen	1987-11-5	7.92	5.25	0	44.9	1.3	0	0	0
zhangjiafen	1987-11-6	7.09	4.75	0	44.1	2.6	0	0	0
zhangjiafen	1987-11-7	8.34	4.40	0	43.5	2.0	0	0	0
zhangjiafen	1987-11-8	7.51	4.10	0	42.8	2.2	0	0	0
zhangjiafen	1987-11-9	7.09	3.95	0	42.5	1.1	0	0	0
zhangjiafen	1987-11-10	7.51	3.80	0.2	41.8	2.8	0	0	0
zhangjiafen	1987-11-11	6.67	3.95	0	40.7	3.9	0	0	0
zhangjiafen	1987-11-12	6.67	3.70	0	39.9	3.0	0	0	0
zhangjiafen	1987-11-13	6.67	3.45	0.1	39.7	0.8	0	0	0
zhangjiafen	1987-11-14	7.09	3.30	2.8	43.2	0.7	0	0	0
zhangjiafen	1987-11-15	7.09	5.45	0	42.3	3.0	0	0	0
zhangjiafen	1987-11-16	7.09	5.40	0	41.7	2.0	0	0	0
zhangjiafen	1987-11-17	7.09	4.95	0	41.3	1.5	0	0	0
zhangjiafen	1987-11-18	7.09	4.50	0	40.6	2.1	0	0	0
zhangjiafen	1987-11-19	7.09	4.20	0	40.0	2.2	0	0	0
zhangjiafen	1987-11-20	7.09	3.90	0	39.5	1.8	0	0	0
zhangjiafen	1987-11-21	6.67	3.65	0	39.3	0.8	0	0	0
zhangjiafen	1987-11-22	6.67	3.35	0	38.9	1.1	0	0	0
zhangjiafen	1987-11-23	7.09	3.15	0	38.4	2.1	0	0	0
zhangjiafen	1987-11-24	6.37	3.10	0.7	38.6	0.2	0	0	0
zhangjiafen	1987-11-25	6.37	3.35	13.4	52.1	0	0	0	0
zhangjiafen	1987-11-26	6.65	7.70	0.1	51.7	1.3	0	0	0
zhangjiafen	1987-11-27	6.84	9.85	0	51.4	0.8	0	0	0
zhangjiafen	1987-11-28	6.14	9.35	0	51.2	0.5	0	0	0
zhangjiafen	1987-11-29	5.31	8.70	0	50.8	0.8	0	0	0
zhangjiafen	1987-11-30	4.72	8.00	0	50.6	0.5	0	0	0
zhangjiafen	1987-12-1	4.45	7.30	0	50.5	0.3	0	0	0
zhangjiafen	1987-12-2	4.53	6.55	0	49.9	1.4	0	0	0
zhangjiafen	1987-12-3	4.78	5.90	0	49.6	0.9	0	0	0
zhangjiafen	1987-12-4	5.17	5.40	0	49.4	0.6	0	0	0
zhangjiafen	1987-12-5	5.38	5.15	0	49.1	0.7	0	0	0
zhangjiafen	1987-12-6	5.08	5.10	0	48.8	0.7	0	0	0
zhangjiafen	1987-12-7	4.85	5.05	0	48.6	0.6	0	0	0
zhangjiafen	1987-12-8	5.12	5.00	0	48.2	0.8	0	0	0
zhangjiafen	1987-12-9	5.40	4.90	0	47.9	1.0	0	0	0
zhangjiafen	1987-12-10	5.12	4.80	0	47.4	1.4	0	0	0
zhangjiafen	1987-12-11	5.12	4.70	0	47.0	1.1	0	0	0
zhangjiafen	1987-12-12	4.59	4.60	0	46.7	0.8	0	0	0
zhangjiafen	1987-12-13	4.59	4.55	0	46.4	0.8	0	0	0
zhangjiafen	1987-12-14	4.85	4.45	0	46.0	1.2	0	0	0
zhangjiafen	1987-12-15	5.97	4.40	0	45.6	1.0	0	0	0
zhangjiafen	1987-12-16	4.59	4.35	0.3	45.6	1.1	0	0	0
zhangjiafen	1987-12-17	4.85	4.60	0	45.3	0.7	0	0	0
zhangjiafen	1987-12-18	5.12	4.40	0	45.1	0.6	0	0	0
zhangjiafen	1987-12-19	5.12	4.30	0	44.8	0.8	0	0	0
zhangjiafen	1987-12-20	4.85	4.20	0	44.3	1.5	0	0	0
zhangjiafen	1987-12-21	4.85	4.10	0	43.8	1.7	0	0	0
zhangjiafen	1987-12-22	4.33	4.00	0	43.5	0.8	0	0	0
zhangjiafen	1987-12-23	4.59	3.95	0	43.3	0.7	0	0	0
zhangjiafen	1987-12-24	5.68	3.90	0	42.9	1.3	0	0	0
zhangjiafen	1987-12-25	5.97	3.80	0	42.5	1.2	0	0	0
zhangjiafen	1987-12-26	5.68	3.75	0	41.9	2.0	0	0	0
zhangjiafen	1987-12-27	5.40	3.70	0	41.3	1.8	0	0	0
zhangjiafen	1987-12-28	5.40	3.60	2.0	42.5	2.2	0	0	0
zhangjiafen	1987-12-29	5.68	4.75	0	42.3	0.9	0	0	0
zhangjiafen	1987-12-30	5.97	4.60	0	41.9	1.2	0	0	0
zhangjiafen	1987-12-31	4.07	4.30	0	41.6	0.8	0	0	0
zhangjiafen	1988-1-1	3.28	4.05	0	41.3	0.9	0	0	0
zhangjiafen	1988-1-2	4.07	3.90	0	41.1	0.6	0	0	0
zhangjiafen	1988-1-3	3.54	3.75	0	41.0	0.3	0	0	0
zhangjiafen	1988-1-4	3.80	3.65	0	40.7	0.9	0	0	0
zhangjiafen	1988-1-5	5.12	3.50	0	40.4	0.9	0	0	0
zhangjiafen	1988-1-6	3.48	3.35	0	40.1	0.9	0	0	0
zhangjiafen	1988-1-7	3.35	3.25	0.2	40.4	1.1	0	0	0
zhangjiafen	1988-1-8	3.23	3.50	0	40.1	1.2	0	0	0
zhangjiafen	1988-1-9	3.12	3.45	0	39.8	0.8	0	0	0
zhangjiafen	1988-1-10	3.00	3.35	0	39.5	0.8	0	0	0
zhangjiafen	1988-1-11	2.91	3.25	0	39.4	0.4	0	0	0
zhangjiafen	1988-1-12	2.86	3.15	0	39.2	0.8	0	0	0
zhangjiafen	1988-1-13	2.82	3.10	0	38.9	1.0	0	0	0
zhangjiafen	1988-1-14	2.77	3.05	0	38.3	2.1	0	0	0
zhangjiafen	1988-1-15	2.74	3.00	0	37.9	1.2	0	0	0
zhangjiafen	1988-1-16	2.74	3.00	0	37.7	0.8	0	0	0
zhangjiafen	1988-1-17	2.73	3.00	0	37.3	1.4	0	0	0
zhangjiafen	1988-1-18	2.66	3.00	0	37.1	0.8	0	0	0
zhangjiafen	1988-1-19	2.59	3.00	0	36.7	1.5	0	0	0
zhangjiafen	1988-1-20	2.53	3.00	0	36.4	1.1	0	0	0
zhangjiafen	1988-1-21	2.46	3.00	0.1	36.0	2.0	0	0	0
zhangjiafen	1988-1-22	2.38	3.00	0	35.9	0.9	0	0	0
zhangjiafen	1988-1-23	2.30	3.00	0	35.8	0.2	0	0	0
zhangjiafen	1988-1-24	2.35	3.00	0	35.4	1.5	0	0	0
zhangjiafen	1988-1-25	2.45	3.00	0	35.0	1.3	0	0	0
zhangjiafen	1988-1-26	2.53	3.00	0	34.8	1.0	0	0	0
zhangjiafen	1988-1-27	2.63	3.00	0	34.5	1.3	0	0	0
zhangjiafen	1988-1-28	2.73	3.00	0	34.0	2.0	0	0	0
zhangjiafen	1988-1-29	2.85	3.00	0	33.7	1.2	0	0	0
zhangjiafen	1988-1-30	3.07	3.00	0	33.4	1.3	0	0	0
zhangjiafen	1988-1-31	3.29	3.00	0	33.1	1.3	0	0	0
zhangjiafen	1988-2-1	3.41	3.00	0	32.7	1.3	0	0	0
zhangjiafen	1988-2-2	3.43	3.00	0	32.2	2.5	0	0	0
zhangjiafen	1988-2-3	3.45	3.00	0.1	31.9	1.4	0	0	0
zhangjiafen	1988-2-4	3.48	3.00	0.3	32.4	0.4	0	0	0
zhangjiafen	1988-2-5	3.51	3.00	0	32.1	1.2	0	0	0
zhangjiafen	1988-2-6	3.58	3.00	0	31.7	2.0	0	0	0
zhangjiafen	1988-2-7	3.72	3.00	0	31.2	1.9	0	0	0
zhangjiafen	1988-2-8	3.87	3.00	0	30.8	1.8	0	0	0
zhangjiafen	1988-2-9	4.02	3.00	0	30.4	2.0	0	0	0
zhangjiafen	1988-2-10	4.17	3.00	0	30.1	1.6	0	0	0
zhangjiafen	1988-2-11	4.32	3.00	0	29.8	1.1	0	0	0
zhangjiafen	1988-2-12	4.42	3.00	0.2	29.9	2.1	0	0	0
zhangjiafen	1988-2-13	4.45	3.00	0	29.6	1.3	0	0	0
zhangjiafen	1988-2-14	4.30	3.00	0	29.2	1.7	0	0	0
zhangjiafen	1988-2-15	4.14	3.00	0	28.7	2.5	0	0	0
zhangjiafen	1988-2-16	3.97	3.00	0	28.3	2.0	0	0	0
zhangjiafen	1988-2-17	3.77	3.00	0	28.2	0.7	0	0	0
zhangjiafen	1988-2-18	3.57	3.00	0	27.9	1.1	0	0	0
zhangjiafen	1988-2-19	3.36	3.00	0	27.6	1.5	0	0	0
zhangjiafen	1988-2-20	3.09	3.00	0	27.1	2.7	0	0	0
zhangjiafen	1988-2-21	2.83	3.00	0	26.9	1.2	0	0	0
zhangjiafen	1988-2-22	2.61	3.00	0	26.6	1.6	0	0	0
zhangjiafen	1988-2-23	2.40	3.00	0	26.2	1.8	0	0	0
zhangjiafen	1988-2-24	2.47	3.00	0	25.8	2.5	0	0	0
zhangjiafen	1988-2-25	3.02	3.00	0	25.5	1.1	0	0	0
zhangjiafen	1988-2-26	3.84	3.00	0	25.1	2.7	0	0	0
zhangjiafen	1988-2-27	4.19	3.00	0.2	25.1	1.4	0	0	0
zhangjiafen	1988-2-28	3.79	3.00	1.4	26.6	0.1	0	0	0
zhangjiafen	1988-2-29	3.22	3.15	0.2	26.6	2.0	0	0	0
zhangjiafen	1988-3-1	2.62	3.00	0	26.2	2.1	0	0	0
zhangjiafen	1988-3-2	2.18	3.00	0	25.9	1.7	0	0	0
zhangjiafen	1988-3-3	1.86	3.00	0	25.7	0.9	0	0	0
zhangjiafen	1988-3-4	1.83	3.00	0	25.3	2.1	0	0	0
zhangjiafen	1988-3-5	2.25	3.00	0	25.0	1.5	0	0	0
zhangjiafen	1988-3-6	2.87	3.00	0	24.9	0.6	0	0	0
zhangjiafen	1988-3-7	3.57	3.00	0	24.4	2.7	0	0	0
zhangjiafen	1988-3-8	4.33	3.00	0	23.9	3.4	0	0	0
zhangjiafen	1988-3-9	5.03	3.00	0	23.3	3.4	0	0	0
zhangjiafen	1988-3-10	5.42	3.00	0	22.7	4.2	0	0	0
zhangjiafen	1988-3-11	5.76	3.00	0	22.0	4.2	0	0	0
zhangjiafen	1988-3-12	5.95	3.00	0	21.7	2.3	0	0	0
zhangjiafen	1988-3-13	6.11	3.00	0	21.0	4.2	0	0	0
zhangjiafen	1988-3-14	6.82	3.00	0	20.6	3.3	0	0	0
zhangjiafen	1988-3-15	7.52	3.00	0	20.2	2.4	0	0	0
zhangjiafen	1988-3-16	7.17	3.00	0	19.9	2.2	0	0	0
zhangjiafen	1988-3-17	7.17	3.00	0.1	19.8	2.1	0	0	0
zhangjiafen	1988-3-18	7.52	3.00	0	19.4	2.7	0	0	0
zhangjiafen	1988-3-19	7.52	3.00	0.1	19.1	2.3	0	0	0
zhangjiafen	1988-3-20	7.17	3.00	0.9	20.0	1.0	0	0	0
zhangjiafen	1988-3-21	7.92	3.10	0.3	20.0	0.7	0	0	0
zhangjiafen	1988-3-22	8.32	3.00	0	19.6	2.9	0	0	0
zhangjiafen	1988-3-23	7.92	3.00	0.4	19.6	2.1	0	0	0
zhangjiafen	1988-3-24	7.92	3.00	0.3	19.6	2.0	0	0	0
zhangjiafen	1988-3-25	8.32	3.00	0	19.1	3.5	0	0	0
zhangjiafen	1988-3-26	8.32	3.00	0.3	19.1	3.0	0	0	0
zhangjiafen	1988-3-27	8.32	3.00	0.1	18.8	3.2	0	0	0
zhangjiafen	1988-3-28	8.73	3.00	1.1	20.0	0.9	0	0	0
zhangjiafen	1988-3-29	8.73	3.10	0.1	19.9	1.8	0	0	0
zhangjiafen	1988-3-30	7.52	3.00	0.8	20.7	2.5	0	0	0
zhangjiafen	1988-3-31	8.32	3.30	0	20.1	4.5	0	0	0
zhangjiafen	1988-4-1	7.52	3.00	0.1	19.7	3.3	0	0	0
zhangjiafen	1988-4-2	8.32	3.00	1.5	20.9	5.8	0	0	0
zhangjiafen	1988-4-3	8.32	3.70	1.9	23.2	2.6	0	0	0
zhangjiafen	1988-4-4	8.32	4.40	0	22.5	4.4	0	0	0
zhangjiafen	1988-4-5	8.32	3.35	0	22.2	1.9	0	0	0
zhangjiafen	1988-4-6	7.52	3.00	0.1	21.8	3.7	0	0	0
zhangjiafen	1988-4-7	6.82	3.00	0	21.2	4.0	0	0	0
zhangjiafen	1988-4-8	5.76	3.00	0	20.5	5.2	0	0	0
zhangjiafen	1988-4-9	6.82	3.00	0	19.6	6.2	0	0	0
zhangjiafen	1988-4-10	9.13	3.00	0	19.0	4.4	0	0	0
zhangjiafen	1988-4-11	7.17	3.00	0	18.4	5.2	0	0	0
zhangjiafen	1988-4-12	6.82	3.00	0	17.3	9.0	0	0	0
zhangjiafen	1988-4-13	5.45	3.00	0	16.4	7.6	0	0	0
zhangjiafen	1988-4-14	4.53	3.00	0	15.6	7.4	0	0	0
zhangjiafen	1988-4-15	3.01	3.00	0	14.8	7.4	0	0	0
zhangjiafen	1988-4-16	3.98	3.00	4.1	18.4	7.2	0	0	0
zhangjiafen	1988-4-17	3.49	3.60	0	17.8	4.6	0	0	0
zhangjiafen	1988-4-18	3.49	3.00	0	17.0	7.0	0	0	0
zhangjiafen	1988-4-19	3.01	3.00	0	16.1	7.6	0	0	0
zhangjiafen	1988-4-20	3.25	3.00	0	15.4	6.9	0	0	0
zhangjiafen	1988-4-21	2.63	3.00	0	14.8	5.3	0	0	0
zhangjiafen	1988-4-22	2.82	3.00	0.1	14.5	6.0	0	0	0
zhangjiafen	1988-4-23	2.25	3.00	0	14.0	5.0	0	0	0
zhangjiafen	1988-4-24	2.06	3.00	0	13.2	8.3	0	0	0
zhangjiafen	1988-4-25	1.70	3.00	0	12.4	9.2	0	0	0
zhangjiafen	1988-4-26	1.58	3.00	0	11.7	9.3	0	0	0
zhangjiafen	1988-4-27	3.25	3.00	0	10.8	12.3	0	0	0
zhangjiafen	1988-4-28	3.98	3.00	0	10.1	9.0	0	0	0
zhangjiafen	1988-4-29	3.25	3.00	0	9.5	9.7	0	0	0
zhangjiafen	1988-4-30	2.63	3.00	0	8.9	9.8	0	0	0
zhangjiafen	1988-5-1	1.94	3.00	0	8.4	9.3	0	0	0
zhangjiafen	1988-5-2	1.82	3.00	0.6	9.4	3.3	0	0	0
zhangjiafen	1988-5-3	1.70	3.00	0.1	9.1	8.6	0	0	0
zhangjiafen	1988-5-4	1.94	3.00	0	8.6	8.6	0	0	0
zhangjiafen	1988-5-5	1.94	3.00	0	8.1	9.5	0	0	0
zhangjiafen	1988-5-6	1.82	3.00	0	7.8	5.6	0	0	0
zhangjiafen	1988-5-7	2.06	3.00	0	7.3	8.9	0	0	0
zhangjiafen	1988-5-8	1.58	3.00	0	7.0	6.7	0	0	0
zhangjiafen	1988-5-9	1.82	3.00	0.2	6.9	6.0	0	0	0
zhangjiafen	1988-5-10	2.44	3.00	0	6.4	11.1	0	0	0
zhangjiafen	1988-5-11	2.25	3.00	0	6.0	9.0	0	0	0
zhangjiafen	1988-5-12	2.06	3.00	0	5.6	9.4	0	0	0
zhangjiafen	1988-5-13	1.82	3.00	5.9	11.7	10.0	0	0	0
zhangjiafen	1988-5-14	1.70	4.10	0.2	11.3	6.4	0	0	0
zhangjiafen	1988-5-15	2.44	3.00	0	10.4	12.1	0	0	0
zhangjiafen	1988-5-16	2.44	3.00	0	9.6	12.0	0	0	0
zhangjiafen	1988-5-17	2.25	3.00	0	8.9	11.0	0	0	0
zhangjiafen	1988-5-18	2.44	3.00	0.1	8.7	4.5	0	0	0
zhangjiafen	1988-5-19	2.82	3.00	0.1	8.9	1.5	0	0	0
zhangjiafen	1988-5-20	2.44	3.00	1.8	9.6	6.0	0	0	0
zhangjiafen	1988-5-21	2.82	3.55	0.6	10.2	1.4	0	0	0
zhangjiafen	1988-5-22	3.01	3.10	3.1	12.7	5.5	0	0	0
zhangjiafen	1988-5-23	3.25	3.95	0.4	12.9	2.2	0	0	0
zhangjiafen	1988-5-24	3.98	3.15	0.1	12.2	8.4	0	0	0
zhangjiafen	1988-5-25	3.74	3.00	5.2	17.9	9.1	0	0	0
zhangjiafen	1988-5-26	3.01	4.90	0.5	17.4	7.0	0	0	0
zhangjiafen	1988-5-27	3.25	3.95	0	16.2	10.2	0	0	0
zhangjiafen	1988-5-28	2.82	3.00	0.1	15.1	10.7	0	0	0
zhangjiafen	1988-5-29	2.82	3.00	2.6	17.9	0.2	0	0	0
zhangjiafen	1988-5-30	2.63	3.60	0.2	18.0	3.0	0	0	0
zhangjiafen	1988-5-31	3.01	3.05	0.2	17.6	6.3	0	0	0
zhangjiafen	1988-6-1	3.25	3.00	0.1	17.1	7.8	0	0	0
zhangjiafen	1988-6-2	3.25	3.00	1.5	18.7	5.9	0	0	0
zhangjiafen	1988-6-3	2.82	3.25	0	17.7	7.5	0	0	0
zhangjiafen	1988-6-4	3.25	3.00	0.2	17.1	6.7	0	0	0
zhangjiafen	1988-6-5	4.22	3.00	0.1	16.5	5.9	0	0	0
zhangjiafen	1988-6-6	3.74	3.00	0	15.4	10.3	0	0	0
zhangjiafen	1988-6-7	3.49	3.00	7.6	20.6	2.2	0	0	0
zhangjiafen	1988-6-8	4.53	5.10	0	19.5	7.7	0	0	0
zhangjiafen	1988-6-9	3.49	3.70	0	18.5	8.0	0	0	0
zhangjiafen	1988-6-10	3.49	3.00	0	17.6	7.1	0	0	0
zhangjiafen	1988-6-11	2.82	3.00	0	16.4	10.0	0	0	0
zhangjiafen	1988-6-12	2.06	3.00	0.2	15.5	10.0	0	0	0
zhangjiafen	1988-6-13	2.25	3.00	0	14.4	11.5	0	0	0
zhangjiafen	1988-6-14	1.82	3.00	3.1	16.5	10.9	0	0	0
zhangjiafen	1988-6-15	1.82	3.80	0	15.7	7.6	0	0	0
zhangjiafen	1988-6-16	1.94	3.00	0	14.6	10.8	0	0	0
zhangjiafen	1988-6-17	2.06	3.00	0.1	13.7	10.3	0	0	0
zhangjiafen	1988-6-18	2.06	3.00	6.6	19.6	11.4	0	0	0
zhangjiafen	1988-6-19	2.24	5.10	5.1	22.7	3.4	0	0	0
zhangjiafen	1988-6-20	3.17	6.90	0.1	21.5	8.5	0	0	0
zhangjiafen	1988-6-21	3.23	5.35	1.6	21.9	3.9	0	0	0
zhangjiafen	1988-6-22	3.46	5.95	14.8	39.2	1.6	0	0	0
zhangjiafen	1988-6-23	3.94	7.70	0	38.4	2.9	0	0	0
zhangjiafen	1988-6-24	4.49	8.05	0.1	37.6	3.3	0	0	0
zhangjiafen	1988-6-25	5.04	7.10	0.3	36.2	6.5	0	0	0
zhangjiafen	1988-6-26	3.23	6.15	0.7	35.3	6.6	0	0	0
zhangjiafen	1988-6-27	2.75	5.50	0.1	33.9	6.1	0	0	0
zhangjiafen	1988-6-28	2.19	4.30	1.6	37.4	6.4	0	0	0
zhangjiafen	1988-6-29	1.67	5.80	5.9	43.6	6.1	0	0	0
zhangjiafen	1988-6-30	2.00	8.40	4.6	48.8	5.4	0	0	0
zhangjiafen	1988-7-1	2.00	11.50	1.4	49.8	1.2	0	0	0
zhangjiafen	1988-7-2	2.19	11.45	1.8	48.3	7.7	0	0	0
zhangjiafen	1988-7-3	3.23	11.80	1.2	48.3	8.0	0	0	0
zhangjiafen	1988-7-4	2.75	10.75	0	46.9	4.1	0	0	0
zhangjiafen	1988-7-5	2.75	9.50	11.0	57.4	1.7	0	0	0
zhangjiafen	1988-7-6	3.94	13.40	0.2	55.2	6.0	0	0	0
zhangjiafen	1988-7-7	4.77	13.20	23.2	73.6	1.6	0	0	0
zhangjiafen	1988-7-8	8.17	26.05	0	71.7	3.7	0	0	0
zhangjiafen	1988-7-9	7.38	22.30	0	68.0	7.5	0	0	0
zhangjiafen	1988-7-10	5.04	18.40	0	64.7	7.3	0	0	0
zhangjiafen	1988-7-11	4.49	14.85	2.6	65.7	5.1	0	0	0
zhangjiafen	1988-7-12	3.70	12.15	6.2	68.5	7.4	0	0	0
zhangjiafen	1988-7-13	3.23	15.25	0	66.0	5.5	0	0	0
zhangjiafen	1988-7-14	2.99	14.75	1.0	62.7	8.7	0	0	0
zhangjiafen	1988-7-15	3.23	15.85	10.1	73.0	2.5	0	0	0
zhangjiafen	1988-7-16	3.70	20.40	3.3	73.0	7.1	0	0	0
zhangjiafen	1988-7-17	3.46	19.70	4.6	74.7	3.7	0	0	0
zhangjiafen	1988-7-18	4.22	22.20	0.5	73.2	4.5	0	0	0
zhangjiafen	1988-7-19	5.04	19.40	0.5	71.3	6.7	0	0	0
zhangjiafen	1988-7-20	4.77	16.60	19.5	89.0	4.4	0	0	0
zhangjiafen	1988-7-21	5.32	32.85	2.1	88.6	4.0	0	0	0
zhangjiafen	1988-7-22	11.70	30.15	0.1	83.8	8.2	0	0	0
zhangjiafen	1988-7-23	9.42	23.95	0.8	81.9	4.4	0	0	0
zhangjiafen	1988-7-24	6.32	19.85	2.9	85.9	1.7	0	0	0
zhangjiafen	1988-7-25	5.32	20.35	0	83.3	4.3	0	0	0
zhangjiafen	1988-7-26	4.77	16.85	0	80.1	6.1	0	0	0
zhangjiafen	1988-7-27	4.49	14.55	0.1	76.9	6.4	0	0	0
zhangjiafen	1988-7-28	3.94	13.55	1.5	77.0	2.9	0	0	0
zhangjiafen	1988-7-29	3.94	12.60	0.8	75.5	4.7	0	0	0
zhangjiafen	1988-7-30	3.46	13.45	3.2	76.4	3.1	0	0	0
zhangjiafen	1988-7-31	3.23	16.45	1.7	76.0	4.5	0	0	0
zhangjiafen	1988-8-1	3.46	15.25	25.2	97.0	4.1	0	0	0
zhangjiafen	1988-8-2	5.65	38.45	1.0	97.1	2.1	0	0	0
zhangjiafen	1988-8-3	7.78	34.95	3.4	96.8	4.3	0	0	0
zhangjiafen	1988-8-4	7.38	28.65	1.8	97.2	4.4	0	0	0
zhangjiafen	1988-8-5	6.32	26.55	15.8	113.6	3.3	0	0	0
zhangjiafen	1988-8-6	17.80	50.15	17.3	123.2	1.0	0	0	0
zhangjiafen	1988-8-7	46.50	79.20	3.9	125.7	1.8	0	0	0
zhangjiafen	1988-8-8	47.30	55.75	5.8	127.9	0.7	0	0	0
zhangjiafen	1988-8-9	41.70	52.10	4.9	126.2	4.2	0	0	0
zhangjiafen	1988-8-10	44.50	49.15	1.8	123.9	3.8	0	0	0
zhangjiafen	1988-8-11	50.50	36.35	8.4	128.9	5.5	0	0	0
zhangjiafen	1988-8-12	35.50	34.80	1.7	128.0	3.3	0	0	0
zhangjiafen	1988-8-13	31.10	37.60	17.9	138.7	1.3	0	0	0
zhangjiafen	1988-8-14	33.00	62.10	18.8	142.9	1.2	0	0	0
zhangjiafen	1988-8-15	60.70	98.05	11.9	143.5	0.5	0	0	0
zhangjiafen	1988-8-16	88.20	103.10	4.1	143.4	1.9	0	0	0
zhangjiafen	1988-8-17	106.00	75.70	0	137.8	5.7	0	0	0
zhangjiafen	1988-8-18	102.00	51.25	0	134.0	4.1	0	0	0
zhangjiafen	1988-8-19	85.90	35.40	4.8	138.7	2.0	0	0	0
zhangjiafen	1988-8-20	77.20	37.55	1.9	136.8	5.3	0	0	0
zhangjiafen	1988-8-21	68.70	39.10	0.4	131.3	6.8	0	0	0
zhangjiafen	1988-8-22	53.10	34.50	3.6	129.3	5.0	0	0	0
zhangjiafen	1988-8-23	47.80	31.55	0	124.0	6.0	0	0	0
zhangjiafen	1988-8-24	41.30	27.05	0.4	119.6	6.0	0	0	0
zhangjiafen	1988-8-25	33.20	23.00	0.8	116.6	5.0	0	0	0
zhangjiafen	1988-8-26	29.50	20.35	3.9	115.0	6.5	0	0	0
zhangjiafen	1988-8-27	29.50	25.10	0	110.8	5.4	0	0	0
zhangjiafen	1988-8-28	26.40	21.65	0	106.9	5.2	0	0	0
zhangjiafen	1988-8-29	26.40	18.00	0	102.6	6.0	0	0	0
zhangjiafen	1988-8-30	25.50	15.25	0	98.8	5.6	0	0	0
zhangjiafen	1988-8-31	24.60	14.70	1.3	98.7	2.8	0	0	0
zhangjiafen	1988-9-1	22.10	14.65	5.9	103.7	3.3	0	0	0
zhangjiafen	1988-9-2	22.90	25.85	8.1	112.1	2.6	0	0	0
zhangjiafen	1988-9-3	42.40	36.35	12.0	120.5	4.3	0	0	0
zhangjiafen	1988-9-4	40.30	51.90	0	117.0	4.2	0	0	0
zhangjiafen	1988-9-5	33.20	41.45	1.8	114.2	5.0	0	0	0
zhangjiafen	1988-9-6	28.30	33.00	0.1	111.7	3.4	0	0	0
zhangjiafen	1988-9-7	24.60	24.30	0	108.1	4.7	0	0	0
zhangjiafen	1988-9-8	22.10	19.90	3.5	106.6	5.8	0	0	0
zhangjiafen	1988-9-9	19.70	19.95	11.7	123.6	0.7	0	0	0
zhangjiafen	1988-9-10	22.10	42.10	5.0	125.0	3.5	0	0	0
zhangjiafen	1988-9-11	37.00	53.00	0	120.4	5.5	0	0	0
zhangjiafen	1988-9-12	38.40	39.20	0	116.5	4.8	0	0	0
zhangjiafen	1988-9-13	35.60	27.20	0	112.9	4.5	0	0	0
zhangjiafen	1988-9-14	33.20	20.70	5.6	117.6	2.9	0	0	0
zhangjiafen	1988-9-15	34.40	24.05	2.4	118.0	2.5	0	0	0
zhangjiafen	1988-9-16	33.20	28.45	1.6	119.1	1.1	0	0	0
zhangjiafen	1988-9-17	29.50	28.15	0	116.1	3.6	0	0	0
zhangjiafen	1988-9-18	26.40	24.55	0	112.0	5.2	0	0	0
zhangjiafen	1988-9-19	24.60	20.85	0.1	104.5	10.3	0	0	0
zhangjiafen	1988-9-20	23.80	17.40	0	100.6	5.5	0	0	0
zhangjiafen	1988-9-21	22.10	15.35	0	93.7	10.5	0	0	0
zhangjiafen	1988-9-22	21.20	14.65	0	90.6	4.8	0	0	0
zhangjiafen	1988-9-23	18.40	14.15	0.5	88.5	4.8	0	0	0
zhangjiafen	1988-9-24	17.00	13.80	0	86.2	3.7	0	0	0
zhangjiafen	1988-9-25	15.70	13.40	0	83.4	4.9	0	0	0
zhangjiafen	1988-9-26	15.00	13.00	0	80.5	5.0	0	0	0
zhangjiafen	1988-9-27	15.00	12.60	0	78.4	3.9	0	0	0
zhangjiafen	1988-9-28	15.00	12.30	0.5	77.2	3.8	0	0	0
zhangjiafen	1988-9-29	14.40	12.55	1.8	78.0	2.5	0	0	0
zhangjiafen	1988-9-30	14.40	12.20	2.4	79.1	3.1	0	0	0
zhangjiafen	1988-10-1	15.00	15.05	5.5	83.5	0.9	0	0	0
zhangjiafen	1988-10-2	16.30	17.30	0.2	82.8	1.7	0	0	0
zhangjiafen	1988-10-3	15.70	17.55	0.5	82.1	3.0	0	0	0
zhangjiafen	1988-10-4	14.40	16.90	0.9	80.8	3.4	0	0	0
zhangjiafen	1988-10-5	14.40	16.20	0	78.6	4.0	0	0	0
zhangjiafen	1988-10-6	13.70	14.25	0.1	76.3	4.3	0	0	0
zhangjiafen	1988-10-7	13.20	13.40	0	74.3	3.8	0	0	0
zhangjiafen	1988-10-8	12.70	12.45	0	72.3	4.0	0	0	0
zhangjiafen	1988-10-9	11.70	11.60	0	70.0	4.7	0	0	0
zhangjiafen	1988-10-10	11.70	10.85	0	68.2	3.7	0	0	0
zhangjiafen	1988-10-11	11.70	10.20	0	66.0	4.8	0	0	0
zhangjiafen	1988-10-12	11.20	9.70	0	63.7	5.1	0	0	0
zhangjiafen	1988-10-13	10.80	9.20	0	61.6	4.8	0	0	0
zhangjiafen	1988-10-14	9.86	8.75	0	59.9	4.2	0	0	0
zhangjiafen	1988-10-15	10.80	8.25	0	58.4	3.6	0	0	0
zhangjiafen	1988-10-16	11.20	7.75	0	56.4	5.2	0	0	0
zhangjiafen	1988-10-17	10.30	7.25	0	54.8	4.1	0	0	0
zhangjiafen	1988-10-18	8.57	6.80	0	53.3	4.0	0	0	0
zhangjiafen	1988-10-19	8.57	6.40	0	52.8	1.4	0	0	0
zhangjiafen	1988-10-20	9.86	6.05	0	51.2	4.5	0	0	0
zhangjiafen	1988-10-21	9.42	5.75	0	49.9	3.7	0	0	0
zhangjiafen	1988-10-22	9.42	5.40	0	48.7	3.6	0	0	0
zhangjiafen	1988-10-23	9.86	5.20	0.9	50.0	0	0	0	0
zhangjiafen	1988-10-24	9.86	5.65	0	48.7	3.7	0	0	0
zhangjiafen	1988-10-25	9.42	5.65	0	47.6	3.5	0	0	0
zhangjiafen	1988-10-26	9.42	5.40	0	46.6	2.8	0	0	0
zhangjiafen	1988-10-27	8.97	5.10	0	45.4	4.0	0	0	0
zhangjiafen	1988-10-28	8.57	4.80	0	44.3	3.3	0	0	0
zhangjiafen	1988-10-29	8.57	4.50	0	43.2	3.7	0	0	0
zhangjiafen	1988-10-30	8.17	4.20	0	42.1	4.0	0	0	0
zhangjiafen	1988-10-31	8.57	3.95	0	40.8	4.6	0	0	0
zhangjiafen	1988-11-1	8.17	3.75	0	40.6	0.4	0	0	0
zhangjiafen	1988-11-2	8.17	3.50	0	39.5	4.0	0	0	0
zhangjiafen	1988-11-3	8.17	3.30	0	38.4	4.2	0	0	0
zhangjiafen	1988-11-4	7.38	3.10	0	37.3	4.3	0	0	0
zhangjiafen	1988-11-5	7.38	3.00	0	36.2	4.3	0	0	0
zhangjiafen	1988-11-6	7.78	3.00	0	35.3	3.6	0	0	0
zhangjiafen	1988-11-7	6.98	3.00	0	34.7	2.3	0	0	0
zhangjiafen	1988-11-8	7.38	3.00	0	33.6	5.0	0	0	0
zhangjiafen	1988-11-9	7.38	3.00	0	32.9	3.1	0	0	0
zhangjiafen	1988-11-10	7.38	3.00	0	32.0	3.8	0	0	0
zhangjiafen	1988-11-11	6.65	3.00	0	31.2	4.0	0	0	0
zhangjiafen	1988-11-12	6.32	3.00	0	30.5	3.2	0	0	0
zhangjiafen	1988-11-13	6.32	3.00	0	29.8	3.1	0	0	0
zhangjiafen	1988-11-14	6.32	3.00	0	29.5	1.7	0	0	0
zhangjiafen	1988-11-15	6.32	3.00	0	29.0	2.5	0	0	0
zhangjiafen	1988-11-16	5.98	3.00	0	28.7	1.5	0	0	0
zhangjiafen	1988-11-17	5.65	3.00	0	28.3	1.6	0	0	0
zhangjiafen	1988-11-18	6.32	3.00	0	28.0	1.8	0	0	0
zhangjiafen	1988-11-19	6.32	3.00	0	27.6	2.0	0	0	0
zhangjiafen	1988-11-20	5.98	3.00	0	27.2	1.8	0	0	0
zhangjiafen	1988-11-21	5.65	3.00	0	26.9	1.6	0	0	0
zhangjiafen	1988-11-22	5.32	3.00	0	26.4	3.1	0	0	0
zhangjiafen	1988-11-23	5.65	3.00	0	25.9	2.2	0	0	0
zhangjiafen	1988-11-24	5.65	3.00	0	25.2	4.3	0	0	0
zhangjiafen	1988-11-25	5.32	3.00	0	24.8	2.3	0	0	0
zhangjiafen	1988-11-26	5.32	3.00	0	24.4	2.2	0	0	0
zhangjiafen	1988-11-27	6.32	3.00	0	24.1	2.1	0	0	0
zhangjiafen	1988-11-28	6.32	3.00	0	23.8	1.6	0	0	0
zhangjiafen	1988-11-29	6.65	3.00	0	23.7	0.6	0	0	0
zhangjiafen	1988-11-30	5.32	3.00	0	23.4	2.0	0	0	0
zhangjiafen	1988-12-1	5.98	3.00	0	23.1	1.4	0	0	0
zhangjiafen	1988-12-2	6.98	3.00	0	22.9	1.3	0	0	0
zhangjiafen	1988-12-3	6.96	3.00	0	22.6	2.2	0	0	0
zhangjiafen	1988-12-4	6.18	3.00	0	22.3	1.7	0	0	0
zhangjiafen	1988-12-5	5.79	3.00	0	22.1	0.9	0	0	0
zhangjiafen	1988-12-6	5.76	3.00	0	21.9	1.2	0	0	0
zhangjiafen	1988-12-7	5.78	3.00	0	21.7	1.7	0	0	0
zhangjiafen	1988-12-8	5.81	3.00	0	21.5	1.0	0	0	0
zhangjiafen	1988-12-9	5.83	3.00	0	21.2	2.1	0	0	0
zhangjiafen	1988-12-10	5.85	3.00	0	21.0	1.5	0	0	0
zhangjiafen	1988-12-11	5.87	3.00	0	20.7	1.8	0	0	0
zhangjiafen	1988-12-12	5.51	3.00	0	20.6	1.4	0	0	0
zhangjiafen	1988-12-13	4.95	3.00	0	20.5	0.9	0	0	0
zhangjiafen	1988-12-14	4.44	3.00	0	20.3	1.0	0	0	0
zhangjiafen	1988-12-15	3.96	3.00	0	20.1	1.1	0	0	0
zhangjiafen	1988-12-16	3.53	3.00	0	20.0	1.1	0	0	0
zhangjiafen	1988-12-17	3.27	3.00	0	19.8	1.0	0	0	0
zhangjiafen	1988-12-18	3.30	3.00	0	19.7	0.7	0	0	0
zhangjiafen	1988-12-19	3.50	3.00	0	19.5	1.6	0	0	0
zhangjiafen	1988-12-20	3.72	3.00	0	19.4	0.5	0	0	0
zhangjiafen	1988-12-21	3.95	3.00	0	19.3	1.0	0	0	0
zhangjiafen	1988-12-22	4.17	3.00	0.1	19.3	0.1	0	0	0
zhangjiafen	1988-12-23	4.32	3.00	0	19.1	1.4	0	0	0
zhangjiafen	1988-12-24	2.59	3.00	0	18.9	1.0	0	0	0
zhangjiafen	1988-12-25	2.29	3.00	0	18.8	0.6	0	0	0
zhangjiafen	1988-12-26	2.32	3.00	0	18.7	1.3	0	0	0
zhangjiafen	1988-12-27	2.31	3.00	0	18.5	0.9	0	0	0
zhangjiafen	1988-12-28	2.30	3.00	0.7	19.4	0.4	0	0	0
zhangjiafen	1988-12-29	2.29	3.00	0	19.3	0.5	0	0	0
zhangjiafen	1988-12-30	2.28	3.00	0	19.3	0.4	0	0	0
zhangjiafen	1988-12-31	2.27	3.00	0	19.1	0.8	0	0	0
zhangjiafen	1989-1-1	2.45	3.00	0	19.1	0.3	0	0	0
zhangjiafen	1989-1-2	2.69	3.00	0	18.9	1.3	0	0	0
zhangjiafen	1989-1-3	3.02	3.00	0	18.8	0.8	0	0	0
zhangjiafen	1989-1-4	3.37	3.00	0	18.7	0.8	0	0	0
zhangjiafen	1989-1-5	3.75	3.00	0.5	19.1	0.5	0	0	0
zhangjiafen	1989-1-6	3.97	3.00	3.3	22.7	0	0	0	0
zhangjiafen	1989-1-7	3.94	4.05	0.1	22.7	0.2	0	0	0
zhangjiafen	1989-1-8	3.83	3.10	0	22.7	0.2	0	0	0
zhangjiafen	1989-1-9	3.62	3.00	0	22.5	1.1	0	0	0
zhangjiafen	1989-1-10	3.33	3.00	0	22.3	1.0	0	0	0
zhangjiafen	1989-1-11	2.97	3.00	0	22.2	0.7	0	0	0
zhangjiafen	1989-1-12	2.39	3.00	0	22.1	0.5	0	0	0
zhangjiafen	1989-1-13	1.73	3.00	0	22.0	0.8	0	0	0
zhangjiafen	1989-1-14	1.92	3.00	0	21.9	0.5	0	0	0
zhangjiafen	1989-1-15	2.21	3.00	0	21.8	0.1	0	0	0
zhangjiafen	1989-1-16	2.43	3.00	0	21.8	0.1	0	0	0
zhangjiafen	1989-1-17	2.63	3.00	0	21.7	0.5	0	0	0
zhangjiafen	1989-1-18	2.79	3.00	0	21.6	0.4	0	0	0
zhangjiafen	1989-1-19	2.95	3.00	0	21.5	0.6	0	0	0
zhangjiafen	1989-1-20	3.10	3.00	0	21.5	0.4	0	0	0
zhangjiafen	1989-1-21	3.17	3.00	0	21.2	1.8	0	0	0
zhangjiafen	1989-1-22	3.23	3.00	0	21.0	1.1	0	0	0
zhangjiafen	1989-1-23	3.29	3.00	0	20.8	1.2	0	0	0
zhangjiafen	1989-1-24	3.35	3.00	0	20.6	1.7	0	0	0
zhangjiafen	1989-1-25	3.41	3.00	0	20.4	0.8	0	0	0
zhangjiafen	1989-1-26	3.45	3.00	0	20.3	1.0	0	0	0
zhangjiafen	1989-1-27	3.39	3.00	0	20.1	1.0	0	0	0
zhangjiafen	1989-1-28	3.30	3.00	0	20.0	0.7	0	0	0
zhangjiafen	1989-1-29	3.22	3.00	0	19.9	0.5	0	0	0
zhangjiafen	1989-1-30	3.13	3.00	0	19.7	1.9	0	0	0
zhangjiafen	1989-1-31	3.05	3.00	0	19.5	1.1	0	0	0
zhangjiafen	1989-2-1	2.96	3.00	0	19.4	0.8	0	0	0
zhangjiafen	1989-2-2	2.89	3.00	0	19.2	1.2	0	0	0
zhangjiafen	1989-2-3	2.95	3.00	0	19.1	0.9	0	0	0
zhangjiafen	1989-2-4	3.12	3.00	0	19.0	0.6	0	0	0
zhangjiafen	1989-2-5	3.42	3.00	0	18.8	1.1	0	0	0
zhangjiafen	1989-2-6	3.89	3.00	0.7	20.1	1.0	0	0	0
zhangjiafen	1989-2-7	4.33	3.10	0.4	20.5	1.8	0	0	0
zhangjiafen	1989-2-8	4.46	3.00	0	20.2	1.6	0	0	0
zhangjiafen	1989-2-9	4.27	3.00	0	19.9	2.0	0	0	0
zhangjiafen	1989-2-10	3.90	3.00	0	19.6	2.5	0	0	0
zhangjiafen	1989-2-11	3.49	3.00	0	19.2	2.9	0	0	0
zhangjiafen	1989-2-12	3.19	3.00	0	18.9	2.4	0	0	0
zhangjiafen	1989-2-13	3.12	3.00	0	18.7	1.6	0	0	0
zhangjiafen	1989-2-14	3.87	3.00	0	18.7	1.2	0	0	0
zhangjiafen	1989-2-15	4.09	3.00	0.1	18.8	1.7	0	0	0
zhangjiafen	1989-2-16	4.00	3.00	0	18.6	1.8	0	0	0
zhangjiafen	1989-2-17	4.31	3.00	0	18.4	1.6	0	0	0
zhangjiafen	1989-2-18	4.63	3.00	0	18.2	1.0	0	0	0
zhangjiafen	1989-2-19	3.97	3.00	0.3	18.6	0.7	0	0	0
zhangjiafen	1989-2-20	4.29	3.00	0	18.4	1.6	0	0	0
zhangjiafen	1989-2-21	3.63	3.00	0	18.1	1.6	0	0	0
zhangjiafen	1989-2-22	3.95	3.00	0	18.0	1.5	0	0	0
zhangjiafen	1989-2-23	4.10	3.00	0	17.7	1.6	0	0	0
zhangjiafen	1989-2-24	4.29	3.00	0	17.5	2.0	0	0	0
zhangjiafen	1989-2-25	4.06	3.00	0.1	17.6	1.5	0	0	0
zhangjiafen	1989-2-26	4.02	3.00	0	17.4	1.6	0	0	0
zhangjiafen	1989-2-27	4.01	3.00	0.1	17.3	1.6	0	0	0
zhangjiafen	1989-2-28	3.91	3.00	0	17.0	2.6	0	0	0
zhangjiafen	1989-3-1	3.88	3.00	0.7	17.8	1.4	0	0	0
zhangjiafen	1989-3-2	3.87	3.00	0.1	17.8	0.9	0	0	0
zhangjiafen	1989-3-3	3.91	3.00	0	17.7	0.4	0	0	0
zhangjiafen	1989-3-4	3.56	3.00	0	17.5	1.8	0	0	0
zhangjiafen	1989-3-5	3.34	3.00	0	17.2	2.8	0	0	0
zhangjiafen	1989-3-6	3.43	3.00	0	17.0	1.9	0	0	0
zhangjiafen	1989-3-7	3.88	3.00	0	16.7	2.1	0	0	0
zhangjiafen	1989-3-8	3.71	3.00	0	16.4	2.7	0	0	0
zhangjiafen	1989-3-9	3.78	3.00	0	16.0	3.3	0	0	0
zhangjiafen	1989-3-10	4.08	3.00	0	15.6	4.4	0	0	0
zhangjiafen	1989-3-11	3.91	3.00	0	15.1	4.6	0	0	0
zhangjiafen	1989-3-12	3.79	3.00	0	14.4	6.8	0	0	0
zhangjiafen	1989-3-13	4.43	3.00	0	13.8	6.7	0	0	0
zhangjiafen	1989-3-14	3.99	3.00	0	13.2	6.5	0	0	0
zhangjiafen	1989-3-15	3.67	3.00	0	12.7	4.9	0	0	0
zhangjiafen	1989-3-16	3.64	3.00	0	12.4	3.8	0	0	0
zhangjiafen	1989-3-17	3.64	3.00	1.1	13.9	4.2	0	0	0
zhangjiafen	1989-3-18	3.58	3.05	0.1	13.9	0.8	0	0	0
zhangjiafen	1989-3-19	3.84	3.00	0	13.5	4.1	0	0	0
zhangjiafen	1989-3-20	3.48	3.00	0	13.2	3.4	0	0	0
zhangjiafen	1989-3-21	3.51	3.00	0	12.9	3.3	0	0	0
zhangjiafen	1989-3-22	3.45	3.00	0	12.7	2.3	0	0	0
zhangjiafen	1989-3-23	3.51	3.00	0	12.2	5.7	0	0	0
zhangjiafen	1989-3-24	3.45	3.00	0	11.8	5.1	0	0	0
zhangjiafen	1989-3-25	3.42	3.00	0	11.4	4.1	0	0	0
zhangjiafen	1989-3-26	3.34	3.00	0.1	11.1	6.9	0	0	0
zhangjiafen	1989-3-27	3.68	3.00	0	10.7	5.4	0	0	0
zhangjiafen	1989-3-28	3.47	3.00	0	10.3	6.3	0	0	0
zhangjiafen	1989-3-29	3.21	3.00	0	9.9	5.2	0	0	0
zhangjiafen	1989-3-30	3.31	3.00	0	9.3	9.0	0	0	0
zhangjiafen	1989-3-31	3.19	3.00	0	8.8	9.3	0	0	0
zhangjiafen	1989-4-1	3.30	3.00	0	8.3	7.5	0	0	0
zhangjiafen	1989-4-2	3.06	3.00	0	7.8	9.5	0	0	0
zhangjiafen	1989-4-3	2.83	3.00	0	7.4	8.4	0	0	0
zhangjiafen	1989-4-4	2.83	3.00	0	7.0	7.3	0	0	0
zhangjiafen	1989-4-5	2.82	3.00	0	6.7	7.0	0	0	0
zhangjiafen	1989-4-6	2.55	3.00	0	6.5	6.4	0	0	0
zhangjiafen	1989-4-7	2.59	3.00	0	6.2	8.3	0	0	0
zhangjiafen	1989-4-8	2.51	3.00	0	5.7	12.3	0	0	0
zhangjiafen	1989-4-9	2.22	3.00	0	5.4	7.5	0	0	0
zhangjiafen	1989-4-10	2.22	3.00	0	5.1	8.2	0	0	0
zhangjiafen	1989-4-11	2.40	3.00	0	4.9	8.3	0	0	0
zhangjiafen	1989-4-12	2.17	3.00	0	4.6	8.9	0	0	0
zhangjiafen	1989-4-13	2.07	3.00	0	4.4	7.5	0	0	0
zhangjiafen	1989-4-14	1.85	3.00	0	4.2	5.1	0	0	0
zhangjiafen	1989-4-15	1.62	3.00	3.1	7.9	2.2	0	0	0
zhangjiafen	1989-4-16	1.47	3.00	0.7	8.8	4.5	0	0	0
zhangjiafen	1989-4-17	1.54	3.00	0.4	8.8	8.9	0	0	0
zhangjiafen	1989-4-18	1.21	3.00	0	8.2	9.0	0	0	0
zhangjiafen	1989-4-19	1.04	3.00	0	7.8	7.2	0	0	0
zhangjiafen	1989-4-20	0.87	3.00	14.5	26.1	2.6	0	0	0
zhangjiafen	1989-4-21	1.35	5.10	0	24.8	7.5	0	0	0
zhangjiafen	1989-4-22	2.98	5.60	0	23.6	6.6	0	0	0
zhangjiafen	1989-4-23	2.73	4.40	0	22.2	8.8	0	0	0
zhangjiafen	1989-4-24	2.70	3.20	0	21.3	6.3	0	0	0
zhangjiafen	1989-4-25	2.71	3.00	0	19.7	11.0	0	0	0
zhangjiafen	1989-4-26	2.40	3.00	0	18.4	10.0	0	0	0
zhangjiafen	1989-4-27	2.67	3.00	0	17.4	8.0	0	0	0
zhangjiafen	1989-4-28	2.38	3.00	0	16.8	5.5	0	0	0
zhangjiafen	1989-4-29	2.70	3.00	0	16.0	6.4	0	0	0
zhangjiafen	1989-4-30	2.52	3.00	0	15.2	8.2	0	0	0
zhangjiafen	1989-5-1	2.50	3.00	0	14.3	8.4	0	0	0
zhangjiafen	1989-5-2	2.50	3.00	0	13.4	10.0	0	0	0
zhangjiafen	1989-5-3	2.59	3.00	0	12.4	11.0	0	0	0
zhangjiafen	1989-5-4	2.63	3.00	0	11.7	8.5	0	0	0
zhangjiafen	1989-5-5	2.33	3.00	0	11.1	8.0	0	0	0
zhangjiafen	1989-5-6	2.37	3.00	1.4	12.7	4.2	0	0	0
zhangjiafen	1989-5-7	2.58	3.10	2.9	14.6	4.2	0	0	0
zhangjiafen	1989-5-8	2.67	4.00	0.1	13.9	9.5	0	0	0
zhangjiafen	1989-5-9	2.74	3.00	0.9	14.8	7.4	0	0	0
zhangjiafen	1989-5-10	3.19	3.30	2.6	18.3	4.1	0	0	0
zhangjiafen	1989-5-11	3.22	4.40	0.5	18.7	2.9	0	0	0
zhangjiafen	1989-5-12	3.05	3.55	0.9	19.1	7.1	0	0	0
zhangjiafen	1989-5-13	2.95	3.30	0	18.2	7.1	0	0	0
zhangjiafen	1989-5-14	2.52	3.00	0	17.2	8.9	0	0	0
zhangjiafen	1989-5-15	2.47	3.00	0	15.9	10.8	0	0	0
zhangjiafen	1989-5-16	1.86	3.00	0	15.2	7.0	0	0	0
zhangjiafen	1989-5-17	3.56	3.00	4.6	18.4	9.5	0	0	0
zhangjiafen	1989-5-18	4.65	4.05	0.6	18.7	3.4	0	0	0
zhangjiafen	1989-5-19	5.54	3.05	0	17.5	9.8	0	0	0
zhangjiafen	1989-5-20	5.36	3.00	0	16.2	11.1	0	0	0
zhangjiafen	1989-5-21	4.43	3.00	0	14.9	12.3	0	0	0
zhangjiafen	1989-5-22	3.10	3.00	0	13.9	10.5	0	0	0
zhangjiafen	1989-5-23	2.31	3.00	0.4	13.9	5.0	0	0	0
zhangjiafen	1989-5-24	2.46	3.00	0	12.8	11.6	0	0	0
zhangjiafen	1989-5-25	2.19	3.00	0	11.7	13.8	0	0	0
zhangjiafen	1989-5-26	1.71	3.00	0	10.8	12.0	0	0	0
zhangjiafen	1989-5-27	1.65	3.00	0	10.1	9.5	0	0	0
zhangjiafen	1989-5-28	1.78	3.00	5.1	15.5	8.7	0	0	0
zhangjiafen	1989-5-29	1.66	4.20	0.2	15.1	7.7	0	0	0
zhangjiafen	1989-5-30	1.84	3.10	0	14.2	9.2	0	0	0
zhangjiafen	1989-5-31	2.36	3.00	8.0	19.3	6.6	0	0	0
zhangjiafen	1989-6-1	3.42	5.10	0.1	18.2	10.0	0	0	0
zhangjiafen	1989-6-2	2.79	4.30	0	16.8	11.5	0	0	0
zhangjiafen	1989-6-3	2.64	3.00	12.6	31.2	8.0	0	0	0
zhangjiafen	1989-6-4	3.51	5.60	8.9	39.2	6.8	0	0	0
zhangjiafen	1989-6-5	20.20	10.45	0.3	38.2	8.8	0	0	0
zhangjiafen	1989-6-6	11.60	10.30	4.7	41.2	0.7	0	0	0
zhangjiafen	1989-6-7	8.81	12.00	22.9	63.4	3.8	0	0	0
zhangjiafen	1989-6-8	10.00	21.00	0.1	60.2	7.5	0	0	0
zhangjiafen	1989-6-9	10.90	18.45	1.7	60.8	6.1	0	0	0
zhangjiafen	1989-6-10	10.20	15.95	0.4	58.6	7.0	0	0	0
zhangjiafen	1989-6-11	9.80	14.45	0.1	57.1	4.0	0	0	0
zhangjiafen	1989-6-12	7.16	13.05	0.1	54.5	6.9	0	0	0
zhangjiafen	1989-6-13	5.74	11.95	3.2	58.5	1.3	0	0	0
zhangjiafen	1989-6-14	4.76	11.50	0	53.7	12.6	0	0	0
zhangjiafen	1989-6-15	4.07	10.40	0	49.7	11.3	0	0	0
zhangjiafen	1989-6-16	3.66	9.35	0	47.6	6.4	0	0	0
zhangjiafen	1989-6-17	3.25	8.35	0	45.2	7.4	0	0	0
zhangjiafen	1989-6-18	2.67	7.45	0	43.0	7.5	0	0	0
zhangjiafen	1989-6-19	2.54	6.55	0	40.0	10.3	0	0	0
zhangjiafen	1989-6-20	2.40	5.60	0.8	39.2	8.0	0	0	0
zhangjiafen	1989-6-21	2.47	5.05	0.8	37.5	10.3	0	0	0
zhangjiafen	1989-6-22	2.58	4.65	0	34.8	10.9	0	0	0
zhangjiafen	1989-6-23	2.74	4.15	0	33.3	6.5	0	0	0
zhangjiafen	1989-6-24	2.90	3.60	0	31.4	8.7	0	0	0
zhangjiafen	1989-6-25	2.76	3.15	1.1	31.4	8.8	0	0	0
zhangjiafen	1989-6-26	2.75	3.55	0.9	30.0	11.5	0	0	0
zhangjiafen	1989-6-27	2.83	3.45	0.2	27.9	12.2	0	0	0
zhangjiafen	1989-6-28	2.88	3.05	4.4	31.1	11.1	0	0	0
zhangjiafen	1989-6-29	2.93	4.65	0.1	29.4	8.4	0	0	0
zhangjiafen	1989-6-30	3.00	3.80	0.2	27.8	9.3	0	0	0
zhangjiafen	1989-7-1	3.13	3.25	0.5	27.2	7.6	0	0	0
zhangjiafen	1989-7-2	2.93	3.05	0.1	26.7	2.8	0	0	0
zhangjiafen	1989-7-3	2.80	3.00	0.5	26.8	2.4	0	0	0
zhangjiafen	1989-7-4	3.03	3.00	0.3	26.9	1.0	0	0	0
zhangjiafen	1989-7-5	3.07	3.00	1.7	28.2	1.2	0	0	0
zhangjiafen	1989-7-6	3.56	4.00	3.6	31.5	0.5	0	0	0
zhangjiafen	1989-7-7	4.33	4.95	7.6	35.3	2.8	0	0	0
zhangjiafen	1989-7-8	5.60	8.05	0	33.3	8.6	0	0	0
zhangjiafen	1989-7-9	4.87	5.80	0	31.1	10.0	0	0	0
zhangjiafen	1989-7-10	3.80	4.75	0	30.4	3.2	0	0	0
zhangjiafen	1989-7-11	3.82	3.80	0	28.6	8.9	0	0	0
zhangjiafen	1989-7-12	3.23	3.15	0	26.5	11.2	0	0	0
zhangjiafen	1989-7-13	3.06	3.00	16.4	50.8	6.8	0	0	0
zhangjiafen	1989-7-14	3.65	9.15	1.8	49.6	7.2	0	0	0
zhangjiafen	1989-7-15	5.87	11.00	1.7	48.8	5.7	0	0	0
zhangjiafen	1989-7-16	5.66	10.20	9.1	53.5	7.1	0	0	0
zhangjiafen	1989-7-17	5.31	13.90	6.3	62.9	0.2	0	0	0
zhangjiafen	1989-7-18	6.69	18.10	6.2	65.2	8.0	0	0	0
zhangjiafen	1989-7-19	7.58	19.70	8.1	70.2	8.2	0	0	0
zhangjiafen	1989-7-20	10.30	28.00	0.6	67.2	7.1	0	0	0
zhangjiafen	1989-7-21	26.60	22.50	20.0	77.6	4.0	0	0	0
zhangjiafen	1989-7-22	87.00	51.85	20.1	97.5	2.1	0	0	0
zhangjiafen	1989-7-23	46.50	48.30	0.5	96.1	2.7	0	0	0
zhangjiafen	1989-7-24	33.30	34.65	0	90.6	8.7	0	0	0
zhangjiafen	1989-7-25	24.50	24.05	0	85.9	7.7	0	0	0
zhangjiafen	1989-7-26	17.80	18.95	0	81.4	7.9	0	0	0
zhangjiafen	1989-7-27	13.90	15.25	0	76.8	8.5	0	0	0
zhangjiafen	1989-7-28	10.80	13.70	0	72.7	8.2	0	0	0
zhangjiafen	1989-7-29	9.38	13.00	0	68.8	8.2	0	0	0
zhangjiafen	1989-7-30	8.36	12.25	0	64.9	8.5	0	0	0
zhangjiafen	1989-7-31	6.87	11.45	0	61.2	8.8	0	0	0
zhangjiafen	1989-8-1	5.41	10.85	0	58.2	7.3	0	0	0
zhangjiafen	1989-8-2	4.01	10.15	0	52.2	16.3	0	0	0
zhangjiafen	1989-8-3	3.98	9.35	0	49.0	9.4	0	0	0
zhangjiafen	1989-8-4	3.32	8.40	0	46.2	8.7	0	0	0
zhangjiafen	1989-8-5	3.42	7.40	0	43.9	7.7	0	0	0
zhangjiafen	1989-8-6	3.89	6.50	5.6	47.7	9.3	0	0	0
zhangjiafen	1989-8-7	5.01	7.15	4.6	52.2	1.7	0	0	0
zhangjiafen	1989-8-8	5.12	9.95	0.3	49.7	8.1	0	0	0
zhangjiafen	1989-8-9	4.10	9.70	8.5	56.1	8.1	0	0	0
zhangjiafen	1989-8-10	3.95	12.85	2.2	56.6	2.9	0	0	0
zhangjiafen	1989-8-11	4.62	15.05	0	54.3	6.0	0	0	0
zhangjiafen	1989-8-12	4.84	13.50	0	50.9	9.5	0	0	0
zhangjiafen	1989-8-13	4.21	12.10	0	46.8	12.2	0	0	0
zhangjiafen	1989-8-14	4.54	10.65	0.4	45.0	7.3	0	0	0
zhangjiafen	1989-8-15	3.47	9.45	4.1	47.1	5.9	0	0	0
zhangjiafen	1989-8-16	3.22	10.85	0	46.2	2.5	0	0	0
zhangjiafen	1989-8-17	3.46	9.20	0	44.1	6.8	0	0	0
zhangjiafen	1989-8-18	2.71	7.95	0.1	43.2	3.6	0	0	0
zhangjiafen	1989-8-19	2.84	6.80	15.8	59.8	1.2	0	0	0
zhangjiafen	1989-8-20	6.76	16.00	6.6	68.2	2.8	0	0	0
zhangjiafen	1989-8-21	8.83	21.70	0	65.7	5.5	0	0	0
zhangjiafen	1989-8-22	7.56	18.45	0	62.9	6.3	0	0	0
zhangjiafen	1989-8-23	6.17	15.05	0	61.0	4.5	0	0	0
zhangjiafen	1989-8-24	5.60	12.60	0.1	58.1	7.5	0	0	0
zhangjiafen	1989-8-25	5.23	11.50	2.2	58.1	6.1	0	0	0
zhangjiafen	1989-8-26	4.99	12.75	0	55.3	7.3	0	0	0
zhangjiafen	1989-8-27	4.70	10.95	2.1	54.8	7.4	0	0	0
zhangjiafen	1989-8-28	5.04	12.90	7.9	58.2	3.7	0	0	0
zhangjiafen	1989-8-29	9.67	17.95	1.7	58.7	5.6	0	0	0
zhangjiafen	1989-8-30	8.51	15.45	0	55.7	7.9	0	0	0
zhangjiafen	1989-8-31	6.20	12.70	0	52.5	8.6	0	0	0
zhangjiafen	1989-9-1	4.90	11.10	0	49.8	8.0	0	0	0
zhangjiafen	1989-9-2	4.50	10.10	0	47.5	7.0	0	0	0
zhangjiafen	1989-9-3	4.02	9.05	1.7	47.4	5.8	0	0	0
zhangjiafen	1989-9-4	3.98	8.20	3.3	50.7	2.9	0	0	0
zhangjiafen	1989-9-5	3.95	7.85	8.0	61.1	2.0	0	0	0
zhangjiafen	1989-9-6	4.31	11.70	0.5	60.0	5.7	0	0	0
zhangjiafen	1989-9-7	4.18	14.50	2.2	60.4	5.1	0	0	0
zhangjiafen	1989-9-8	4.29	14.70	2.2	63.2	1.0	0	0	0
zhangjiafen	1989-9-9	4.27	14.75	6.0	69.8	1.2	0	0	0
zhangjiafen	1989-9-10	5.55	18.15	2.0	70.2	4.3	0	0	0
zhangjiafen	1989-9-11	5.95	18.20	0.1	67.2	6.6	0	0	0
zhangjiafen	1989-9-12	5.36	16.05	0	64.3	6.3	0	0	0
zhangjiafen	1989-9-13	5.03	14.10	0	62.2	5.0	0	0	0
zhangjiafen	1989-9-14	4.77	12.60	0.1	59.3	7.3	0	0	0
zhangjiafen	1989-9-15	4.25	11.40	0	57.9	3.4	0	0	0
zhangjiafen	1989-9-16	4.44	10.30	1.6	58.9	2.7	0	0	0
zhangjiafen	1989-9-17	4.03	9.40	6.5	60.5	6.1	0	0	0
zhangjiafen	1989-9-18	4.46	12.45	0	58.6	4.7	0	0	0
zhangjiafen	1989-9-19	3.89	10.80	1.7	58.8	4.9	0	0	0
zhangjiafen	1989-9-20	4.26	10.80	6.8	65.6	0.1	0	0	0
zhangjiafen	1989-9-21	5.11	14.10	0	64.5	2.4	0	0	0
zhangjiafen	1989-9-22	5.27	13.70	5.2	69.2	0.5	0	0	0
zhangjiafen	1989-9-23	5.47	15.25	11.7	81.1	1.0	0	0	0
zhangjiafen	1989-9-24	7.46	24.60	0.2	78.5	5.0	0	0	0
zhangjiafen	1989-9-25	7.44	22.30	7.8	83.6	4.3	0	0	0
zhangjiafen	1989-9-26	7.40	24.90	3.7	87.7	0.3	0	0	0
zhangjiafen	1989-9-27	7.76	25.50	0.4	84.8	5.3	0	0	0
zhangjiafen	1989-9-28	7.16	21.75	0	82.0	4.8	0	0	0
zhangjiafen	1989-9-29	6.27	18.10	0	80.1	3.4	0	0	0
zhangjiafen	1989-9-30	6.04	14.85	0	77.8	4.1	0	0	0
zhangjiafen	1989-10-1	5.98	13.50	0.1	75.4	4.6	0	0	0
zhangjiafen	1989-10-2	5.65	12.95	5.3	82.4	2.9	0	0	0
zhangjiafen	1989-10-3	5.54	16.60	1.2	81.6	2.8	0	0	0
zhangjiafen	1989-10-4	6.14	18.15	0	79.4	3.9	0	0	0
zhangjiafen	1989-10-5	5.96	16.15	0	76.2	6.0	0	0	0
zhangjiafen	1989-10-6	5.89	14.55	0	73.7	4.8	0	0	0
zhangjiafen	1989-10-7	4.64	13.40	0	71.4	4.6	0	0	0
zhangjiafen	1989-10-8	5.37	12.45	0	69.0	4.9	0	0	0
zhangjiafen	1989-10-9	5.45	11.55	4.1	72.4	3.2	0	0	0
zhangjiafen	1989-10-10	5.29	12.10	0.3	70.9	4.5	0	0	0
zhangjiafen	1989-10-11	5.21	12.80	0.1	69.2	3.7	0	0	0
zhangjiafen	1989-10-12	5.66	12.75	0	67.4	3.8	0	0	0
zhangjiafen	1989-10-13	5.65	12.15	0	65.6	3.8	0	0	0
zhangjiafen	1989-10-14	5.33	11.45	0.1	64.7	2.8	0	0	0
zhangjiafen	1989-10-15	5.27	10.80	0	62.8	4.2	0	0	0
zhangjiafen	1989-10-16	5.03	10.05	0	61.0	4.2	0	0	0
zhangjiafen	1989-10-17	5.25	9.30	0	59.1	4.5	0	0	0
zhangjiafen	1989-10-18	5.31	8.55	0	57.8	3.1	0	0	0
zhangjiafen	1989-10-19	5.30	7.85	0	56.2	4.1	0	0	0
zhangjiafen	1989-10-20	5.06	7.20	0	53.7	6.5	0	0	0
zhangjiafen	1989-10-21	5.39	6.60	0	52.0	4.6	0	0	0
zhangjiafen	1989-10-22	4.84	6.05	0	50.3	4.8	0	0	0
zhangjiafen	1989-10-23	4.66	5.60	0	49.3	3.0	0	0	0
zhangjiafen	1989-10-24	4.64	5.30	0	48.1	3.5	0	0	0
zhangjiafen	1989-10-25	4.54	5.05	0	46.3	5.6	0	0	0
zhangjiafen	1989-10-26	4.64	4.90	0	45.3	3.2	0	0	0
zhangjiafen	1989-10-27	4.51	4.70	0	44.5	2.4	0	0	0
zhangjiafen	1989-10-28	4.39	4.50	0	43.3	4.0	0	0	0
zhangjiafen	1989-10-29	4.36	4.30	0.1	42.5	2.8	0	0	0
zhangjiafen	1989-10-30	4.27	4.15	3.2	46.2	1.8	0	0	0
zhangjiafen	1989-10-31	4.49	6.30	0	45.2	3.0	0	0	0
zhangjiafen	1989-11-1	4.49	5.90	0	44.5	2.2	0	0	0
zhangjiafen	1989-11-2	4.22	5.40	0	43.8	2.2	0	0	0
zhangjiafen	1989-11-3	4.10	4.90	0	43.0	2.8	0	0	0
zhangjiafen	1989-11-4	4.34	4.45	0.1	42.4	2.0	0	0	0
zhangjiafen	1989-11-5	4.49	4.20	0.2	41.6	3.5	0	0	0
zhangjiafen	1989-11-6	4.27	4.00	0	40.7	3.0	0	0	0
zhangjiafen	1989-11-7	4.31	3.85	1.3	42.2	0.5	0	0	0
zhangjiafen	1989-11-8	4.10	4.60	1.5	43.3	1.3	0	0	0
zhangjiafen	1989-11-9	4.20	5.30	0.1	42.7	2.1	0	0	0
zhangjiafen	1989-11-10	4.22	5.20	0	42.4	0.9	0	0	0
zhangjiafen	1989-11-11	3.98	4.70	0	42.1	0.8	0	0	0
zhangjiafen	1989-11-12	3.81	4.30	0	41.4	2.5	0	0	0
zhangjiafen	1989-11-13	3.62	4.05	0	40.9	1.6	0	0	0
zhangjiafen	1989-11-14	3.87	3.80	0	40.5	1.3	0	0	0
zhangjiafen	1989-11-15	3.24	3.55	0.6	41.1	0.2	0	0	0
zhangjiafen	1989-11-16	3.46	3.90	0	40.5	1.9	0	0	0
zhangjiafen	1989-11-17	3.43	3.80	0	40.0	1.9	0	0	0
zhangjiafen	1989-11-18	3.60	3.70	0	39.5	1.5	0	0	0
zhangjiafen	1989-11-19	3.70	3.55	0	39.1	1.4	0	0	0
zhangjiafen	1989-11-20	3.82	3.35	0	38.7	1.3	0	0	0
zhangjiafen	1989-11-21	3.98	3.20	0	38.3	1.7	0	0	0
zhangjiafen	1989-11-22	4.18	3.05	0	37.8	1.6	0	0	0
zhangjiafen	1989-11-23	3.98	3.00	0	37.3	1.9	0	0	0
zhangjiafen	1989-11-24	3.94	3.00	0	36.9	1.3	0	0	0
zhangjiafen	1989-11-25	3.72	3.00	0	36.7	0.9	0	0	0
zhangjiafen	1989-11-26	3.61	3.00	0	36.1	2.4	0	0	0
zhangjiafen	1989-11-27	3.50	3.00	0	35.7	1.6	0	0	0
zhangjiafen	1989-11-28	3.42	3.00	0	35.4	1.3	0	0	0
zhangjiafen	1989-11-29	3.65	3.00	0	34.9	1.7	0	0	0
zhangjiafen	1989-11-30	3.98	3.00	0	34.5	1.5	0	0	0
zhangjiafen	1989-12-1	4.25	3.00	0	34.2	1.3	0	0	0
zhangjiafen	1989-12-2	4.59	3.00	0	33.8	1.8	0	0	0
zhangjiafen	1989-12-3	4.10	3.00	0	33.0	3.3	0	0	0
zhangjiafen	1989-12-4	3.94	3.00	0	32.6	1.8	0	0	0
zhangjiafen	1989-12-5	3.83	3.00	0.1	32.2	1.9	0	0	0
zhangjiafen	1989-12-6	3.74	3.00	0.2	32.1	1.1	0	0	0
zhangjiafen	1989-12-7	3.81	3.05	0	31.3	3.7	0	0	0
zhangjiafen	1989-12-8	4.03	3.00	0	31.0	1.3	0	0	0
zhangjiafen	1989-12-9	4.51	3.00	0	30.9	0.7	0	0	0
zhangjiafen	1989-12-10	4.33	3.00	0	30.5	1.7	0	0	0
zhangjiafen	1989-12-11	3.96	3.00	0	30.3	0.8	0	0	0
zhangjiafen	1989-12-12	3.85	3.00	0	30.1	0.9	0	0	0
zhangjiafen	1989-12-13	3.78	3.00	0	29.7	1.8	0	0	0
zhangjiafen	1989-12-14	3.50	3.00	0	29.4	1.1	0	0	0
zhangjiafen	1989-12-15	3.14	3.00	0	29.3	0.7	0	0	0
zhangjiafen	1989-12-16	2.93	3.00	0	29.2	0.5	0	0	0
zhangjiafen	1989-12-17	2.92	3.00	0	28.9	1.4	0	0	0
zhangjiafen	1989-12-18	2.94	3.00	0	28.7	0.6	0	0	0
zhangjiafen	1989-12-19	2.96	3.00	0	28.6	0.4	0	0	0
zhangjiafen	1989-12-20	2.94	3.00	0	28.5	0.9	0	0	0
zhangjiafen	1989-12-21	2.79	3.00	0.1	28.5	0	0	0	0
zhangjiafen	1989-12-22	2.62	3.00	0	28.3	1.0	0	0	0
zhangjiafen	1989-12-23	2.45	3.00	0	28.0	1.0	0	0	0
zhangjiafen	1989-12-24	2.29	3.00	0	27.9	1.0	0	0	0
zhangjiafen	1989-12-25	2.14	3.00	0	27.6	1.4	0	0	0
zhangjiafen	1989-12-26	2.15	3.00	0	27.4	1.0	0	0	0
zhangjiafen	1989-12-27	2.22	3.00	0	27.2	0.6	0	0	0
zhangjiafen	1989-12-28	2.29	3.00	0	27.1	0.9	0	0	0
zhangjiafen	1989-12-29	2.36	3.00	0	26.8	1.2	0	0	0
zhangjiafen	1989-12-30	2.43	3.00	0	26.8	0.7	0	0	0
zhangjiafen	1989-12-31	2.51	3.00	0	26.6	1.0	0	0	0
zhangjiafen	1990-1-1	2.61	3.00	0	26.1	2.6	0	0	0
zhangjiafen	1990-1-2	2.54	3.00	0	25.9	1.0	0	0	0
zhangjiafen	1990-1-3	2.44	3.00	0	25.7	1.0	0	0	0
zhangjiafen	1990-1-4	2.34	3.00	0	25.5	1.2	0	0	0
zhangjiafen	1990-1-5	2.24	3.00	0	25.2	1.3	0	0	0
zhangjiafen	1990-1-6	2.14	3.00	0	25.0	1.0	0	0	0
zhangjiafen	1990-1-7	2.13	3.00	0	24.9	0.8	0	0	0
zhangjiafen	1990-1-8	2.14	3.00	0	24.8	0.6	0	0	0
zhangjiafen	1990-1-9	2.15	3.00	0.5	25.5	0	0	0	0
zhangjiafen	1990-1-10	2.16	3.05	0	25.3	0.8	0	0	0
zhangjiafen	1990-1-11	2.18	3.00	0	25.2	0.8	0	0	0
zhangjiafen	1990-1-12	2.23	3.00	0	25.0	1.0	0	0	0
zhangjiafen	1990-1-13	2.30	3.00	0	24.8	0.9	0	0	0
zhangjiafen	1990-1-14	2.37	3.00	0	24.6	0.9	0	0	0
zhangjiafen	1990-1-15	2.43	3.00	0	24.5	0.9	0	0	0
zhangjiafen	1990-1-16	2.50	3.00	0	24.3	0.9	0	0	0
zhangjiafen	1990-1-17	2.54	3.00	0	23.9	2.1	0	0	0
zhangjiafen	1990-1-18	2.45	3.00	0	23.7	1.4	0	0	0
zhangjiafen	1990-1-19	2.36	3.00	0	23.5	0.9	0	0	0
zhangjiafen	1990-1-20	2.26	3.00	0	23.3	1.2	0	0	0
zhangjiafen	1990-1-21	2.16	3.00	0	23.1	1.4	0	0	0
zhangjiafen	1990-1-22	2.06	3.00	0	22.8	1.3	0	0	0
zhangjiafen	1990-1-23	1.96	3.00	0	22.7	1.1	0	0	0
zhangjiafen	1990-1-24	1.86	3.00	0	22.6	0.8	0	0	0
zhangjiafen	1990-1-25	1.77	3.00	0	22.5	0.6	0	0	0
zhangjiafen	1990-1-26	1.77	3.00	0.1	22.3	1.3	0	0	0
zhangjiafen	1990-1-27	1.79	3.00	1.1	23.5	0	0	0	0
zhangjiafen	1990-1-28	1.81	3.35	3.2	26.7	0.8	0	0	0
zhangjiafen	1990-1-29	1.82	4.30	0.1	26.5	1.6	0	0	0
zhangjiafen	1990-1-30	1.84	3.50	0	26.3	0.9	0	0	0
zhangjiafen	1990-1-31	1.86	3.00	0	25.8	2.3	0	0	0
zhangjiafen	1990-2-1	1.93	3.00	0	25.5	1.8	0	0	0
zhangjiafen	1990-2-2	2.00	3.00	0	25.3	1.2	0	0	0
zhangjiafen	1990-2-3	2.07	3.00	0	25.1	0.7	0	0	0
zhangjiafen	1990-2-4	2.14	3.00	0	25.0	1.0	0	0	0
zhangjiafen	1990-2-5	2.21	3.00	0	24.8	0.7	0	0	0
zhangjiafen	1990-2-6	2.29	3.00	0	24.5	1.5	0	0	0
zhangjiafen	1990-2-7	2.36	3.00	0	24.5	0.8	0	0	0
zhangjiafen	1990-2-8	2.46	3.00	0	24.3	1.0	0	0	0
zhangjiafen	1990-2-9	2.57	3.00	0	24.2	0.5	0	0	0
zhangjiafen	1990-2-10	2.67	3.00	0	24.0	1.1	0	0	0
zhangjiafen	1990-2-11	2.77	3.00	0	23.5	3.1	0	0	0
zhangjiafen	1990-2-12	2.88	3.00	0	23.3	1.1	0	0	0
zhangjiafen	1990-2-13	2.98	3.00	2.1	25.3	0.5	0	0	0
zhangjiafen	1990-2-14	3.15	3.70	0.4	25.7	0.5	0	0	0
zhangjiafen	1990-2-15	3.33	3.05	0	25.6	0.5	0	0	0
zhangjiafen	1990-2-16	3.51	3.00	0.1	25.5	0.8	0	0	0
zhangjiafen	1990-2-17	3.70	3.00	3.3	28.5	0.1	0	0	0
zhangjiafen	1990-2-18	3.88	4.20	1.7	30.4	0.3	0	0	0
zhangjiafen	1990-2-19	3.98	4.50	0.1	30.3	0.8	0	0	0
zhangjiafen	1990-2-20	3.78	4.00	1.8	32.2	0.7	0	0	0
zhangjiafen	1990-2-21	3.47	4.25	1.4	33.8	0.1	0	0	0
zhangjiafen	1990-2-22	3.15	4.45	0.1	33.5	2.1	0	0	0
zhangjiafen	1990-2-23	2.83	4.00	0.2	33.2	1.6	0	0	0
zhangjiafen	1990-2-24	2.54	3.45	0	32.8	1.4	0	0	0
zhangjiafen	1990-2-25	2.57	3.00	0	32.4	1.6	0	0	0
zhangjiafen	1990-2-26	2.70	3.00	0	32.0	1.7	0	0	0
zhangjiafen	1990-2-27	2.85	3.00	0	31.8	1.0	0	0	0
zhangjiafen	1990-2-28	3.20	3.00	0	31.5	1.4	0	0	0
zhangjiafen	1990-3-1	3.53	3.00	0	31.2	1.4	0	0	0
zhangjiafen	1990-3-2	3.71	3.00	0	30.7	2.0	0	0	0
zhangjiafen	1990-3-3	3.56	3.00	0	30.4	1.8	0	0	0
zhangjiafen	1990-3-4	3.65	3.00	0	29.7	3.3	0	0	0
zhangjiafen	1990-3-5	3.48	3.00	0	28.9	4.0	0	0	0
zhangjiafen	1990-3-6	3.57	3.00	0	27.9	4.7	0	0	0
zhangjiafen	1990-3-7	3.40	3.00	0	27.3	3.6	0	0	0
zhangjiafen	1990-3-8	3.80	3.00	0	26.7	2.8	0	0	0
zhangjiafen	1990-3-9	3.67	3.00	0	26.0	4.0	0	0	0
zhangjiafen	1990-3-10	3.53	3.00	0	25.3	3.7	0	0	0
zhangjiafen	1990-3-11	3.38	3.00	0	24.7	4.0	0	0	0
zhangjiafen	1990-3-12	3.26	3.00	0	24.2	3.1	0	0	0
zhangjiafen	1990-3-13	3.35	3.00	0.7	24.9	0.5	0	0	0
zhangjiafen	1990-3-14	3.11	3.00	0	24.2	4.0	0	0	0
zhangjiafen	1990-3-15	3.14	3.00	0	24.1	0.8	0	0	0
zhangjiafen	1990-3-16	3.08	3.00	0	23.5	3.1	0	0	0
zhangjiafen	1990-3-17	2.97	3.00	0	22.8	4.6	0	0	0
zhangjiafen	1990-3-18	3.08	3.00	0	22.2	3.8	0	0	0
zhangjiafen	1990-3-19	3.21	3.00	0	21.8	2.9	0	0	0
zhangjiafen	1990-3-20	3.18	3.00	5.8	27.0	2.4	0	0	0
zhangjiafen	1990-3-21	3.43	4.85	1.1	27.9	1.5	0	0	0
zhangjiafen	1990-3-22	3.26	5.40	7.7	36.2	0.9	0	0	0
zhangjiafen	1990-3-23	3.29	7.60	0.3	35.6	3.3	0	0	0
zhangjiafen	1990-3-24	3.36	6.25	0	34.4	4.8	0	0	0
zhangjiafen	1990-3-25	3.52	5.40	0	33.4	4.4	0	0	0
zhangjiafen	1990-3-26	3.39	4.50	1.6	34.8	1.8	0	0	0
zhangjiafen	1990-3-27	3.22	4.50	0.5	35.2	0.8	0	0	0
zhangjiafen	1990-3-28	3.07	4.30	0	34.4	3.0	0	0	0
zhangjiafen	1990-3-29	3.16	3.70	0	33.7	3.0	0	0	0
zhangjiafen	1990-3-30	3.32	3.25	2.3	35.5	1.9	0	0	0
zhangjiafen	1990-3-31	3.48	4.60	0	34.4	4.4	0	0	0
zhangjiafen	1990-4-1	3.55	3.95	0.1	33.2	5.5	0	0	0
zhangjiafen	1990-4-2	3.49	3.50	2.0	34.7	1.5	0	0	0
zhangjiafen	1990-4-3	3.48	4.40	0.2	33.8	4.1	0	0	0
zhangjiafen	1990-4-4	3.39	3.75	0	32.7	5.0	0	0	0
zhangjiafen	1990-4-5	3.31	3.20	0	31.2	7.1	0	0	0
zhangjiafen	1990-4-6	3.12	3.00	0.1	29.7	8.0	0	0	0
zhangjiafen	1990-4-7	3.09	3.00	0	28.5	5.7	0	0	0
zhangjiafen	1990-4-8	2.67	3.00	0	27.0	8.0	0	0	0
zhangjiafen	1990-4-9	2.23	3.00	0	25.6	8.0	0	0	0
zhangjiafen	1990-4-10	2.60	3.00	0	24.2	7.9	0	0	0
zhangjiafen	1990-4-11	2.62	3.00	0	23.4	5.4	0	0	0
zhangjiafen	1990-4-12	2.50	3.00	0	22.6	5.0	0	0	0
zhangjiafen	1990-4-13	2.27	3.00	0	22.0	4.0	0	0	0
zhangjiafen	1990-4-14	2.36	3.00	0	21.0	6.9	0	0	0
zhangjiafen	1990-4-15	2.06	3.00	0	19.9	7.6	0	0	0
zhangjiafen	1990-4-16	2.06	3.00	0	19.0	7.0	0	0	0
zhangjiafen	1990-4-17	1.98	3.00	2.5	20.9	4.3	0	0	0
zhangjiafen	1990-4-18	1.65	3.70	5.7	27.3	0.6	0	0	0
zhangjiafen	1990-4-19	1.79	5.80	0.4	26.9	3.5	0	0	0
zhangjiafen	1990-4-20	1.88	5.00	0.9	27.1	6.4	0	0	0
zhangjiafen	1990-4-21	1.92	4.50	1.1	27.2	4.3	0	0	0
zhangjiafen	1990-4-22	1.82	3.95	0	26.6	3.5	0	0	0
zhangjiafen	1990-4-23	1.81	3.15	0	25.9	3.5	0	0	0
zhangjiafen	1990-4-24	1.88	3.00	0	24.9	6.0	0	0	0
zhangjiafen	1990-4-25	1.98	3.00	0	24.1	4.5	0	0	0
zhangjiafen	1990-4-26	2.26	3.00	0	23.0	6.5	0	0	0
zhangjiafen	1990-4-27	2.02	3.00	0	21.8	8.0	0	0	0
zhangjiafen	1990-4-28	1.87	3.00	0	20.6	8.5	0	0	0
zhangjiafen	1990-4-29	1.77	3.00	0.7	21.0	2.8	0	0	0
zhangjiafen	1990-4-30	2.17	3.25	28.7	47.9	0	0	0	0
zhangjiafen	1990-5-1	4.83	10.50	0	46.1	5.5	0	0	0
zhangjiafen	1990-5-2	6.40	10.65	0	44.5	5.0	0	0	0
zhangjiafen	1990-5-3	5.55	9.60	0	42.7	6.0	0	0	0
zhangjiafen	1990-5-4	4.54	8.70	0	40.2	8.7	0	0	0
zhangjiafen	1990-5-5	4.28	7.65	0	39.2	3.6	0	0	0
zhangjiafen	1990-5-6	4.09	6.60	0	37.0	8.5	0	0	0
zhangjiafen	1990-5-7	3.64	5.60	0	34.8	9.0	0	0	0
zhangjiafen	1990-5-8	3.19	4.60	0	32.7	9.0	0	0	0
zhangjiafen	1990-5-9	3.31	3.60	0	30.1	12.2	0	0	0
zhangjiafen	1990-5-10	2.60	3.00	0	28.4	8.5	0	0	0
zhangjiafen	1990-5-11	2.52	3.00	0	26.7	9.0	0	0	0
zhangjiafen	1990-5-12	2.51	3.00	1.5	28.1	3.0	0	0	0
zhangjiafen	1990-5-13	2.74	3.50	0	26.3	10.0	0	0	0
zhangjiafen	1990-5-14	2.42	3.00	0	24.5	10.0	0	0	0
zhangjiafen	1990-5-15	2.10	3.00	0	22.9	10.5	0	0	0
zhangjiafen	1990-5-16	2.72	3.00	0	21.8	6.8	0	0	0
zhangjiafen	1990-5-17	2.09	3.00	0	21.1	5.4	0	0	0
zhangjiafen	1990-5-18	1.95	3.00	0	20.0	7.6	0	0	0
zhangjiafen	1990-5-19	2.08	3.00	0	18.8	9.0	0	0	0
zhangjiafen	1990-5-20	2.17	3.00	0	17.4	12.0	0	0	0
zhangjiafen	1990-5-21	1.86	3.00	0	16.2	10.0	0	0	0
zhangjiafen	1990-5-22	1.76	3.00	0.1	15.2	10.0	0	0	0
zhangjiafen	1990-5-23	1.83	3.00	0	14.4	8.0	0	0	0
zhangjiafen	1990-5-24	1.76	3.00	0.6	15.1	7.0	0	0	0
zhangjiafen	1990-5-25	1.64	3.00	4.1	18.2	1.2	0	0	0
zhangjiafen	1990-5-26	2.21	4.95	0	17.0	10.0	0	0	0
zhangjiafen	1990-5-27	2.23	3.00	0	15.9	10.0	0	0	0
zhangjiafen	1990-5-28	2.41	3.00	9.5	25.3	7.0	0	0	0
zhangjiafen	1990-5-29	3.23	6.05	0.6	24.4	8.0	0	0	0
zhangjiafen	1990-5-30	3.52	5.55	15.8	40.2	1.5	0	0	0
zhangjiafen	1990-5-31	4.11	8.75	0.2	39.5	3.5	0	0	0
zhangjiafen	1990-6-1	4.47	9.35	0	37.1	9.0	0	0	0
zhangjiafen	1990-6-2	4.40	8.20	0	34.7	9.5	0	0	0
zhangjiafen	1990-6-3	3.57	7.00	6.2	42.9	11.4	0	0	0
zhangjiafen	1990-6-4	3.39	9.45	0	40.5	8.5	0	0	0
zhangjiafen	1990-6-5	3.21	8.25	5.3	44.8	9.2	0	0	0
zhangjiafen	1990-6-6	3.33	10.20	7.4	54.4	1.1	0	0	0
zhangjiafen	1990-6-7	3.31	13.35	0.2	53.9	2.0	0	0	0
zhangjiafen	1990-6-8	4.33	12.90	0.7	51.8	8.7	0	0	0
zhangjiafen	1990-6-9	3.98	12.90	0.2	49.5	7.0	0	0	0
zhangjiafen	1990-6-10	3.00	10.90	0.2	47.4	7.0	0	0	0
zhangjiafen	1990-6-11	2.39	9.90	0.4	45.2	8.1	0	0	0
zhangjiafen	1990-6-12	1.93	9.20	1.9	44.5	9.5	0	0	0
zhangjiafen	1990-6-13	1.88	9.45	0.1	42.7	6.2	0	0	0
zhangjiafen	1990-6-14	2.38	7.55	0.1	40.6	7.9	0	0	0
zhangjiafen	1990-6-15	2.33	6.00	0	38.2	9.0	0	0	0
zhangjiafen	1990-6-16	2.19	4.85	0	35.0	13.0	0	0	0
zhangjiafen	1990-6-17	1.97	4.10	0.2	34.2	6.2	0	0	0
zhangjiafen	1990-6-18	2.20	3.80	0	32.2	8.8	0	0	0
zhangjiafen	1990-6-19	2.32	3.30	0.1	29.6	13.1	0	0	0
zhangjiafen	1990-6-20	2.37	3.00	20.9	51.4	3.4	0	0	0
zhangjiafen	1990-6-21	2.84	7.75	3.5	53.3	6.1	0	0	0
zhangjiafen	1990-6-22	3.01	11.30	1.0	53.3	6.0	0	0	0
zhangjiafen	1990-6-23	3.04	12.60	0.2	51.6	6.0	0	0	0
zhangjiafen	1990-6-24	3.54	11.80	0	49.2	7.0	0	0	0
zhangjiafen	1990-6-25	2.84	10.75	0	48.5	2.0	0	0	0
zhangjiafen	1990-6-26	2.89	9.65	1.3	48.2	5.4	0	0	0
zhangjiafen	1990-6-27	2.81	8.65	4.7	51.1	6.9	0	0	0
zhangjiafen	1990-6-28	4.31	11.90	1.5	49.4	7.5	0	0	0
zhangjiafen	1990-6-29	5.55	12.75	0	46.3	9.5	0	0	0
zhangjiafen	1990-6-30	5.53	10.25	1.3	46.1	6.4	0	0	0
zhangjiafen	1990-7-1	4.54	8.00	0.6	46.6	3.5	0	0	0
zhangjiafen	1990-7-2	4.33	7.40	2.9	50.7	4.5	0	0	0
zhangjiafen	1990-7-3	4.68	9.95	0.2	48.0	8.3	0	0	0
zhangjiafen	1990-7-4	16.00	9.85	29.5	79.5	5.7	0	0	0
zhangjiafen	1990-7-5	52.20	29.50	0.8	75.9	7.9	0	0	0
zhangjiafen	1990-7-6	24.90	28.20	35.7	104.5	3.2	0	0	0
zhangjiafen	1990-7-7	141.00	62.10	15.4	113.9	4.9	0	0	0
zhangjiafen	1990-7-8	180.00	78.15	3.1	113.5	5.8	0	0	0
zhangjiafen	1990-7-9	78.70	53.65	6.1	111.1	8.2	0	0	0
zhangjiafen	1990-7-10	61.80	47.45	3.2	110.4	4.3	0	0	0
zhangjiafen	1990-7-11	50.10	33.15	1.2	109.9	3.2	0	0	0
zhangjiafen	1990-7-12	42.20	26.80	14.8	114.0	5.8	0	0	0
zhangjiafen	1990-7-13	58.10	46.45	8.1	119.4	3.9	0	0	0
zhangjiafen	1990-7-14	75.50	50.70	2.3	119.1	5.4	0	0	0
zhangjiafen	1990-7-15	57.30	42.45	6.6	123.3	4.4	0	0	0
zhangjiafen	1990-7-16	57.20	47.90	8.3	123.6	6.7	0	0	0
zhangjiafen	1990-7-17	70.50	53.65	9.5	126.9	6.5	0	0	0
zhangjiafen	1990-7-18	74.90	57.00	1.3	122.7	5.9	0	0	0
zhangjiafen	1990-7-19	59.10	43.45	0.2	118.5	5.3	0	0	0
zhangjiafen	1990-7-20	49.60	30.35	3.7	117.9	4.3	0	0	0
zhangjiafen	1990-7-21	45.40	26.25	0	115.0	3.5	0	0	0
zhangjiafen	1990-7-22	40.60	22.60	0	110.4	6.0	0	0	0
zhangjiafen	1990-7-23	33.30	19.15	0	105.9	6.0	0	0	0
zhangjiafen	1990-7-24	30.50	16.20	0.1	99.1	9.9	0	0	0
zhangjiafen	1990-7-25	25.00	14.95	0.9	98.8	1.9	0	0	0
zhangjiafen	1990-7-26	23.60	15.35	1.2	98.5	1.8	0	0	0
zhangjiafen	1990-7-27	23.50	15.35	3.3	97.4	7.4	0	0	0
zhangjiafen	1990-7-28	27.00	20.65	0.3	93.7	6.0	0	0	0
zhangjiafen	1990-7-29	24.20	18.50	1.6	92.9	4.2	0	0	0
zhangjiafen	1990-7-30	20.90	17.30	4.9	96.9	4.2	0	0	0
zhangjiafen	1990-7-31	19.50	18.95	3.9	96.2	7.1	0	0	0
zhangjiafen	1990-8-1	17.80	22.60	20.2	114.3	2.6	0	0	0
zhangjiafen	1990-8-2	29.80	50.20	0.1	112.5	2.4	0	0	0
zhangjiafen	1990-8-3	25.70	42.30	0.2	108.4	5.8	0	0	0
zhangjiafen	1990-8-4	20.30	31.20	0	103.8	6.4	0	0	0
zhangjiafen	1990-8-5	16.10	23.20	5.4	107.9	6.3	0	0	0
zhangjiafen	1990-8-6	15.60	26.85	9.4	115.4	6.0	0	0	0
zhangjiafen	1990-8-7	31.70	40.45	16.1	122.7	5.5	0	0	0
zhangjiafen	1990-8-8	56.50	67.50	1.3	121.5	5.0	0	0	0
zhangjiafen	1990-8-9	38.30	51.75	6.1	119.2	8.1	0	0	0
zhangjiafen	1990-8-10	39.00	43.40	0.6	117.0	4.7	0	0	0
zhangjiafen	1990-8-11	43.10	34.50	9.7	120.0	2.3	0	0	0
zhangjiafen	1990-8-12	38.70	41.70	0.9	116.4	5.3	0	0	0
zhangjiafen	1990-8-13	32.30	30.15	0	112.8	4.4	0	0	0
zhangjiafen	1990-8-14	28.30	22.80	0.2	108.1	6.4	0	0	0
zhangjiafen	1990-8-15	24.00	19.05	2.3	107.3	3.9	0	0	0
zhangjiafen	1990-8-16	22.50	16.50	0.1	102.6	6.6	0	0	0
zhangjiafen	1990-8-17	21.10	16.95	0.6	99.3	6.5	0	0	0
zhangjiafen	1990-8-18	19.10	17.70	2.8	100.2	4.2	0	0	0
zhangjiafen	1990-8-19	17.90	19.65	0.1	95.7	6.9	0	0	0
zhangjiafen	1990-8-20	17.60	19.10	12.7	103.5	6.0	0	0	0
zhangjiafen	1990-8-21	20.20	32.15	6.1	104.2	6.2	0	0	0
zhangjiafen	1990-8-22	27.60	37.10	0	99.6	6.5	0	0	0
zhangjiafen	1990-8-23	21.40	31.10	0.4	95.9	6.8	0	0	0
zhangjiafen	1990-8-24	16.60	24.05	0	92.1	5.9	0	0	0
zhangjiafen	1990-8-25	15.30	19.95	1.0	88.4	7.4	0	0	0
zhangjiafen	1990-8-26	13.80	16.20	2.6	89.2	2.0	0	0	0
zhangjiafen	1990-8-27	12.90	17.70	15.5	104.4	2.9	0	0	0
zhangjiafen	1990-8-28	19.70	34.10	4.8	105.4	3.8	0	0	0
zhangjiafen	1990-8-29	25.20	42.05	0	101.0	6.1	0	0	0
zhangjiafen	1990-8-30	20.70	30.45	2.3	98.7	7.3	0	0	0
zhangjiafen	1990-8-31	18.70	26.15	0	94.2	6.7	0	0	0
zhangjiafen	1990-9-1	17.20	20.40	0	90.1	6.6	0	0	0
zhangjiafen	1990-9-2	16.60	16.55	7.6	91.1	6.0	0	0	0
zhangjiafen	1990-9-3	24.40	24.65	10.0	98.7	3.1	0	0	0
zhangjiafen	1990-9-4	27.80	28.65	0.1	96.4	3.5	0	0	0
zhangjiafen	1990-9-5	23.50	24.50	0	94.0	3.5	0	0	0
zhangjiafen	1990-9-6	19.60	20.35	0.3	92.4	3.1	0	0	0
zhangjiafen	1990-9-7	17.10	16.85	11.4	102.8	3.0	0	0	0
zhangjiafen	1990-9-8	16.70	26.85	0.1	99.5	4.9	0	0	0
zhangjiafen	1990-9-9	18.30	26.10	0.5	96.5	5.6	0	0	0
zhangjiafen	1990-9-10	16.20	22.80	0	92.9	5.6	0	0	0
zhangjiafen	1990-9-11	15.90	19.25	0.1	89.2	6.2	0	0	0
zhangjiafen	1990-9-12	14.60	15.90	0.9	86.5	6.7	0	0	0
zhangjiafen	1990-9-13	14.60	15.70	10.0	92.5	2.0	0	0	0
zhangjiafen	1990-9-14	24.90	23.80	0.4	89.1	6.0	0	0	0
zhangjiafen	1990-9-15	17.90	21.15	0.1	86.0	5.4	0	0	0
zhangjiafen	1990-9-16	16.10	17.85	6.6	90.0	3.7	0	0	0
zhangjiafen	1990-9-17	17.10	22.05	0.2	87.9	3.7	0	0	0
zhangjiafen	1990-9-18	16.00	19.15	0	84.7	5.3	0	0	0
zhangjiafen	1990-9-19	15.40	16.65	0.3	82.6	4.6	0	0	0
zhangjiafen	1990-9-20	14.60	15.40	1.4	83.8	2.1	0	0	0
zhangjiafen	1990-9-21	14.50	16.15	0	80.8	5.4	0	0	0
zhangjiafen	1990-9-22	13.30	15.25	0	79.2	2.8	0	0	0
zhangjiafen	1990-9-23	12.60	14.30	2.9	79.5	3.5	0	0	0
zhangjiafen	1990-9-24	13.40	14.50	0.7	78.7	5.7	0	0	0
zhangjiafen	1990-9-25	14.20	15.80	4.0	81.8	1.5	0	0	0
zhangjiafen	1990-9-26	14.20	15.60	13.9	93.3	2.9	0	0	0
zhangjiafen	1990-9-27	19.80	30.60	0.6	92.2	4.4	0	0	0
zhangjiafen	1990-9-28	17.20	28.50	0.2	90.2	4.1	0	0	0
zhangjiafen	1990-9-29	15.20	23.45	0	86.6	5.9	0	0	0
zhangjiafen	1990-9-30	13.80	19.40	0.1	83.7	5.4	0	0	0
zhangjiafen	1990-10-1	13.70	15.85	0	80.5	5.7	0	0	0
zhangjiafen	1990-10-2	12.90	14.25	0	77.9	4.8	0	0	0
zhangjiafen	1990-10-3	12.50	13.45	0	75.9	3.6	0	0	0
zhangjiafen	1990-10-4	12.50	12.70	0	73.5	4.6	0	0	0
zhangjiafen	1990-10-5	12.20	12.10	0	70.0	7.3	0	0	0
zhangjiafen	1990-10-6	11.80	11.45	0	67.6	4.9	0	0	0
zhangjiafen	1990-10-7	11.60	10.80	0	65.7	4.2	0	0	0
zhangjiafen	1990-10-8	11.30	10.20	0	63.4	5.2	0	0	0
zhangjiafen	1990-10-9	11.00	9.60	0	61.6	4.2	0	0	0
zhangjiafen	1990-10-10	10.60	9.00	0.1	60.9	1.9	0	0	0
zhangjiafen	1990-10-11	10.60	8.35	0	59.3	3.8	0	0	0
zhangjiafen	1990-10-12	10.00	7.75	0	58.0	3.0	0	0	0
zhangjiafen	1990-10-13	9.56	7.20	0.6	57.3	2.6	0	0	0
zhangjiafen	1990-10-14	9.05	6.80	0	55.9	3.7	0	0	0
zhangjiafen	1990-10-15	8.65	6.45	0.6	55.9	3.0	0	0	0
zhangjiafen	1990-10-16	9.40	6.80	0	54.3	4.1	0	0	0
zhangjiafen	1990-10-17	9.07	6.65	0	52.1	6.0	0	0	0
zhangjiafen	1990-10-18	9.03	6.30	0	50.9	3.5	0	0	0
zhangjiafen	1990-10-19	9.03	5.90	0.1	50.1	2.5	0	0	0
zhangjiafen	1990-10-20	8.80	5.55	0.1	49.3	3.0	0	0	0
zhangjiafen	1990-10-21	8.57	5.35	0.5	49.5	2.5	0	0	0
zhangjiafen	1990-10-22	8.61	5.70	0.2	49.5	1.0	0	0	0
zhangjiafen	1990-10-23	8.80	5.75	0	48.0	4.4	0	0	0
zhangjiafen	1990-10-24	8.76	5.50	0	46.9	3.5	0	0	0
zhangjiafen	1990-10-25	8.54	5.15	0.1	45.6	4.5	0	0	0
zhangjiafen	1990-10-26	8.36	4.85	0	44.5	3.5	0	0	0
zhangjiafen	1990-10-27	8.18	4.50	0	43.6	3.0	0	0	0
zhangjiafen	1990-10-28	8.14	4.15	0	42.7	3.0	0	0	0
zhangjiafen	1990-10-29	8.11	4.00	0	42.0	2.5	0	0	0
zhangjiafen	1990-10-30	7.94	3.80	0	41.4	2.0	0	0	0
zhangjiafen	1990-10-31	7.77	3.65	0	40.2	4.3	0	0	0
zhangjiafen	1990-11-1	7.70	3.45	0	39.3	3.2	0	0	0
zhangjiafen	1990-11-2	7.53	3.20	0	38.6	2.5	0	0	0
zhangjiafen	1990-11-3	7.24	3.00	1.2	39.9	1.5	0	0	0
zhangjiafen	1990-11-4	7.06	3.85	0	39.1	3.0	0	0	0
zhangjiafen	1990-11-5	7.03	3.65	0.8	40.1	2.0	0	0	0
zhangjiafen	1990-11-6	7.03	4.35	0.1	39.1	4.0	0	0	0
zhangjiafen	1990-11-7	7.03	4.10	1.6	40.0	4.8	0	0	0
zhangjiafen	1990-11-8	7.03	5.10	0	39.0	3.4	0	0	0
zhangjiafen	1990-11-9	7.00	4.80	0	38.3	2.5	0	0	0
zhangjiafen	1990-11-10	6.71	4.20	0	37.8	2.0	0	0	0
zhangjiafen	1990-11-11	6.68	3.70	0	37.0	3.2	0	0	0
zhangjiafen	1990-11-12	6.52	3.30	0	36.0	3.8	0	0	0
zhangjiafen	1990-11-13	6.35	3.00	0.1	35.3	3.2	0	0	0
zhangjiafen	1990-11-14	6.20	3.05	0	34.7	2.3	0	0	0
zhangjiafen	1990-11-15	6.04	3.00	0	34.1	2.7	0	0	0
zhangjiafen	1990-11-16	6.04	3.00	0	33.6	2.1	0	0	0
zhangjiafen	1990-11-17	6.04	3.00	0	33.2	1.6	0	0	0
zhangjiafen	1990-11-18	6.07	3.00	0	32.8	1.7	0	0	0
zhangjiafen	1990-11-19	6.17	3.00	0	31.6	5.3	0	0	0
zhangjiafen	1990-11-20	6.04	3.00	0	31.1	2.4	0	0	0
zhangjiafen	1990-11-21	6.02	3.00	0	30.1	4.6	0	0	0
zhangjiafen	1990-11-22	5.81	3.00	0	29.4	3.6	0	0	0
zhangjiafen	1990-11-23	6.02	3.00	0.1	28.9	3.2	0	0	0
zhangjiafen	1990-11-24	6.20	3.00	0	28.4	2.6	0	0	0
zhangjiafen	1990-11-25	6.20	3.00	0	28.0	2.1	0	0	0
zhangjiafen	1990-11-26	6.04	3.00	0	27.7	1.3	0	0	0
zhangjiafen	1990-11-27	6.04	3.00	0.1	27.6	0.8	0	0	0
zhangjiafen	1990-11-28	6.04	3.00	0.5	27.6	1.9	0	0	0
zhangjiafen	1990-11-29	5.93	3.00	0.6	28.0	1.8	0	0	0
zhangjiafen	1990-11-30	5.42	3.15	0	27.8	1.2	0	0	0
zhangjiafen	1990-12-1	5.01	3.00	0	27.5	1.4	0	0	0
zhangjiafen	1990-12-2	4.78	3.00	0	27.2	1.1	0	0	0
zhangjiafen	1990-12-3	4.71	3.00	0	27.0	1.3	0	0	0
zhangjiafen	1990-12-4	4.66	3.00	0	26.8	0.8	0	0	0
zhangjiafen	1990-12-5	4.62	3.00	0	26.6	1.1	0	0	0
zhangjiafen	1990-12-6	4.57	3.00	0	26.4	1.0	0	0	0
zhangjiafen	1990-12-7	4.46	3.00	0	26.2	1.0	0	0	0
zhangjiafen	1990-12-8	4.30	3.00	0	26.1	0.3	0	0	0
zhangjiafen	1990-12-9	4.02	3.00	0.1	26.0	0.7	0	0	0
zhangjiafen	1990-12-10	3.77	3.00	0	25.9	0.5	0	0	0
zhangjiafen	1990-12-11	3.69	3.00	0	25.8	0.5	0	0	0
zhangjiafen	1990-12-12	3.64	3.00	0	25.7	1.0	0	0	0
zhangjiafen	1990-12-13	3.62	3.00	0	25.5	0.8	0	0	0
zhangjiafen	1990-12-14	3.60	3.00	0	25.4	0.8	0	0	0
zhangjiafen	1990-12-15	3.58	3.00	0	25.3	0.5	0	0	0
zhangjiafen	1990-12-16	3.56	3.00	0	25.2	0.3	0	0	0
zhangjiafen	1990-12-17	3.55	3.00	0	25.1	0.3	0	0	0
zhangjiafen	1990-12-18	3.53	3.00	0	25.0	0.4	0	0	0
zhangjiafen	1990-12-19	3.51	3.00	0	24.9	0.5	0	0	0
zhangjiafen	1990-12-20	3.50	3.00	0.1	24.9	1.5	0	0	0
zhangjiafen	1990-12-21	3.48	3.00	0	24.5	2.0	0	0	0
zhangjiafen	1990-12-22	3.46	3.00	0	24.3	1.5	0	0	0
zhangjiafen	1990-12-23	3.44	3.00	0	24.1	0.9	0	0	0
zhangjiafen	1990-12-24	3.47	3.00	0	23.9	1.3	0	0	0
zhangjiafen	1990-12-25	3.50	3.00	0	23.7	1.2	0	0	0
zhangjiafen	1990-12-26	3.53	3.00	0	23.5	0.9	0	0	0
zhangjiafen	1990-12-27	3.56	3.00	0	23.4	0.5	0	0	0
zhangjiafen	1990-12-28	3.59	3.00	0	23.3	0.6	0	0	0
zhangjiafen	1990-12-29	3.62	3.00	0	23.2	0.6	0	0	0
zhangjiafen	1990-12-30	3.65	3.00	0	23.1	0.5	0	0	0
zhangjiafen	1990-12-31	3.68	3.00	0	22.8	1.6	0	0	0
