zhangjiafen	1987-1-1	3.57	0.60	3.1	32.8	0	0	0	0
zhangjiafen	1987-1-2	3.50	0.60	0	32.7	0.6	0	0	0
zhangjiafen	1987-1-3	3.41	1.85	0	32.5	0.4	0	0	0
zhangjiafen	1987-1-4	3.32	3.00	0	32.4	0.3	0	0	0
zhangjiafen	1987-1-5	3.22	3.00	0	32.3	0.6	0	0	0
zhangjiafen	1987-1-6	3.12	3.00	0	32.1	0.7	0	0	0
zhangjiafen	1987-1-7	3.15	3.00	0	31.8	1.2	0	0	0
zhangjiafen	1987-1-8	3.20	3.00	0	31.5	1.5	0	0	0
zhangjiafen	1987-1-9	3.31	3.00	0	31.3	0.4	0	0	0
zhangjiafen	1987-1-10	3.44	3.00	0.4	31.8	0	0	0	0
zhangjiafen	1987-1-11	3.58	3.10	0	31.7	0.5	0	0	0
zhangjiafen	1987-1-12	3.50	3.00	0	31.5	0.7	0	0	0
zhangjiafen	1987-1-13	3.37	3.00	0	31.3	0.9	0	0	0
zhangjiafen	1987-1-14	3.25	3.00	0	31.0	0.9	0	0	0
zhangjiafen	1987-1-15	3.11	3.00	0	30.8	1.1	0	0	0
zhangjiafen	1987-1-16	2.96	3.00	0	30.5	1.1	0	0	0
zhangjiafen	1987-1-17	2.80	3.00	0	30.1	1.7	0	0	0
zhangjiafen	1987-1-18	2.85	3.00	0	29.8	1.2	0	0	0
zhangjiafen	1987-1-19	2.90	3.00	0.1	29.7	1.1	0	0	0
zhangjiafen	1987-1-20	2.98	3.00	0	29.5	0.7	0	0	0
zhangjiafen	1987-1-21	3.07	3.00	0	29.4	0.3	0	0	0
zhangjiafen	1987-1-22	3.17	3.00	0	29.1	1.3	0	0	0
zhangjiafen	1987-1-23	3.27	3.00	0	28.8	1.8	0	0	0
zhangjiafen	1987-1-24	3.40	3.00	0	28.4	1.8	0	0	0
zhangjiafen	1987-1-25	3.52	3.00	0	28.0	1.6	0	0	0
zhangjiafen	1987-1-26	3.65	3.00	0	27.6	2.1	0	0	0
zhangjiafen	1987-1-27	3.74	3.00	0	27.3	1.6	0	0	0
zhangjiafen	1987-1-28	3.65	3.00	0	26.9	1.9	0	0	0
zhangjiafen	1987-1-29	3.48	3.00	0	26.5	1.9	0	0	0
zhangjiafen	1987-1-30	3.31	3.00	0	26.2	1.6	0	0	0
zhangjiafen	1987-1-31	3.11	3.00	0	26.0	0.9	0	0	0
zhangjiafen	1987-2-1	2.86	3.00	0	26.0	0	0	0	0
zhangjiafen	1987-2-2	2.62	3.00	0	25.9	0	0	0	0
zhangjiafen	1987-2-3	2.52	3.00	0	25.9	0	0	0	0
zhangjiafen	1987-2-4	5.40	3.00	0	25.6	1.4	0	0	0
zhangjiafen	1987-2-5	4.47	3.00	0	25.2	2.1	0	0	0
zhangjiafen	1987-2-6	5.40	3.00	0	24.7	2.7	0	0	0
zhangjiafen	1987-2-7	4.24	3.00	0	24.2	3.2	0	0	0
zhangjiafen	1987-2-8	4.70	3.00	0	23.8	1.9	0	0	0
zhangjiafen	1987-2-9	4.94	3.00	0	23.4	2.2	0	0	0
zhangjiafen	1987-2-10	5.17	3.00	0	23.1	1.9	0	0	0
zhangjiafen	1987-2-11	4.70	3.00	0.1	22.8	2.0	0	0	0
zhangjiafen	1987-2-12	4.70	3.00	1.2	24.0	0.2	0	0	0
zhangjiafen	1987-2-13	4.47	3.25	0	24.0	0.2	0	0	0
zhangjiafen	1987-2-14	4.03	3.00	0.3	24.0	1.9	0	0	0
zhangjiafen	1987-2-15	4.24	3.00	0.1	24.0	0.6	0	0	0
zhangjiafen	1987-2-16	4.03	3.00	0.4	24.3	0.3	0	0	0
zhangjiafen	1987-2-17	4.47	3.00	0	24.2	0.6	0	0	0
zhangjiafen	1987-2-18	4.70	3.00	0	23.9	1.4	0	0	0
zhangjiafen	1987-2-19	2.68	3.00	0	23.7	0.9	0	0	0
zhangjiafen	1987-2-20	2.47	3.00	0	23.4	1.7	0	0	0
zhangjiafen	1987-2-21	2.76	3.00	0	23.2	1.5	0	0	0
zhangjiafen	1987-2-22	3.04	3.00	0	22.7	3.0	0	0	0
zhangjiafen	1987-2-23	3.33	3.00	0	22.2	2.8	0	0	0
zhangjiafen	1987-2-24	3.59	3.00	0	22.0	1.3	0	0	0
zhangjiafen	1987-2-25	3.82	3.00	0	21.8	1.6	0	0	0
zhangjiafen	1987-2-26	4.07	3.00	0	21.3	2.6	0	0	0
zhangjiafen	1987-2-27	4.28	3.00	0	20.9	3.4	0	0	0
zhangjiafen	1987-2-28	4.46	3.00	0	20.3	4.0	0	0	0
zhangjiafen	1987-3-1	4.60	3.00	0	19.9	2.9	0	0	0
zhangjiafen	1987-3-2	4.69	3.00	0	19.6	2.2	0	0	0
zhangjiafen	1987-3-3	4.70	3.00	0	19.4	1.4	0	0	0
zhangjiafen	1987-3-4	4.70	3.00	0	18.9	3.8	0	0	0
zhangjiafen	1987-3-5	5.17	3.00	0	18.5	2.8	0	0	0
zhangjiafen	1987-3-6	4.24	3.00	0	18.2	2.0	0	0	0
zhangjiafen	1987-3-7	4.47	3.00	0	18.0	1.7	0	0	0
zhangjiafen	1987-3-8	4.24	3.00	0	17.8	1.5	0	0	0
zhangjiafen	1987-3-9	4.19	3.00	1.4	18.7	5.0	0	0	0
zhangjiafen	1987-3-10	4.14	3.40	0	18.4	2.2	0	0	0
zhangjiafen	1987-3-11	4.09	3.00	0	18.2	1.8	0	0	0
zhangjiafen	1987-3-12	4.04	3.00	0.1	18.1	1.0	0	0	0
zhangjiafen	1987-3-13	3.99	3.00	0	17.8	2.6	0	0	0
zhangjiafen	1987-3-14	3.94	3.00	0	17.4	2.6	0	0	0
zhangjiafen	1987-3-15	3.94	3.00	0	16.9	4.0	0	0	0
zhangjiafen	1987-3-16	4.18	3.00	0.8	17.9	0	0	0	0
zhangjiafen	1987-3-17	4.18	3.00	0	17.9	0	0	0	0
zhangjiafen	1987-3-18	3.74	3.00	0	17.9	0	0	0	0
zhangjiafen	1987-3-19	3.74	3.00	0.5	18.6	0	0	0	0
zhangjiafen	1987-3-20	3.94	3.10	0	18.3	2.0	0	0	0
zhangjiafen	1987-3-21	3.94	3.00	0	18.0	2.2	0	0	0
zhangjiafen	1987-3-22	3.54	3.00	0	17.8	1.7	0	0	0
zhangjiafen	1987-3-23	3.94	3.00	0.5	18.0	1.4	0	0	0
zhangjiafen	1987-3-24	3.74	3.00	0	17.7	2.3	0	0	0
zhangjiafen	1987-3-25	4.18	3.00	0	17.3	2.8	0	0	0
zhangjiafen	1987-3-26	3.74	3.00	0.1	16.8	4.5	0	0	0
zhangjiafen	1987-3-27	4.18	3.00	0	16.4	4.0	0	0	0
zhangjiafen	1987-3-28	3.74	3.00	0.2	16.0	4.0	0	0	0
zhangjiafen	1987-3-29	7.09	3.00	4.2	21.6	0.7	0	0	0
zhangjiafen	1987-3-30	8.34	4.45	0	21.3	2.3	0	0	0
zhangjiafen	1987-3-31	7.51	3.00	0	21.1	0.9	0	0	0
zhangjiafen	1987-4-1	7.92	3.00	0	20.8	2.0	0	0	0
zhangjiafen	1987-4-2	7.92	3.00	0	20.3	3.2	0	0	0
zhangjiafen	1987-4-3	8.34	3.00	0	19.6	5.3	0	0	0
zhangjiafen	1987-4-4	7.51	3.00	0	19.6	0	0	0	0
zhangjiafen	1987-4-5	5.45	3.00	0	18.3	9.6	0	0	0
zhangjiafen	1987-4-6	5.15	3.00	0	17.9	3.6	0	0	0
zhangjiafen	1987-4-7	4.91	3.00	0	17.0	6.8	0	0	0
zhangjiafen	1987-4-8	4.42	3.00	0.2	16.5	6.7	0	0	0
zhangjiafen	1987-4-9	4.18	3.00	7.1	24.5	1.2	0	0	0
zhangjiafen	1987-4-10	4.91	5.10	0.1	23.9	4.3	0	0	0
zhangjiafen	1987-4-11	4.42	3.80	0	22.9	5.8	0	0	0
zhangjiafen	1987-4-12	3.94	3.00	0	22.2	4.8	0	0	0
zhangjiafen	1987-4-13	4.18	3.00	0	21.6	4.1	0	0	0
zhangjiafen	1987-4-14	3.94	3.00	0	20.8	5.1	0	0	0
zhangjiafen	1987-4-15	3.94	3.00	1.1	21.3	2.3	0	0	0
zhangjiafen	1987-4-16	3.33	3.50	0	20.5	5.2	0	0	0
zhangjiafen	1987-4-17	3.74	3.00	11.7	36.0	0.1	0	0	0
zhangjiafen	1987-4-18	3.74	5.20	0.4	35.7	2.7	0	0	0
zhangjiafen	1987-4-19	4.67	7.45	0.5	35.7	2.0	0	0	0
zhangjiafen	1987-4-20	4.18	6.15	0	35.2	1.7	0	0	0
zhangjiafen	1987-4-21	4.18	5.10	0	33.9	5.9	0	0	0
zhangjiafen	1987-4-22	12.50	4.20	0	32.4	6.2	0	0	0
zhangjiafen	1987-4-23	13.10	3.40	0	30.7	8.0	0	0	0
zhangjiafen	1987-4-24	11.90	3.00	8.2	36.7	1.6	0	0	0
zhangjiafen	1987-4-25	6.06	5.10	0	35.5	4.9	0	0	0
zhangjiafen	1987-4-26	5.15	5.60	0	33.8	7.0	0	0	0
zhangjiafen	1987-4-27	3.94	4.75	0	33.8	0	0	0	0
zhangjiafen	1987-4-28	3.33	3.90	0	33.7	0	0	0	0
zhangjiafen	1987-4-29	2.93	3.25	0	33.7	0	0	0	0
zhangjiafen	1987-4-30	2.52	3.00	0.2	31.6	10.8	0	0	0
zhangjiafen	1987-5-1	2.52	3.00	1.7	33.3	0	0	0	0
zhangjiafen	1987-5-2	2.35	3.80	0	33.2	0	0	0	0
zhangjiafen	1987-5-3	3.33	3.25	0	33.2	0	0	0	0
zhangjiafen	1987-5-4	3.54	3.00	0	30.8	10.9	0	0	0
zhangjiafen	1987-5-5	3.94	3.00	0.1	29.0	9.2	0	0	0
zhangjiafen	1987-5-6	3.54	3.00	0.1	27.5	8.5	0	0	0
zhangjiafen	1987-5-7	3.74	3.00	0	25.9	9.0	0	0	0
zhangjiafen	1987-5-8	3.94	3.00	0.2	24.9	7.3	0	0	0
zhangjiafen	1987-5-9	3.74	3.00	0	23.5	9.0	0	0	0
zhangjiafen	1987-5-10	2.93	3.00	1.3	23.4	7.0	0	0	0
zhangjiafen	1987-5-11	3.54	3.35	0	22.4	6.5	0	0	0
zhangjiafen	1987-5-12	3.13	3.00	0	20.8	11.1	0	0	0
zhangjiafen	1987-5-13	2.93	3.00	0	19.6	8.8	0	0	0
zhangjiafen	1987-5-14	2.72	3.00	0	18.4	8.9	0	0	0
zhangjiafen	1987-5-15	2.93	3.00	2.3	19.8	8.1	0	0	0
zhangjiafen	1987-5-16	3.13	3.55	1.7	21.6	5.0	0	0	0
zhangjiafen	1987-5-17	3.13	3.85	0.3	20.9	7.4	0	0	0
zhangjiafen	1987-5-18	2.93	3.15	0.4	20.8	6.0	0	0	0
zhangjiafen	1987-5-19	2.93	3.05	0.2	19.5	10.4	0	0	0
zhangjiafen	1987-5-20	3.13	3.00	2.4	22.5	8.8	0	0	0
zhangjiafen	1987-5-21	2.93	3.90	4.1	25.9	6.3	0	0	0
zhangjiafen	1987-5-22	3.13	5.45	3.7	27.1	6.8	0	0	0
zhangjiafen	1987-5-23	4.67	6.35	7.4	32.3	8.0	0	0	0
zhangjiafen	1987-5-24	4.91	8.05	0.3	31.6	6.5	0	0	0
zhangjiafen	1987-5-25	4.67	6.30	0.3	30.7	5.0	0	0	0
zhangjiafen	1987-5-26	4.18	4.80	0	28.6	10.4	0	0	0
zhangjiafen	1987-5-27	3.94	3.70	0	26.7	10.4	0	0	0
zhangjiafen	1987-5-28	3.33	3.00	0	25.3	7.9	0	0	0
zhangjiafen	1987-5-29	2.72	3.00	0.4	24.2	8.1	0	0	0
zhangjiafen	1987-5-30	2.93	3.10	15.5	35.6	4.3	0	0	0
zhangjiafen	1987-5-31	5.45	5.95	3.8	40.6	3.8	0	0	0
zhangjiafen	1987-6-1	5.45	8.55	0.7	40.6	6.1	0	0	0
zhangjiafen	1987-6-2	5.76	8.40	0	37.6	11.2	0	0	0
zhangjiafen	1987-6-3	4.91	7.45	0	35.1	10.0	0	0	0
zhangjiafen	1987-6-4	5.45	6.30	0.6	33.2	9.4	0	0	0
zhangjiafen	1987-6-5	6.06	6.60	20.7	51.4	3.0	0	0	0
zhangjiafen	1987-6-6	7.51	11.70	0	48.5	8.4	0	0	0
zhangjiafen	1987-6-7	7.51	12.05	0	45.7	8.7	0	0	0
zhangjiafen	1987-6-8	8.34	10.60	0	42.5	10.3	0	0	0
zhangjiafen	1987-6-9	8.76	9.40	0.1	39.9	9.7	0	0	0
zhangjiafen	1987-6-10	9.27	8.15	0.2	38.4	6.2	0	0	0
zhangjiafen	1987-6-11	8.34	6.90	1.0	38.3	4.1	0	0	0
zhangjiafen	1987-6-12	8.34	5.70	0	35.7	10.2	0	0	0
zhangjiafen	1987-6-13	7.92	4.60	0	33.1	11.1	0	0	0
zhangjiafen	1987-6-14	7.92	3.75	0	31.7	6.0	0	0	0
zhangjiafen	1987-6-15	8.34	3.15	0.4	30.9	8.4	0	0	0
zhangjiafen	1987-6-16	7.51	3.10	6.2	35.1	8.0	0	0	0
zhangjiafen	1987-6-17	5.76	5.20	11.6	44.9	10.0	0	0	0
zhangjiafen	1987-6-18	6.37	9.75	3.8	46.1	10.0	0	0	0
zhangjiafen	1987-6-19	9.78	13.00	0.1	43.6	8.5	0	0	0
zhangjiafen	1987-6-20	7.92	11.60	0	40.9	9.5	0	0	0
zhangjiafen	1987-6-21	5.15	10.20	0.4	40.7	3.4	0	0	0
zhangjiafen	1987-6-22	4.18	9.50	22.7	60.2	4.5	0	0	0
zhangjiafen	1987-6-23	4.67	17.10	1.7	60.9	2.2	0	0	0
zhangjiafen	1987-6-24	9.27	17.70	0.7	58.8	6.8	0	0	0
zhangjiafen	1987-6-25	6.67	15.55	0.3	57.8	3.4	0	0	0
zhangjiafen	1987-6-26	5.45	13.80	4.1	59.9	6.2	0	0	0
zhangjiafen	1987-6-27	6.06	15.85	4.6	59.5	9.7	0	0	0
zhangjiafen	1987-6-28	6.06	15.75	2.4	61.8	0	0	0	0
zhangjiafen	1987-6-29	6.67	15.75	0.1	59.1	6.6	0	0	0
zhangjiafen	1987-6-30	5.76	13.85	0.8	57.1	6.5	0	0	0
zhangjiafen	1987-7-1	5.45	12.35	12.0	64.5	6.0	0	0	0
zhangjiafen	1987-7-2	8.76	19.30	0.3	62.1	6.2	0	0	0
zhangjiafen	1987-7-3	8.76	16.85	5.1	69.7	7.8	0	0	0
zhangjiafen	1987-7-4	6.67	18.90	7.0	71.5	8.6	0	0	0
zhangjiafen	1987-7-5	20.80	22.50	0	67.8	7.7	0	0	0
zhangjiafen	1987-7-6	12.50	18.95	0.1	64.4	7.9	0	0	0
zhangjiafen	1987-7-7	8.34	15.65	1.1	62.5	6.0	0	0	0
zhangjiafen	1987-7-8	5.76	15.20	0.3	59.3	8.7	0	0	0
zhangjiafen	1987-7-9	5.15	13.55	20.4	78.5	3.5	0	0	0
zhangjiafen	1987-7-10	6.37	23.90	0	74.9	6.8	0	0	0
zhangjiafen	1987-7-11	8.34	21.85	1.1	70.2	10.4	0	0	0
zhangjiafen	1987-7-12	7.09	19.20	0.3	67.0	7.4	0	0	0
zhangjiafen	1987-7-13	5.76	15.75	4.5	69.5	5.5	0	0	0
zhangjiafen	1987-7-14	5.45	15.65	15.6	74.5	12.8	0	0	0
zhangjiafen	1987-7-15	13.30	26.70	4.3	77.1	0.7	0	0	0
zhangjiafen	1987-7-16	19.20	27.55	0.1	73.8	7.2	0	0	0
zhangjiafen	1987-7-17	11.30	19.80	0	69.3	9.0	0	0	0
zhangjiafen	1987-7-18	8.34	16.00	0.2	66.1	8.0	0	0	0
zhangjiafen	1987-7-19	7.09	13.25	17.8	80.9	10.4	0	0	0
zhangjiafen	1987-7-20	7.09	21.90	7.4	87.8	4.1	0	0	0
zhangjiafen	1987-7-21	19.60	32.05	2.4	86.0	6.7	0	0	0
zhangjiafen	1987-7-22	15.00	31.90	0.3	82.8	6.5	0	0	0
zhangjiafen	1987-7-23	10.80	23.95	0	78.2	8.3	0	0	0
zhangjiafen	1987-7-24	13.10	19.55	0	75.1	5.8	0	0	0
zhangjiafen	1987-7-25	12.50	15.75	0	71.8	6.6	0	0	0
zhangjiafen	1987-7-26	10.80	13.15	1.2	69.0	7.5	0	0	0
zhangjiafen	1987-7-27	7.92	13.45	0	66.0	6.4	0	0	0
zhangjiafen	1987-7-28	6.37	11.85	0.2	62.7	8.0	0	0	0
zhangjiafen	1987-7-29	6.67	10.65	0	59.8	6.7	0	0	0
zhangjiafen	1987-7-30	5.45	9.70	1.4	57.5	7.5	0	0	0
zhangjiafen	1987-7-31	5.15	9.85	11.2	67.8	10.4	0	0	0
zhangjiafen	1987-8-1	8.91	18.60	10.4	76.2	4.3	0	0	0
zhangjiafen	1987-8-2	18.50	25.35	17.5	88.5	6.4	0	0	0
zhangjiafen	1987-8-3	14.30	32.10	8.0	94.1	2.1	0	0	0
zhangjiafen	1987-8-4	16.30	41.70	0	89.9	6.5	0	0	0
zhangjiafen	1987-8-5	13.70	32.25	2.5	90.7	6.4	0	0	0
zhangjiafen	1987-8-6	10.80	27.35	15.4	103.4	2.3	0	0	0
zhangjiafen	1987-8-7	25.80	39.55	1.8	102.1	5.0	0	0	0
zhangjiafen	1987-8-8	19.20	35.95	0.2	98.8	5.3	0	0	0
zhangjiafen	1987-8-9	14.30	27.45	1.5	96.0	8.1	0	0	0
zhangjiafen	1987-8-10	10.30	23.70	2.1	93.3	7.0	0	0	0
zhangjiafen	1987-8-11	9.27	21.30	0	90.9	3.8	0	0	0
zhangjiafen	1987-8-12	9.27	18.35	1.2	89.1	4.8	0	0	0
zhangjiafen	1987-8-13	9.78	18.45	17.3	99.3	2.8	0	0	0
zhangjiafen	1987-8-14	19.70	33.80	18.7	115.7	0.8	0	0	0
zhangjiafen	1987-8-15	40.60	62.75	7.0	123.0	4.2	0	0	0
zhangjiafen	1987-8-16	46.20	62.70	4.3	123.2	4.6	0	0	0
zhangjiafen	1987-8-17	63.70	52.20	2.4	120.0	5.9	0	0	0
zhangjiafen	1987-8-18	56.70	43.35	6.5	122.7	4.5	0	0	0
zhangjiafen	1987-8-19	45.60	37.85	7.9	124.6	4.6	0	0	0
zhangjiafen	1987-8-20	73.80	50.45	1.0	121.8	6.9	0	0	0
zhangjiafen	1987-8-21	47.10	41.60	2.1	117.9	6.8	0	0	0
zhangjiafen	1987-8-22	38.60	32.00	7.0	121.7	5.9	0	0	0
zhangjiafen	1987-8-23	40.00	43.10	11.3	129.1	3.4	0	0	0
zhangjiafen	1987-8-24	42.70	60.60	5.3	127.9	6.2	0	0	0
zhangjiafen	1987-8-25	51.50	56.85	2.9	124.3	6.2	0	0	0
zhangjiafen	1987-8-26	44.10	42.85	21.7	136.9	3.4	0	0	0
zhangjiafen	1987-8-27	65.80	80.40	0.2	126.7	11.5	0	0	0
zhangjiafen	1987-8-28	69.50	57.75	1.1	124.1	5.5	0	0	0
zhangjiafen	1987-8-29	63.90	41.05	0.9	120.1	6.0	0	0	0
zhangjiafen	1987-8-30	53.20	31.55	0.9	117.3	5.4	0	0	0
zhangjiafen	1987-8-31	51.50	27.70	0.5	113.6	5.4	0	0	0
zhangjiafen	1987-9-1	45.60	23.95	6.4	115.9	3.9	0	0	0
zhangjiafen	1987-9-2	41.30	23.00	5.3	117.9	2.3	0	0	0
zhangjiafen	1987-9-3	46.20	32.90	28.7	140.0	1.2	0	0	0
zhangjiafen	1987-9-4	73.50	89.70	0.5	135.4	5.2	0	0	0
zhangjiafen	1987-9-5	83.70	67.10	10.7	139.1	5.9	0	0	0
zhangjiafen	1987-9-6	85.90	61.60	0.8	137.9	2.0	0	0	0
zhangjiafen	1987-9-7	77.50	47.60	1.1	134.2	5.0	0	0	0
zhangjiafen	1987-9-8	63.90	38.00	0.2	128.9	6.0	0	0	0
zhangjiafen	1987-9-9	62.10	29.15	0	125.0	4.5	0	0	0
zhangjiafen	1987-9-10	56.70	22.40	0	122.5	2.8	0	0	0
zhangjiafen	1987-9-11	50.00	18.45	0	119.4	3.6	0	0	0
zhangjiafen	1987-9-12	44.10	16.65	0.6	116.7	4.2	0	0	0
zhangjiafen	1987-9-13	41.30	16.85	0.2	112.3	5.9	0	0	0
zhangjiafen	1987-9-14	37.20	17.05	1.1	109.0	5.6	0	0	0
zhangjiafen	1987-9-15	33.50	17.75	0	105.4	5.0	0	0	0
zhangjiafen	1987-9-16	31.00	16.20	0.1	103.7	2.6	0	0	0
zhangjiafen	1987-9-17	28.90	15.35	0.9	102.2	3.6	0	0	0
zhangjiafen	1987-9-18	27.90	15.90	0	99.1	4.5	0	0	0
zhangjiafen	1987-9-19	25.80	15.20	0	95.7	5.1	0	0	0
zhangjiafen	1987-9-20	24.10	14.55	0	90.8	7.6	0	0	0
zhangjiafen	1987-9-21	21.50	14.10	0	87.5	5.4	0	0	0
zhangjiafen	1987-9-22	20.70	13.65	0	84.8	4.5	0	0	0
zhangjiafen	1987-9-23	19.20	13.25	14.4	100.2	4.1	0	0	0
zhangjiafen	1987-9-24	23.20	25.90	0.5	96.8	5.5	0	0	0
zhangjiafen	1987-9-25	26.80	28.40	0	93.3	5.3	0	0	0
zhangjiafen	1987-9-26	22.40	24.05	0	90.3	4.8	0	0	0
zhangjiafen	1987-9-27	19.20	19.95	0	87.4	4.6	0	0	0
zhangjiafen	1987-9-28	17.70	16.15	1.6	88.8	1.4	0	0	0
zhangjiafen	1987-9-29	17.00	15.15	0	86.4	3.9	0	0	0
zhangjiafen	1987-9-30	16.30	14.75	0	83.3	5.3	0	0	0
zhangjiafen	1987-10-1	15.00	14.20	0	80.3	5.4	0	0	0
zhangjiafen	1987-10-2	15.00	13.55	0	77.2	5.7	0	0	0
zhangjiafen	1987-10-3	14.30	12.80	0	74.7	4.8	0	0	0
zhangjiafen	1987-10-4	13.70	12.05	0.4	72.3	6.3	0	0	0
zhangjiafen	1987-10-5	13.70	11.55	1.0	72.6	3.9	0	0	0
zhangjiafen	1987-10-6	13.10	12.65	0	69.6	6.2	0	0	0
zhangjiafen	1987-10-7	12.50	12.25	0	67.7	4.1	0	0	0
zhangjiafen	1987-10-8	11.90	11.65	0	65.8	4.1	0	0	0
zhangjiafen	1987-10-9	11.90	11.10	0	64.9	1.9	0	0	0
zhangjiafen	1987-10-10	11.30	10.50	0.4	64.3	3.8	0	0	0
zhangjiafen	1987-10-11	11.30	10.35	0.2	62.9	3.6	0	0	0
zhangjiafen	1987-10-12	11.30	10.00	0	61.3	3.8	0	0	0
zhangjiafen	1987-10-13	10.80	9.40	0	60.1	2.9	0	0	0
zhangjiafen	1987-10-14	10.80	8.85	0	59.1	2.2	0	0	0
zhangjiafen	1987-10-15	10.30	8.30	0.1	57.3	4.9	0	0	0
zhangjiafen	1987-10-16	10.80	8.00	1.0	57.8	1.3	0	0	0
zhangjiafen	1987-10-17	10.80	7.70	0.2	57.2	2.7	0	0	0
zhangjiafen	1987-10-18	10.80	7.50	0	55.9	3.4	0	0	0
zhangjiafen	1987-10-19	10.30	7.25	0	54.7	3.1	0	0	0
zhangjiafen	1987-10-20	10.30	6.95	0	53.8	2.5	0	0	0
zhangjiafen	1987-10-21	9.78	6.60	0	52.8	2.7	0	0	0
zhangjiafen	1987-10-22	9.78	6.25	0	51.8	2.7	0	0	0
zhangjiafen	1987-10-23	8.76	5.90	0	50.8	2.7	0	0	0
zhangjiafen	1987-10-24	9.27	5.60	0	49.5	3.7	0	0	0
zhangjiafen	1987-10-25	8.76	5.30	0.4	48.7	3.3	0	0	0
zhangjiafen	1987-10-26	8.76	5.50	0	47.7	2.8	0	0	0
zhangjiafen	1987-10-27	8.76	5.55	0	46.6	3.5	0	0	0
zhangjiafen	1987-10-28	9.27	5.20	0	45.7	2.9	0	0	0
zhangjiafen	1987-10-29	8.76	4.80	0	44.4	4.0	0	0	0
zhangjiafen	1987-10-30	7.51	4.45	0	43.7	2.5	0	0	0
zhangjiafen	1987-10-31	6.67	4.20	4.2	46.8	2.5	0	0	0
zhangjiafen	1987-11-1	8.34	6.45	0	46.2	1.7	0	0	0
zhangjiafen	1987-11-2	8.34	6.10	0.2	45.5	2.6	0	0	0
zhangjiafen	1987-11-3	8.76	5.85	0	44.8	2.0	0	0	0
zhangjiafen	1987-11-4	7.51	5.35	0	44.2	2.0	0	0	0
zhangjiafen	1987-11-5	7.92	4.80	0	43.8	1.3	0	0	0
zhangjiafen	1987-11-6	7.09	4.40	0	43.0	2.6	0	0	0
zhangjiafen	1987-11-7	8.34	4.05	0	42.4	2.0	0	0	0
zhangjiafen	1987-11-8	7.51	3.90	0	41.7	2.2	0	0	0
zhangjiafen	1987-11-9	7.09	3.75	0	41.4	1.1	0	0	0
zhangjiafen	1987-11-10	7.51	3.55	0.2	40.8	2.8	0	0	0
zhangjiafen	1987-11-11	6.67	3.60	0	39.7	3.9	0	0	0
zhangjiafen	1987-11-12	6.67	3.35	0	38.9	3.0	0	0	0
zhangjiafen	1987-11-13	6.67	3.10	0.1	38.7	0.8	0	0	0
zhangjiafen	1987-11-14	7.09	3.00	2.8	42.0	0.7	0	0	0
zhangjiafen	1987-11-15	7.09	5.10	0	41.1	3.0	0	0	0
zhangjiafen	1987-11-16	7.09	5.05	0	40.6	2.0	0	0	0
zhangjiafen	1987-11-17	7.09	4.65	0	40.1	1.5	0	0	0
zhangjiafen	1987-11-18	7.09	4.30	0	39.5	2.1	0	0	0
zhangjiafen	1987-11-19	7.09	4.00	0	38.9	2.2	0	0	0
zhangjiafen	1987-11-20	7.09	3.70	0	38.4	1.8	0	0	0
zhangjiafen	1987-11-21	6.67	3.40	0	38.2	0.8	0	0	0
zhangjiafen	1987-11-22	6.67	3.10	0	37.8	1.1	0	0	0
zhangjiafen	1987-11-23	7.09	3.00	0	37.3	2.1	0	0	0
zhangjiafen	1987-11-24	6.37	3.00	0.7	37.6	0.2	0	0	0
zhangjiafen	1987-11-25	6.37	3.30	13.4	50.4	0	0	0	0
zhangjiafen	1987-11-26	6.65	7.45	0.1	50.0	1.3	0	0	0
zhangjiafen	1987-11-27	6.84	9.30	0	49.7	0.8	0	0	0
zhangjiafen	1987-11-28	6.14	8.80	0	49.4	0.5	0	0	0
zhangjiafen	1987-11-29	5.31	8.15	0	49.1	0.8	0	0	0
zhangjiafen	1987-11-30	4.72	7.50	0	48.9	0.5	0	0	0
zhangjiafen	1987-12-1	4.45	6.85	0	48.8	0.3	0	0	0
zhangjiafen	1987-12-2	4.53	6.20	0	48.3	1.4	0	0	0
zhangjiafen	1987-12-3	4.78	5.55	0	47.9	0.9	0	0	0
zhangjiafen	1987-12-4	5.17	5.00	0	47.7	0.6	0	0	0
zhangjiafen	1987-12-5	5.38	4.75	0	47.4	0.7	0	0	0
zhangjiafen	1987-12-6	5.08	4.65	0	47.2	0.7	0	0	0
zhangjiafen	1987-12-7	4.85	4.55	0	46.9	0.6	0	0	0
zhangjiafen	1987-12-8	5.12	4.45	0	46.6	0.8	0	0	0
zhangjiafen	1987-12-9	5.40	4.40	0	46.3	1.0	0	0	0
zhangjiafen	1987-12-10	5.12	4.35	0	45.8	1.4	0	0	0
zhangjiafen	1987-12-11	5.12	4.30	0	45.4	1.1	0	0	0
zhangjiafen	1987-12-12	4.59	4.25	0	45.1	0.8	0	0	0
zhangjiafen	1987-12-13	4.59	4.15	0	44.9	0.8	0	0	0
zhangjiafen	1987-12-14	4.85	4.10	0	44.4	1.2	0	0	0
zhangjiafen	1987-12-15	5.97	4.00	0	44.1	1.0	0	0	0
zhangjiafen	1987-12-16	4.59	3.95	0.3	44.1	1.1	0	0	0
zhangjiafen	1987-12-17	4.85	4.20	0	43.8	0.7	0	0	0
zhangjiafen	1987-12-18	5.12	4.00	0	43.6	0.6	0	0	0
zhangjiafen	1987-12-19	5.12	3.90	0	43.3	0.8	0	0	0
zhangjiafen	1987-12-20	4.85	3.85	0	42.9	1.5	0	0	0
zhangjiafen	1987-12-21	4.85	3.75	0	42.3	1.7	0	0	0
zhangjiafen	1987-12-22	4.33	3.70	0	42.1	0.8	0	0	0
zhangjiafen	1987-12-23	4.59	3.60	0	41.8	0.7	0	0	0
zhangjiafen	1987-12-24	5.68	3.50	0	41.4	1.3	0	0	0
zhangjiafen	1987-12-25	5.97	3.40	0	41.1	1.2	0	0	0
zhangjiafen	1987-12-26	5.68	3.30	0	40.5	2.0	0	0	0
zhangjiafen	1987-12-27	5.40	3.15	0	40.0	1.8	0	0	0
zhangjiafen	1987-12-28	5.40	3.10	2.0	41.1	2.2	0	0	0
zhangjiafen	1987-12-29	5.68	4.20	0	40.8	0.9	0	0	0
zhangjiafen	1987-12-30	5.97	4.10	0	40.5	1.2	0	0	0
zhangjiafen	1987-12-31	4.07	3.95	0	40.2	0.8	0	0	0
zhangjiafen	1988-1-1	3.28	3.75	0	39.9	0.9	0	0	0
zhangjiafen	1988-1-2	4.07	3.55	0	39.7	0.6	0	0	0
zhangjiafen	1988-1-3	3.54	3.35	0	39.6	0.3	0	0	0
zhangjiafen	1988-1-4	3.80	3.20	0	39.3	0.9	0	0	0
zhangjiafen	1988-1-5	5.12	3.05	0	39.1	0.9	0	0	0
zhangjiafen	1988-1-6	3.48	3.00	0	38.8	0.9	0	0	0
zhangjiafen	1988-1-7	3.35	3.00	0.2	39.0	1.1	0	0	0
zhangjiafen	1988-1-8	3.23	3.25	0	38.7	1.2	0	0	0
zhangjiafen	1988-1-9	3.12	3.15	0	38.4	0.8	0	0	0
zhangjiafen	1988-1-10	3.00	3.05	0	38.2	0.8	0	0	0
zhangjiafen	1988-1-11	2.91	3.00	0	38.1	0.4	0	0	0
zhangjiafen	1988-1-12	2.86	3.00	0	37.8	0.8	0	0	0
zhangjiafen	1988-1-13	2.82	3.00	0	37.5	1.0	0	0	0
zhangjiafen	1988-1-14	2.77	3.00	0	37.0	2.1	0	0	0
zhangjiafen	1988-1-15	2.74	3.00	0	36.6	1.2	0	0	0
zhangjiafen	1988-1-16	2.74	3.00	0	36.4	0.8	0	0	0
zhangjiafen	1988-1-17	2.73	3.00	0	36.0	1.4	0	0	0
zhangjiafen	1988-1-18	2.66	3.00	0	35.8	0.8	0	0	0
zhangjiafen	1988-1-19	2.59	3.00	0	35.4	1.5	0	0	0
zhangjiafen	1988-1-20	2.53	3.00	0	35.2	1.1	0	0	0
zhangjiafen	1988-1-21	2.46	3.00	0.1	34.8	2.0	0	0	0
zhangjiafen	1988-1-22	2.38	3.00	0	34.6	0.9	0	0	0
zhangjiafen	1988-1-23	2.30	3.00	0	34.5	0.2	0	0	0
zhangjiafen	1988-1-24	2.35	3.00	0	34.2	1.5	0	0	0
zhangjiafen	1988-1-25	2.45	3.00	0	33.8	1.3	0	0	0
zhangjiafen	1988-1-26	2.53	3.00	0	33.6	1.0	0	0	0
zhangjiafen	1988-1-27	2.63	3.00	0	33.3	1.3	0	0	0
zhangjiafen	1988-1-28	2.73	3.00	0	32.8	2.0	0	0	0
zhangjiafen	1988-1-29	2.85	3.00	0	32.5	1.2	0	0	0
zhangjiafen	1988-1-30	3.07	3.00	0	32.2	1.3	0	0	0
zhangjiafen	1988-1-31	3.29	3.00	0	31.9	1.3	0	0	0
zhangjiafen	1988-2-1	3.41	3.00	0	31.6	1.3	0	0	0
zhangjiafen	1988-2-2	3.43	3.00	0	31.1	2.5	0	0	0
zhangjiafen	1988-2-3	3.45	3.00	0.1	30.8	1.4	0	0	0
zhangjiafen	1988-2-4	3.48	3.00	0.3	31.3	0.4	0	0	0
zhangjiafen	1988-2-5	3.51	3.00	0	31.0	1.2	0	0	0
zhangjiafen	1988-2-6	3.58	3.00	0	30.5	2.0	0	0	0
zhangjiafen	1988-2-7	3.72	3.00	0	30.1	1.9	0	0	0
zhangjiafen	1988-2-8	3.87	3.00	0	29.7	1.8	0	0	0
zhangjiafen	1988-2-9	4.02	3.00	0	29.3	2.0	0	0	0
zhangjiafen	1988-2-10	4.17	3.00	0	29.0	1.6	0	0	0
zhangjiafen	1988-2-11	4.32	3.00	0	28.8	1.1	0	0	0
zhangjiafen	1988-2-12	4.42	3.00	0.2	28.8	2.1	0	0	0
zhangjiafen	1988-2-13	4.45	3.00	0	28.5	1.3	0	0	0
zhangjiafen	1988-2-14	4.30	3.00	0	28.2	1.7	0	0	0
zhangjiafen	1988-2-15	4.14	3.00	0	27.7	2.5	0	0	0
zhangjiafen	1988-2-16	3.97	3.00	0	27.3	2.0	0	0	0
zhangjiafen	1988-2-17	3.77	3.00	0	27.2	0.7	0	0	0
zhangjiafen	1988-2-18	3.57	3.00	0	26.9	1.1	0	0	0
zhangjiafen	1988-2-19	3.36	3.00	0	26.6	1.5	0	0	0
zhangjiafen	1988-2-20	3.09	3.00	0	26.1	2.7	0	0	0
zhangjiafen	1988-2-21	2.83	3.00	0	25.9	1.2	0	0	0
zhangjiafen	1988-2-22	2.61	3.00	0	25.6	1.6	0	0	0
zhangjiafen	1988-2-23	2.40	3.00	0	25.3	1.8	0	0	0
zhangjiafen	1988-2-24	2.47	3.00	0	24.8	2.5	0	0	0
zhangjiafen	1988-2-25	3.02	3.00	0	24.6	1.1	0	0	0
zhangjiafen	1988-2-26	3.84	3.00	0	24.2	2.7	0	0	0
zhangjiafen	1988-2-27	4.19	3.00	0.2	24.2	1.4	0	0	0
zhangjiafen	1988-2-28	3.79	3.00	1.4	25.7	0.1	0	0	0
zhangjiafen	1988-2-29	3.22	3.10	0.2	25.6	2.0	0	0	0
zhangjiafen	1988-3-1	2.62	3.00	0	25.2	2.1	0	0	0
zhangjiafen	1988-3-2	2.18	3.00	0	24.9	1.7	0	0	0
zhangjiafen	1988-3-3	1.86	3.00	0	24.7	0.9	0	0	0
zhangjiafen	1988-3-4	1.83	3.00	0	24.4	2.1	0	0	0
zhangjiafen	1988-3-5	2.25	3.00	0	24.1	1.5	0	0	0
zhangjiafen	1988-3-6	2.87	3.00	0	24.0	0.6	0	0	0
zhangjiafen	1988-3-7	3.57	3.00	0	23.5	2.7	0	0	0
zhangjiafen	1988-3-8	4.33	3.00	0	23.0	3.4	0	0	0
zhangjiafen	1988-3-9	5.03	3.00	0	22.5	3.4	0	0	0
zhangjiafen	1988-3-10	5.42	3.00	0	21.8	4.2	0	0	0
zhangjiafen	1988-3-11	5.76	3.00	0	21.2	4.2	0	0	0
zhangjiafen	1988-3-12	5.95	3.00	0	20.9	2.3	0	0	0
zhangjiafen	1988-3-13	6.11	3.00	0	20.3	4.2	0	0	0
zhangjiafen	1988-3-14	6.82	3.00	0	19.8	3.3	0	0	0
zhangjiafen	1988-3-15	7.52	3.00	0	19.5	2.4	0	0	0
zhangjiafen	1988-3-16	7.17	3.00	0	19.2	2.2	0	0	0
zhangjiafen	1988-3-17	7.17	3.00	0.1	19.0	2.1	0	0	0
zhangjiafen	1988-3-18	7.52	3.00	0	18.7	2.7	0	0	0
zhangjiafen	1988-3-19	7.52	3.00	0.1	18.5	2.3	0	0	0
zhangjiafen	1988-3-20	7.17	3.00	0.9	19.2	1.0	0	0	0
zhangjiafen	1988-3-21	7.92	3.10	0.3	19.3	0.7	0	0	0
zhangjiafen	1988-3-22	8.32	3.00	0	18.9	2.9	0	0	0
zhangjiafen	1988-3-23	7.92	3.00	0.4	18.9	2.1	0	0	0
zhangjiafen	1988-3-24	7.92	3.00	0.3	18.9	2.0	0	0	0
zhangjiafen	1988-3-25	8.32	3.00	0	18.4	3.5	0	0	0
zhangjiafen	1988-3-26	8.32	3.00	0.3	18.4	3.0	0	0	0
zhangjiafen	1988-3-27	8.32	3.00	0.1	18.1	3.2	0	0	0
zhangjiafen	1988-3-28	8.73	3.00	1.1	19.3	0.9	0	0	0
zhangjiafen	1988-3-29	8.73	3.05	0.1	19.1	1.8	0	0	0
zhangjiafen	1988-3-30	7.52	3.00	0.8	19.9	2.5	0	0	0
zhangjiafen	1988-3-31	8.32	3.20	0	19.3	4.5	0	0	0
zhangjiafen	1988-4-1	7.52	3.00	0.1	18.9	3.3	0	0	0
zhangjiafen	1988-4-2	8.32	3.00	1.5	20.0	5.8	0	0	0
zhangjiafen	1988-4-3	8.32	3.60	1.9	22.2	2.6	0	0	0
zhangjiafen	1988-4-4	8.32	4.20	0	21.5	4.4	0	0	0
zhangjiafen	1988-4-5	8.32	3.15	0	21.2	1.9	0	0	0
zhangjiafen	1988-4-6	7.52	3.00	0.1	20.8	3.7	0	0	0
zhangjiafen	1988-4-7	6.82	3.00	0	20.3	4.0	0	0	0
zhangjiafen	1988-4-8	5.76	3.00	0	19.6	5.2	0	0	0
zhangjiafen	1988-4-9	6.82	3.00	0	18.8	6.2	0	0	0
zhangjiafen	1988-4-10	9.13	3.00	0	18.2	4.4	0	0	0
zhangjiafen	1988-4-11	7.17	3.00	0	17.6	5.2	0	0	0
zhangjiafen	1988-4-12	6.82	3.00	0	16.5	9.0	0	0	0
zhangjiafen	1988-4-13	5.45	3.00	0	15.7	7.6	0	0	0
zhangjiafen	1988-4-14	4.53	3.00	0	14.9	7.4	0	0	0
zhangjiafen	1988-4-15	3.01	3.00	0	14.2	7.4	0	0	0
zhangjiafen	1988-4-16	3.98	3.00	4.1	17.5	7.2	0	0	0
zhangjiafen	1988-4-17	3.49	3.45	0	17.0	4.6	0	0	0
zhangjiafen	1988-4-18	3.49	3.00	0	16.2	7.0	0	0	0
zhangjiafen	1988-4-19	3.01	3.00	0	15.4	7.6	0	0	0
zhangjiafen	1988-4-20	3.25	3.00	0	14.7	6.9	0	0	0
zhangjiafen	1988-4-21	2.63	3.00	0	14.1	5.3	0	0	0
zhangjiafen	1988-4-22	2.82	3.00	0.1	13.8	6.0	0	0	0
zhangjiafen	1988-4-23	2.25	3.00	0	13.3	5.0	0	0	0
zhangjiafen	1988-4-24	2.06	3.00	0	12.6	8.3	0	0	0
zhangjiafen	1988-4-25	1.70	3.00	0	11.8	9.2	0	0	0
zhangjiafen	1988-4-26	1.58	3.00	0	11.1	9.3	0	0	0
zhangjiafen	1988-4-27	3.25	3.00	0	10.3	12.3	0	0	0
zhangjiafen	1988-4-28	3.98	3.00	0	9.7	9.0	0	0	0
zhangjiafen	1988-4-29	3.25	3.00	0	9.1	9.7	0	0	0
zhangjiafen	1988-4-30	2.63	3.00	0	8.5	9.8	0	0	0
zhangjiafen	1988-5-1	1.94	3.00	0	8.0	9.3	0	0	0
zhangjiafen	1988-5-2	1.82	3.00	0.6	9.0	3.3	0	0	0
zhangjiafen	1988-5-3	1.70	3.00	0.1	8.7	8.6	0	0	0
zhangjiafen	1988-5-4	1.94	3.00	0	8.2	8.6	0	0	0
zhangjiafen	1988-5-5	1.94	3.00	0	7.7	9.5	0	0	0
zhangjiafen	1988-5-6	1.82	3.00	0	7.4	5.6	0	0	0
zhangjiafen	1988-5-7	2.06	3.00	0	7.0	8.9	0	0	0
zhangjiafen	1988-5-8	1.58	3.00	0	6.7	6.7	0	0	0
zhangjiafen	1988-5-9	1.82	3.00	0.2	6.5	6.0	0	0	0
zhangjiafen	1988-5-10	2.44	3.00	0	6.1	11.1	0	0	0
zhangjiafen	1988-5-11	2.25	3.00	0	5.7	9.0	0	0	0
zhangjiafen	1988-5-12	2.06	3.00	0	5.4	9.4	0	0	0
zhangjiafen	1988-5-13	1.82	3.00	5.9	11.0	10.0	0	0	0
zhangjiafen	1988-5-14	1.70	3.95	0.2	10.7	6.4	0	0	0
zhangjiafen	1988-5-15	2.44	3.00	0	9.8	12.1	0	0	0
zhangjiafen	1988-5-16	2.44	3.00	0	9.1	12.0	0	0	0
zhangjiafen	1988-5-17	2.25	3.00	0	8.4	11.0	0	0	0
zhangjiafen	1988-5-18	2.44	3.00	0.1	8.3	4.5	0	0	0
zhangjiafen	1988-5-19	2.82	3.00	0.1	8.4	1.5	0	0	0
zhangjiafen	1988-5-20	2.44	3.00	1.8	9.1	6.0	0	0	0
zhangjiafen	1988-5-21	2.82	3.45	0.6	9.7	1.4	0	0	0
zhangjiafen	1988-5-22	3.01	3.05	3.1	12.1	5.5	0	0	0
zhangjiafen	1988-5-23	3.25	3.90	0.4	12.2	2.2	0	0	0
zhangjiafen	1988-5-24	3.98	3.15	0.1	11.6	8.4	0	0	0
zhangjiafen	1988-5-25	3.74	3.00	5.2	16.9	9.1	0	0	0
zhangjiafen	1988-5-26	3.01	4.65	0.5	16.5	7.0	0	0	0
zhangjiafen	1988-5-27	3.25	3.70	0	15.4	10.2	0	0	0
zhangjiafen	1988-5-28	2.82	3.00	0.1	14.3	10.7	0	0	0
zhangjiafen	1988-5-29	2.82	3.00	2.6	17.0	0.2	0	0	0
zhangjiafen	1988-5-30	2.63	3.50	0.2	17.1	3.0	0	0	0
zhangjiafen	1988-5-31	3.01	3.00	0.2	16.7	6.3	0	0	0
zhangjiafen	1988-6-1	3.25	3.00	0.1	16.2	7.8	0	0	0
zhangjiafen	1988-6-2	3.25	3.00	1.5	17.7	5.9	0	0	0
zhangjiafen	1988-6-3	2.82	3.10	0	16.8	7.5	0	0	0
zhangjiafen	1988-6-4	3.25	3.00	0.2	16.2	6.7	0	0	0
zhangjiafen	1988-6-5	4.22	3.00	0.1	15.7	5.9	0	0	0
zhangjiafen	1988-6-6	3.74	3.00	0	14.6	10.3	0	0	0
zhangjiafen	1988-6-7	3.49	3.00	7.6	19.6	2.2	0	0	0
zhangjiafen	1988-6-8	4.53	5.10	0	18.6	7.7	0	0	0
zhangjiafen	1988-6-9	3.49	3.65	0	17.6	8.0	0	0	0
zhangjiafen	1988-6-10	3.49	3.00	0	16.8	7.1	0	0	0
zhangjiafen	1988-6-11	2.82	3.00	0	15.7	10.0	0	0	0
zhangjiafen	1988-6-12	2.06	3.00	0.2	14.8	10.0	0	0	0
zhangjiafen	1988-6-13	2.25	3.00	0	13.7	11.5	0	0	0
zhangjiafen	1988-6-14	1.82	3.00	3.1	15.8	10.9	0	0	0
zhangjiafen	1988-6-15	1.82	3.70	0	15.0	7.6	0	0	0
zhangjiafen	1988-6-16	1.94	3.00	0	14.0	10.8	0	0	0
zhangjiafen	1988-6-17	2.06	3.00	0.1	13.1	10.3	0	0	0
zhangjiafen	1988-6-18	2.06	3.00	6.6	18.6	11.4	0	0	0
zhangjiafen	1988-6-19	2.24	5.10	5.1	21.6	3.4	0	0	0
zhangjiafen	1988-6-20	3.17	6.45	0.1	20.5	8.5	0	0	0
zhangjiafen	1988-6-21	3.23	4.90	1.6	20.9	3.9	0	0	0
zhangjiafen	1988-6-22	3.46	5.55	14.8	37.6	1.6	0	0	0
zhangjiafen	1988-6-23	3.94	7.20	0	36.8	2.9	0	0	0
zhangjiafen	1988-6-24	4.49	7.50	0.1	36.1	3.3	0	0	0
zhangjiafen	1988-6-25	5.04	6.55	0.3	34.7	6.5	0	0	0
zhangjiafen	1988-6-26	3.23	5.55	0.7	33.8	6.6	0	0	0
zhangjiafen	1988-6-27	2.75	4.95	0.1	32.5	6.1	0	0	0
zhangjiafen	1988-6-28	2.19	3.85	1.6	35.8	6.4	0	0	0
zhangjiafen	1988-6-29	1.67	5.15	5.9	41.6	6.1	0	0	0
zhangjiafen	1988-6-30	2.00	7.65	4.6	46.6	5.4	0	0	0
zhangjiafen	1988-7-1	2.00	10.60	1.4	47.6	1.2	0	0	0
zhangjiafen	1988-7-2	2.19	10.40	1.8	46.2	7.7	0	0	0
zhangjiafen	1988-7-3	3.23	10.85	1.2	46.1	8.0	0	0	0
zhangjiafen	1988-7-4	2.75	9.80	0	44.7	4.1	0	0	0
zhangjiafen	1988-7-5	2.75	8.65	11.0	54.7	1.7	0	0	0
zhangjiafen	1988-7-6	3.94	12.40	0.2	52.6	6.0	0	0	0
zhangjiafen	1988-7-7	4.77	12.20	23.2	70.2	1.6	0	0	0
zhangjiafen	1988-7-8	8.17	24.50	0	68.4	3.7	0	0	0
zhangjiafen	1988-7-9	7.38	20.70	0	65.0	7.5	0	0	0
zhangjiafen	1988-7-10	5.04	16.90	0	61.8	7.3	0	0	0
zhangjiafen	1988-7-11	4.49	13.50	2.6	62.6	5.1	0	0	0
zhangjiafen	1988-7-12	3.70	11.85	6.2	65.2	7.4	0	0	0
zhangjiafen	1988-7-13	3.23	13.90	0	62.8	5.5	0	0	0
zhangjiafen	1988-7-14	2.99	13.55	1.0	59.7	8.7	0	0	0
zhangjiafen	1988-7-15	3.23	14.90	10.1	69.2	2.5	0	0	0
zhangjiafen	1988-7-16	3.70	19.15	3.3	69.2	7.1	0	0	0
zhangjiafen	1988-7-17	3.46	18.00	4.6	71.0	3.7	0	0	0
zhangjiafen	1988-7-18	4.22	20.70	0.5	69.6	4.5	0	0	0
zhangjiafen	1988-7-19	5.04	18.15	0.5	67.8	6.7	0	0	0
zhangjiafen	1988-7-20	4.77	15.80	19.5	84.5	4.4	0	0	0
zhangjiafen	1988-7-21	5.32	30.70	2.1	84.2	4.0	0	0	0
zhangjiafen	1988-7-22	11.70	27.90	0.1	79.6	8.2	0	0	0
zhangjiafen	1988-7-23	9.42	22.05	0.8	77.9	4.4	0	0	0
zhangjiafen	1988-7-24	6.32	18.10	2.9	81.8	1.7	0	0	0
zhangjiafen	1988-7-25	5.32	19.20	0	79.4	4.3	0	0	0
zhangjiafen	1988-7-26	4.77	15.90	0	76.3	6.1	0	0	0
zhangjiafen	1988-7-27	4.49	14.00	0.1	73.3	6.4	0	0	0
zhangjiafen	1988-7-28	3.94	13.10	1.5	73.3	2.9	0	0	0
zhangjiafen	1988-7-29	3.94	12.15	0.8	72.0	4.7	0	0	0
zhangjiafen	1988-7-30	3.46	12.95	3.2	72.9	3.1	0	0	0
zhangjiafen	1988-7-31	3.23	15.90	1.7	72.5	4.5	0	0	0
zhangjiafen	1988-8-1	3.46	14.75	25.2	92.6	4.1	0	0	0
zhangjiafen	1988-8-2	5.65	36.30	1.0	92.7	2.1	0	0	0
zhangjiafen	1988-8-3	7.78	32.60	3.4	92.4	4.3	0	0	0
zhangjiafen	1988-8-4	7.38	26.60	1.8	92.9	4.4	0	0	0
zhangjiafen	1988-8-5	6.32	24.65	15.8	108.7	3.3	0	0	0
zhangjiafen	1988-8-6	17.80	45.55	17.3	118.3	1.0	0	0	0
zhangjiafen	1988-8-7	46.50	73.55	3.9	121.0	1.8	0	0	0
zhangjiafen	1988-8-8	47.30	51.40	5.8	123.2	0.7	0	0	0
zhangjiafen	1988-8-9	41.70	48.30	4.9	121.7	4.2	0	0	0
zhangjiafen	1988-8-10	44.50	46.50	1.8	119.6	3.8	0	0	0
zhangjiafen	1988-8-11	50.50	34.80	8.4	124.3	5.5	0	0	0
zhangjiafen	1988-8-12	35.50	31.80	1.7	123.5	3.3	0	0	0
zhangjiafen	1988-8-13	31.10	34.20	17.9	135.3	1.3	0	0	0
zhangjiafen	1988-8-14	33.00	56.15	18.8	141.6	1.2	0	0	0
zhangjiafen	1988-8-15	60.70	90.00	11.9	142.9	0.5	0	0	0
zhangjiafen	1988-8-16	88.20	96.80	4.1	143.0	1.9	0	0	0
zhangjiafen	1988-8-17	106.00	71.45	0	137.5	5.7	0	0	0
zhangjiafen	1988-8-18	102.00	49.25	0	133.6	4.1	0	0	0
zhangjiafen	1988-8-19	85.90	34.00	4.8	138.1	2.0	0	0	0
zhangjiafen	1988-8-20	77.20	36.50	1.9	136.1	5.3	0	0	0
zhangjiafen	1988-8-21	68.70	37.75	0.4	130.6	6.8	0	0	0
zhangjiafen	1988-8-22	53.10	33.40	3.6	128.4	5.0	0	0	0
zhangjiafen	1988-8-23	47.80	30.85	0	123.2	6.0	0	0	0
zhangjiafen	1988-8-24	41.30	26.45	0.4	118.8	6.0	0	0	0
zhangjiafen	1988-8-25	33.20	22.45	0.8	115.8	5.0	0	0	0
zhangjiafen	1988-8-26	29.50	20.00	3.9	114.3	6.5	0	0	0
zhangjiafen	1988-8-27	29.50	24.70	0	110.1	5.4	0	0	0
zhangjiafen	1988-8-28	26.40	21.30	0	106.2	5.2	0	0	0
zhangjiafen	1988-8-29	26.40	17.70	0	101.9	6.0	0	0	0
zhangjiafen	1988-8-30	25.50	15.15	0	98.1	5.6	0	0	0
zhangjiafen	1988-8-31	24.60	14.65	1.3	97.9	2.8	0	0	0
zhangjiafen	1988-9-1	22.10	14.65	5.9	102.7	3.3	0	0	0
zhangjiafen	1988-9-2	22.90	25.40	8.1	110.4	2.6	0	0	0
zhangjiafen	1988-9-3	42.40	34.90	12.0	118.4	4.3	0	0	0
zhangjiafen	1988-9-4	40.30	49.40	0	115.0	4.2	0	0	0
zhangjiafen	1988-9-5	33.20	39.00	1.8	112.2	5.0	0	0	0
zhangjiafen	1988-9-6	28.30	31.35	0.1	109.7	3.4	0	0	0
zhangjiafen	1988-9-7	24.60	23.25	0	106.2	4.7	0	0	0
zhangjiafen	1988-9-8	22.10	19.20	3.5	104.7	5.8	0	0	0
zhangjiafen	1988-9-9	19.70	19.60	11.7	121.2	0.7	0	0	0
zhangjiafen	1988-9-10	22.10	39.35	5.0	122.7	3.5	0	0	0
zhangjiafen	1988-9-11	37.00	50.20	0	118.1	5.5	0	0	0
zhangjiafen	1988-9-12	38.40	37.45	0	114.3	4.8	0	0	0
zhangjiafen	1988-9-13	35.60	26.25	0	110.8	4.5	0	0	0
zhangjiafen	1988-9-14	33.20	20.45	5.6	115.2	2.9	0	0	0
zhangjiafen	1988-9-15	34.40	23.55	2.4	115.5	2.5	0	0	0
zhangjiafen	1988-9-16	33.20	26.95	1.6	116.5	1.1	0	0	0
zhangjiafen	1988-9-17	29.50	26.80	0	113.6	3.6	0	0	0
zhangjiafen	1988-9-18	26.40	23.35	0	109.6	5.2	0	0	0
zhangjiafen	1988-9-19	24.60	19.80	0.1	102.2	10.3	0	0	0
zhangjiafen	1988-9-20	23.80	16.65	0	98.4	5.5	0	0	0
zhangjiafen	1988-9-21	22.10	15.05	0	91.7	10.5	0	0	0
zhangjiafen	1988-9-22	21.20	14.40	0	88.7	4.8	0	0	0
zhangjiafen	1988-9-23	18.40	13.95	0.5	86.5	4.8	0	0	0
zhangjiafen	1988-9-24	17.00	13.65	0	84.3	3.7	0	0	0
zhangjiafen	1988-9-25	15.70	13.25	0	81.5	4.9	0	0	0
zhangjiafen	1988-9-26	15.00	12.80	0	78.8	5.0	0	0	0
zhangjiafen	1988-9-27	15.00	12.40	0	76.7	3.9	0	0	0
zhangjiafen	1988-9-28	15.00	12.15	0.5	75.5	3.8	0	0	0
zhangjiafen	1988-9-29	14.40	12.40	1.8	76.2	2.5	0	0	0
zhangjiafen	1988-9-30	14.40	12.05	2.4	77.1	3.1	0	0	0
zhangjiafen	1988-10-1	15.00	14.55	5.5	81.2	0.9	0	0	0
zhangjiafen	1988-10-2	16.30	16.30	0.2	80.5	1.7	0	0	0
zhangjiafen	1988-10-3	15.70	16.55	0.5	79.8	3.0	0	0	0
zhangjiafen	1988-10-4	14.40	16.15	0.9	78.5	3.4	0	0	0
zhangjiafen	1988-10-5	14.40	15.65	0	76.4	4.0	0	0	0
zhangjiafen	1988-10-6	13.70	13.85	0.1	74.2	4.3	0	0	0
zhangjiafen	1988-10-7	13.20	13.05	0	72.3	3.8	0	0	0
zhangjiafen	1988-10-8	12.70	12.10	0	70.3	4.0	0	0	0
zhangjiafen	1988-10-9	11.70	11.25	0	68.0	4.7	0	0	0
zhangjiafen	1988-10-10	11.70	10.55	0	66.3	3.7	0	0	0
zhangjiafen	1988-10-11	11.70	9.95	0	64.2	4.8	0	0	0
zhangjiafen	1988-10-12	11.20	9.45	0	62.0	5.1	0	0	0
zhangjiafen	1988-10-13	10.80	8.90	0	60.0	4.8	0	0	0
zhangjiafen	1988-10-14	9.86	8.40	0	58.2	4.2	0	0	0
zhangjiafen	1988-10-15	10.80	7.90	0	56.8	3.6	0	0	0
zhangjiafen	1988-10-16	11.20	7.40	0	54.8	5.2	0	0	0
zhangjiafen	1988-10-17	10.30	6.90	0	53.3	4.1	0	0	0
zhangjiafen	1988-10-18	8.57	6.45	0	51.9	4.0	0	0	0
zhangjiafen	1988-10-19	8.57	6.05	0	51.4	1.4	0	0	0
zhangjiafen	1988-10-20	9.86	5.70	0	49.8	4.5	0	0	0
zhangjiafen	1988-10-21	9.42	5.35	0	48.6	3.7	0	0	0
zhangjiafen	1988-10-22	9.42	5.10	0	47.4	3.6	0	0	0
zhangjiafen	1988-10-23	9.86	4.85	0.9	48.6	0	0	0	0
zhangjiafen	1988-10-24	9.86	5.30	0	47.3	3.7	0	0	0
zhangjiafen	1988-10-25	9.42	5.25	0	46.2	3.5	0	0	0
zhangjiafen	1988-10-26	9.42	5.00	0	45.3	2.8	0	0	0
zhangjiafen	1988-10-27	8.97	4.75	0	44.1	4.0	0	0	0
zhangjiafen	1988-10-28	8.57	4.45	0	43.1	3.3	0	0	0
zhangjiafen	1988-10-29	8.57	4.15	0	42.0	3.7	0	0	0
zhangjiafen	1988-10-30	8.17	3.95	0	40.9	4.0	0	0	0
zhangjiafen	1988-10-31	8.57	3.70	0	39.6	4.6	0	0	0
zhangjiafen	1988-11-1	8.17	3.45	0	39.5	0.4	0	0	0
zhangjiafen	1988-11-2	8.17	3.15	0	38.4	4.0	0	0	0
zhangjiafen	1988-11-3	8.17	3.00	0	37.3	4.2	0	0	0
zhangjiafen	1988-11-4	7.38	3.00	0	36.2	4.3	0	0	0
zhangjiafen	1988-11-5	7.38	3.00	0	35.2	4.3	0	0	0
zhangjiafen	1988-11-6	7.78	3.00	0	34.3	3.6	0	0	0
zhangjiafen	1988-11-7	6.98	3.00	0	33.8	2.3	0	0	0
zhangjiafen	1988-11-8	7.38	3.00	0	32.7	5.0	0	0	0
zhangjiafen	1988-11-9	7.38	3.00	0	32.0	3.1	0	0	0
zhangjiafen	1988-11-10	7.38	3.00	0	31.1	3.8	0	0	0
zhangjiafen	1988-11-11	6.65	3.00	0	30.3	4.0	0	0	0
zhangjiafen	1988-11-12	6.32	3.00	0	29.6	3.2	0	0	0
zhangjiafen	1988-11-13	6.32	3.00	0	29.0	3.1	0	0	0
zhangjiafen	1988-11-14	6.32	3.00	0	28.7	1.7	0	0	0
zhangjiafen	1988-11-15	6.32	3.00	0	28.2	2.5	0	0	0
zhangjiafen	1988-11-16	5.98	3.00	0	27.9	1.5	0	0	0
zhangjiafen	1988-11-17	5.65	3.00	0	27.6	1.6	0	0	0
zhangjiafen	1988-11-18	6.32	3.00	0	27.2	1.8	0	0	0
zhangjiafen	1988-11-19	6.32	3.00	0	26.8	2.0	0	0	0
zhangjiafen	1988-11-20	5.98	3.00	0	26.5	1.8	0	0	0
zhangjiafen	1988-11-21	5.65	3.00	0	26.2	1.6	0	0	0
zhangjiafen	1988-11-22	5.32	3.00	0	25.6	3.1	0	0	0
zhangjiafen	1988-11-23	5.65	3.00	0	25.2	2.2	0	0	0
zhangjiafen	1988-11-24	5.65	3.00	0	24.5	4.3	0	0	0
zhangjiafen	1988-11-25	5.32	3.00	0	24.1	2.3	0	0	0
zhangjiafen	1988-11-26	5.32	3.00	0	23.8	2.2	0	0	0
zhangjiafen	1988-11-27	6.32	3.00	0	23.4	2.1	0	0	0
zhangjiafen	1988-11-28	6.32	3.00	0	23.2	1.6	0	0	0
zhangjiafen	1988-11-29	6.65	3.00	0	23.0	0.6	0	0	0
zhangjiafen	1988-11-30	5.32	3.00	0	22.7	2.0	0	0	0
zhangjiafen	1988-12-1	5.98	3.00	0	22.5	1.4	0	0	0
zhangjiafen	1988-12-2	6.98	3.00	0	22.3	1.3	0	0	0
zhangjiafen	1988-12-3	6.96	3.00	0	21.9	2.2	0	0	0
zhangjiafen	1988-12-4	6.18	3.00	0	21.7	1.7	0	0	0
zhangjiafen	1988-12-5	5.79	3.00	0	21.5	0.9	0	0	0
zhangjiafen	1988-12-6	5.76	3.00	0	21.3	1.2	0	0	0
zhangjiafen	1988-12-7	5.78	3.00	0	21.1	1.7	0	0	0
zhangjiafen	1988-12-8	5.81	3.00	0	20.9	1.0	0	0	0
zhangjiafen	1988-12-9	5.83	3.00	0	20.6	2.1	0	0	0
zhangjiafen	1988-12-10	5.85	3.00	0	20.4	1.5	0	0	0
zhangjiafen	1988-12-11	5.87	3.00	0	20.1	1.8	0	0	0
zhangjiafen	1988-12-12	5.51	3.00	0	20.0	1.4	0	0	0
zhangjiafen	1988-12-13	4.95	3.00	0	19.9	0.9	0	0	0
zhangjiafen	1988-12-14	4.44	3.00	0	19.7	1.0	0	0	0
zhangjiafen	1988-12-15	3.96	3.00	0	19.6	1.1	0	0	0
zhangjiafen	1988-12-16	3.53	3.00	0	19.4	1.1	0	0	0
zhangjiafen	1988-12-17	3.27	3.00	0	19.3	1.0	0	0	0
zhangjiafen	1988-12-18	3.30	3.00	0	19.2	0.7	0	0	0
zhangjiafen	1988-12-19	3.50	3.00	0	18.9	1.6	0	0	0
zhangjiafen	1988-12-20	3.72	3.00	0	18.9	0.5	0	0	0
zhangjiafen	1988-12-21	3.95	3.00	0	18.7	1.0	0	0	0
zhangjiafen	1988-12-22	4.17	3.00	0.1	18.7	0.1	0	0	0
zhangjiafen	1988-12-23	4.32	3.00	0	18.5	1.4	0	0	0
zhangjiafen	1988-12-24	2.59	3.00	0	18.4	1.0	0	0	0
zhangjiafen	1988-12-25	2.29	3.00	0	18.3	0.6	0	0	0
zhangjiafen	1988-12-26	2.32	3.00	0	18.1	1.3	0	0	0
zhangjiafen	1988-12-27	2.31	3.00	0	18.0	0.9	0	0	0
zhangjiafen	1988-12-28	2.30	3.00	0.7	18.9	0.4	0	0	0
zhangjiafen	1988-12-29	2.29	3.00	0	18.8	0.5	0	0	0
zhangjiafen	1988-12-30	2.28	3.00	0	18.7	0.4	0	0	0
zhangjiafen	1988-12-31	2.27	3.00	0	18.6	0.8	0	0	0
zhangjiafen	1989-1-1	2.45	3.00	0	18.5	0.3	0	0	0
zhangjiafen	1989-1-2	2.69	3.00	0	18.4	1.3	0	0	0
zhangjiafen	1989-1-3	3.02	3.00	0	18.2	0.8	0	0	0
zhangjiafen	1989-1-4	3.37	3.00	0	18.2	0.8	0	0	0
zhangjiafen	1989-1-5	3.75	3.00	0.5	18.5	0.5	0	0	0
zhangjiafen	1989-1-6	3.97	3.00	3.3	21.9	0	0	0	0
zhangjiafen	1989-1-7	3.94	3.80	0.1	22.0	0.2	0	0	0
zhangjiafen	1989-1-8	3.83	3.00	0	21.9	0.2	0	0	0
zhangjiafen	1989-1-9	3.62	3.00	0	21.7	1.1	0	0	0
zhangjiafen	1989-1-10	3.33	3.00	0	21.6	1.0	0	0	0
zhangjiafen	1989-1-11	2.97	3.00	0	21.5	0.7	0	0	0
zhangjiafen	1989-1-12	2.39	3.00	0	21.4	0.5	0	0	0
zhangjiafen	1989-1-13	1.73	3.00	0	21.2	0.8	0	0	0
zhangjiafen	1989-1-14	1.92	3.00	0	21.1	0.5	0	0	0
zhangjiafen	1989-1-15	2.21	3.00	0	21.1	0.1	0	0	0
zhangjiafen	1989-1-16	2.43	3.00	0	21.1	0.1	0	0	0
zhangjiafen	1989-1-17	2.63	3.00	0	21.0	0.5	0	0	0
zhangjiafen	1989-1-18	2.79	3.00	0	20.9	0.4	0	0	0
zhangjiafen	1989-1-19	2.95	3.00	0	20.8	0.6	0	0	0
zhangjiafen	1989-1-20	3.10	3.00	0	20.7	0.4	0	0	0
zhangjiafen	1989-1-21	3.17	3.00	0	20.5	1.8	0	0	0
zhangjiafen	1989-1-22	3.23	3.00	0	20.3	1.1	0	0	0
zhangjiafen	1989-1-23	3.29	3.00	0	20.1	1.2	0	0	0
zhangjiafen	1989-1-24	3.35	3.00	0	19.9	1.7	0	0	0
zhangjiafen	1989-1-25	3.41	3.00	0	19.8	0.8	0	0	0
zhangjiafen	1989-1-26	3.45	3.00	0	19.6	1.0	0	0	0
zhangjiafen	1989-1-27	3.39	3.00	0	19.5	1.0	0	0	0
zhangjiafen	1989-1-28	3.30	3.00	0	19.3	0.7	0	0	0
zhangjiafen	1989-1-29	3.22	3.00	0	19.3	0.5	0	0	0
zhangjiafen	1989-1-30	3.13	3.00	0	19.0	1.9	0	0	0
zhangjiafen	1989-1-31	3.05	3.00	0	18.9	1.1	0	0	0
zhangjiafen	1989-2-1	2.96	3.00	0	18.7	0.8	0	0	0
zhangjiafen	1989-2-2	2.89	3.00	0	18.6	1.2	0	0	0
zhangjiafen	1989-2-3	2.95	3.00	0	18.4	0.9	0	0	0
zhangjiafen	1989-2-4	3.12	3.00	0	18.3	0.6	0	0	0
zhangjiafen	1989-2-5	3.42	3.00	0	18.2	1.1	0	0	0
zhangjiafen	1989-2-6	3.89	3.00	0.7	19.4	1.0	0	0	0
zhangjiafen	1989-2-7	4.33	3.05	0.4	19.7	1.8	0	0	0
zhangjiafen	1989-2-8	4.46	3.00	0	19.5	1.6	0	0	0
zhangjiafen	1989-2-9	4.27	3.00	0	19.2	2.0	0	0	0
zhangjiafen	1989-2-10	3.90	3.00	0	18.9	2.5	0	0	0
zhangjiafen	1989-2-11	3.49	3.00	0	18.5	2.9	0	0	0
zhangjiafen	1989-2-12	3.19	3.00	0	18.2	2.4	0	0	0
zhangjiafen	1989-2-13	3.12	3.00	0	18.0	1.6	0	0	0
zhangjiafen	1989-2-14	3.87	3.00	0	18.0	1.2	0	0	0
zhangjiafen	1989-2-15	4.09	3.00	0.1	18.1	1.7	0	0	0
zhangjiafen	1989-2-16	4.00	3.00	0	17.9	1.8	0	0	0
zhangjiafen	1989-2-17	4.31	3.00	0	17.7	1.6	0	0	0
zhangjiafen	1989-2-18	4.63	3.00	0	17.5	1.0	0	0	0
zhangjiafen	1989-2-19	3.97	3.00	0.3	17.9	0.7	0	0	0
zhangjiafen	1989-2-20	4.29	3.00	0	17.7	1.6	0	0	0
zhangjiafen	1989-2-21	3.63	3.00	0	17.5	1.6	0	0	0
zhangjiafen	1989-2-22	3.95	3.00	0	17.3	1.5	0	0	0
zhangjiafen	1989-2-23	4.10	3.00	0	17.1	1.6	0	0	0
zhangjiafen	1989-2-24	4.29	3.00	0	16.8	2.0	0	0	0
zhangjiafen	1989-2-25	4.06	3.00	0.1	16.9	1.5	0	0	0
zhangjiafen	1989-2-26	4.02	3.00	0	16.7	1.6	0	0	0
zhangjiafen	1989-2-27	4.01	3.00	0.1	16.6	1.6	0	0	0
zhangjiafen	1989-2-28	3.91	3.00	0	16.3	2.6	0	0	0
zhangjiafen	1989-3-1	3.88	3.00	0.7	17.1	1.4	0	0	0
zhangjiafen	1989-3-2	3.87	3.00	0.1	17.0	0.9	0	0	0
zhangjiafen	1989-3-3	3.91	3.00	0	17.0	0.4	0	0	0
zhangjiafen	1989-3-4	3.56	3.00	0	16.8	1.8	0	0	0
zhangjiafen	1989-3-5	3.34	3.00	0	16.4	2.8	0	0	0
zhangjiafen	1989-3-6	3.43	3.00	0	16.3	1.9	0	0	0
zhangjiafen	1989-3-7	3.88	3.00	0	16.0	2.1	0	0	0
zhangjiafen	1989-3-8	3.71	3.00	0	15.7	2.7	0	0	0
zhangjiafen	1989-3-9	3.78	3.00	0	15.4	3.3	0	0	0
zhangjiafen	1989-3-10	4.08	3.00	0	14.9	4.4	0	0	0
zhangjiafen	1989-3-11	3.91	3.00	0	14.5	4.6	0	0	0
zhangjiafen	1989-3-12	3.79	3.00	0	13.8	6.8	0	0	0
zhangjiafen	1989-3-13	4.43	3.00	0	13.2	6.7	0	0	0
zhangjiafen	1989-3-14	3.99	3.00	0	12.6	6.5	0	0	0
zhangjiafen	1989-3-15	3.67	3.00	0	12.2	4.9	0	0	0
zhangjiafen	1989-3-16	3.64	3.00	0	11.9	3.8	0	0	0
zhangjiafen	1989-3-17	3.64	3.00	1.1	13.3	4.2	0	0	0
zhangjiafen	1989-3-18	3.58	3.00	0.1	13.2	0.8	0	0	0
zhangjiafen	1989-3-19	3.84	3.00	0	12.9	4.1	0	0	0
zhangjiafen	1989-3-20	3.48	3.00	0	12.6	3.4	0	0	0
zhangjiafen	1989-3-21	3.51	3.00	0	12.3	3.3	0	0	0
zhangjiafen	1989-3-22	3.45	3.00	0	12.1	2.3	0	0	0
zhangjiafen	1989-3-23	3.51	3.00	0	11.6	5.7	0	0	0
zhangjiafen	1989-3-24	3.45	3.00	0	11.2	5.1	0	0	0
zhangjiafen	1989-3-25	3.42	3.00	0	10.9	4.1	0	0	0
zhangjiafen	1989-3-26	3.34	3.00	0.1	10.6	6.9	0	0	0
zhangjiafen	1989-3-27	3.68	3.00	0	10.2	5.4	0	0	0
zhangjiafen	1989-3-28	3.47	3.00	0	9.8	6.3	0	0	0
zhangjiafen	1989-3-29	3.21	3.00	0	9.4	5.2	0	0	0
zhangjiafen	1989-3-30	3.31	3.00	0	8.9	9.0	0	0	0
zhangjiafen	1989-3-31	3.19	3.00	0	8.4	9.3	0	0	0
zhangjiafen	1989-4-1	3.30	3.00	0	8.0	7.5	0	0	0
zhangjiafen	1989-4-2	3.06	3.00	0	7.5	9.5	0	0	0
zhangjiafen	1989-4-3	2.83	3.00	0	7.1	8.4	0	0	0
zhangjiafen	1989-4-4	2.83	3.00	0	6.7	7.3	0	0	0
zhangjiafen	1989-4-5	2.82	3.00	0	6.4	7.0	0	0	0
zhangjiafen	1989-4-6	2.55	3.00	0	6.3	6.4	0	0	0
zhangjiafen	1989-4-7	2.59	3.00	0	5.9	8.3	0	0	0
zhangjiafen	1989-4-8	2.51	3.00	0	5.5	12.3	0	0	0
zhangjiafen	1989-4-9	2.22	3.00	0	5.2	7.5	0	0	0
zhangjiafen	1989-4-10	2.22	3.00	0	4.9	8.2	0	0	0
zhangjiafen	1989-4-11	2.40	3.00	0	4.7	8.3	0	0	0
zhangjiafen	1989-4-12	2.17	3.00	0	4.4	8.9	0	0	0
zhangjiafen	1989-4-13	2.07	3.00	0	4.2	7.5	0	0	0
zhangjiafen	1989-4-14	1.85	3.00	0	4.0	5.1	0	0	0
zhangjiafen	1989-4-15	1.62	3.00	3.1	7.5	2.2	0	0	0
zhangjiafen	1989-4-16	1.47	3.00	0.7	8.3	4.5	0	0	0
zhangjiafen	1989-4-17	1.54	3.00	0.4	8.4	8.9	0	0	0
zhangjiafen	1989-4-18	1.21	3.00	0	7.9	9.0	0	0	0
zhangjiafen	1989-4-19	1.04	3.00	0	7.5	7.2	0	0	0
zhangjiafen	1989-4-20	0.87	3.00	14.5	24.6	2.6	0	0	0
zhangjiafen	1989-4-21	1.35	5.10	0	23.4	7.5	0	0	0
zhangjiafen	1989-4-22	2.98	5.25	0	22.3	6.6	0	0	0
zhangjiafen	1989-4-23	2.73	4.05	0	21.0	8.8	0	0	0
zhangjiafen	1989-4-24	2.70	3.00	0	20.1	6.3	0	0	0
zhangjiafen	1989-4-25	2.71	3.00	0	18.6	11.0	0	0	0
zhangjiafen	1989-4-26	2.40	3.00	0	17.4	10.0	0	0	0
zhangjiafen	1989-4-27	2.67	3.00	0	16.4	8.0	0	0	0
zhangjiafen	1989-4-28	2.38	3.00	0	15.8	5.5	0	0	0
zhangjiafen	1989-4-29	2.70	3.00	0	15.1	6.4	0	0	0
zhangjiafen	1989-4-30	2.52	3.00	0	14.3	8.2	0	0	0
zhangjiafen	1989-5-1	2.50	3.00	0	13.5	8.4	0	0	0
zhangjiafen	1989-5-2	2.50	3.00	0	12.6	10.0	0	0	0
zhangjiafen	1989-5-3	2.59	3.00	0	11.7	11.0	0	0	0
zhangjiafen	1989-5-4	2.63	3.00	0	11.0	8.5	0	0	0
zhangjiafen	1989-5-5	2.33	3.00	0	10.5	8.0	0	0	0
zhangjiafen	1989-5-6	2.37	3.00	1.4	12.0	4.2	0	0	0
zhangjiafen	1989-5-7	2.58	3.00	2.9	13.8	4.2	0	0	0
zhangjiafen	1989-5-8	2.67	3.85	0.1	13.2	9.5	0	0	0
zhangjiafen	1989-5-9	2.74	3.00	0.9	14.0	7.4	0	0	0
zhangjiafen	1989-5-10	3.19	3.25	2.6	17.2	4.1	0	0	0
zhangjiafen	1989-5-11	3.22	4.20	0.5	17.6	2.9	0	0	0
zhangjiafen	1989-5-12	3.05	3.40	0.9	18.0	7.1	0	0	0
zhangjiafen	1989-5-13	2.95	3.20	0	17.2	7.1	0	0	0
zhangjiafen	1989-5-14	2.52	3.00	0	16.1	8.9	0	0	0
zhangjiafen	1989-5-15	2.47	3.00	0	15.0	10.8	0	0	0
zhangjiafen	1989-5-16	1.86	3.00	0	14.3	7.0	0	0	0
zhangjiafen	1989-5-17	3.56	3.00	4.6	17.4	9.5	0	0	0
zhangjiafen	1989-5-18	4.65	4.00	0.6	17.7	3.4	0	0	0
zhangjiafen	1989-5-19	5.54	3.05	0	16.5	9.8	0	0	0
zhangjiafen	1989-5-20	5.36	3.00	0	15.3	11.1	0	0	0
zhangjiafen	1989-5-21	4.43	3.00	0	14.1	12.3	0	0	0
zhangjiafen	1989-5-22	3.10	3.00	0	13.1	10.5	0	0	0
zhangjiafen	1989-5-23	2.31	3.00	0.4	13.1	5.0	0	0	0
zhangjiafen	1989-5-24	2.46	3.00	0	12.1	11.6	0	0	0
zhangjiafen	1989-5-25	2.19	3.00	0	11.0	13.8	0	0	0
zhangjiafen	1989-5-26	1.71	3.00	0	10.2	12.0	0	0	0
zhangjiafen	1989-5-27	1.65	3.00	0	9.5	9.5	0	0	0
zhangjiafen	1989-5-28	1.78	3.00	5.1	14.6	8.7	0	0	0
zhangjiafen	1989-5-29	1.66	4.05	0.2	14.3	7.7	0	0	0
zhangjiafen	1989-5-30	1.84	3.10	0	13.4	9.2	0	0	0
zhangjiafen	1989-5-31	2.36	3.00	8.0	18.4	6.6	0	0	0
zhangjiafen	1989-6-1	3.42	5.10	0.1	17.3	10.0	0	0	0
zhangjiafen	1989-6-2	2.79	4.15	0	16.0	11.5	0	0	0
zhangjiafen	1989-6-3	2.64	3.00	12.6	29.4	8.0	0	0	0
zhangjiafen	1989-6-4	3.51	5.55	8.9	37.3	6.8	0	0	0
zhangjiafen	1989-6-5	20.20	10.10	0.3	36.4	8.8	0	0	0
zhangjiafen	1989-6-6	11.60	9.90	4.7	39.3	0.7	0	0	0
zhangjiafen	1989-6-7	8.81	11.50	22.9	60.4	3.8	0	0	0
zhangjiafen	1989-6-8	10.00	20.15	0.1	57.3	7.5	0	0	0
zhangjiafen	1989-6-9	10.90	17.30	1.7	57.9	6.1	0	0	0
zhangjiafen	1989-6-10	10.20	14.75	0.4	55.8	7.0	0	0	0
zhangjiafen	1989-6-11	9.80	13.65	0.1	54.4	4.0	0	0	0
zhangjiafen	1989-6-12	7.16	12.45	0.1	51.9	6.9	0	0	0
zhangjiafen	1989-6-13	5.74	11.40	3.2	55.6	1.3	0	0	0
zhangjiafen	1989-6-14	4.76	11.00	0	51.1	12.6	0	0	0
zhangjiafen	1989-6-15	4.07	9.90	0	47.3	11.3	0	0	0
zhangjiafen	1989-6-16	3.66	8.75	0	45.3	6.4	0	0	0
zhangjiafen	1989-6-17	3.25	7.80	0	43.0	7.4	0	0	0
zhangjiafen	1989-6-18	2.67	6.85	0	40.9	7.5	0	0	0
zhangjiafen	1989-6-19	2.54	5.90	0	38.1	10.3	0	0	0
zhangjiafen	1989-6-20	2.40	4.95	0.8	37.3	8.0	0	0	0
zhangjiafen	1989-6-21	2.47	4.35	0.8	35.6	10.3	0	0	0
zhangjiafen	1989-6-22	2.58	4.00	0	33.1	10.9	0	0	0
zhangjiafen	1989-6-23	2.74	3.50	0	31.7	6.5	0	0	0
zhangjiafen	1989-6-24	2.90	3.00	0	29.8	8.7	0	0	0
zhangjiafen	1989-6-25	2.76	3.00	1.1	29.8	8.8	0	0	0
zhangjiafen	1989-6-26	2.75	3.35	0.9	28.5	11.5	0	0	0
zhangjiafen	1989-6-27	2.83	3.20	0.2	26.5	12.2	0	0	0
zhangjiafen	1989-6-28	2.88	3.00	4.4	29.6	11.1	0	0	0
zhangjiafen	1989-6-29	2.93	4.45	0.1	28.0	8.4	0	0	0
zhangjiafen	1989-6-30	3.00	3.60	0.2	26.5	9.3	0	0	0
zhangjiafen	1989-7-1	3.13	3.05	0.5	25.9	7.6	0	0	0
zhangjiafen	1989-7-2	2.93	3.05	0.1	25.5	2.8	0	0	0
zhangjiafen	1989-7-3	2.80	3.00	0.5	25.5	2.4	0	0	0
zhangjiafen	1989-7-4	3.03	3.00	0.3	25.7	1.0	0	0	0
zhangjiafen	1989-7-5	3.07	3.00	1.7	27.0	1.2	0	0	0
zhangjiafen	1989-7-6	3.56	4.00	3.6	30.1	0.5	0	0	0
zhangjiafen	1989-7-7	4.33	4.85	7.6	33.8	2.8	0	0	0
zhangjiafen	1989-7-8	5.60	7.90	0	31.9	8.6	0	0	0
zhangjiafen	1989-7-9	4.87	5.60	0	29.8	10.0	0	0	0
zhangjiafen	1989-7-10	3.80	4.45	0	29.2	3.2	0	0	0
zhangjiafen	1989-7-11	3.82	3.55	0	27.5	8.9	0	0	0
zhangjiafen	1989-7-12	3.23	3.00	0	25.5	11.2	0	0	0
zhangjiafen	1989-7-13	3.06	3.00	16.4	48.1	6.8	0	0	0
zhangjiafen	1989-7-14	3.65	8.80	1.8	47.0	7.2	0	0	0
zhangjiafen	1989-7-15	5.87	10.40	1.7	46.3	5.7	0	0	0
zhangjiafen	1989-7-16	5.66	9.55	9.1	50.9	7.1	0	0	0
zhangjiafen	1989-7-17	5.31	13.10	6.3	59.9	0.2	0	0	0
zhangjiafen	1989-7-18	6.69	17.10	6.2	62.0	8.0	0	0	0
zhangjiafen	1989-7-19	7.58	18.50	8.1	67.1	8.2	0	0	0
zhangjiafen	1989-7-20	10.30	26.50	0.6	64.3	7.1	0	0	0
zhangjiafen	1989-7-21	26.60	21.30	20.0	74.6	4.0	0	0	0
zhangjiafen	1989-7-22	87.00	50.45	20.1	93.4	2.1	0	0	0
zhangjiafen	1989-7-23	46.50	46.30	0.5	92.1	2.7	0	0	0
zhangjiafen	1989-7-24	33.30	32.80	0	86.8	8.7	0	0	0
zhangjiafen	1989-7-25	24.50	22.70	0	82.3	7.7	0	0	0
zhangjiafen	1989-7-26	17.80	18.45	0	78.0	7.9	0	0	0
zhangjiafen	1989-7-27	13.90	14.80	0	73.7	8.5	0	0	0
zhangjiafen	1989-7-28	10.80	13.25	0	69.7	8.2	0	0	0
zhangjiafen	1989-7-29	9.38	12.55	0	65.9	8.2	0	0	0
zhangjiafen	1989-7-30	8.36	11.80	0	62.2	8.5	0	0	0
zhangjiafen	1989-7-31	6.87	11.05	0	58.6	8.8	0	0	0
zhangjiafen	1989-8-1	5.41	10.40	0	55.8	7.3	0	0	0
zhangjiafen	1989-8-2	4.01	9.70	0	50.1	16.3	0	0	0
zhangjiafen	1989-8-3	3.98	8.90	0	47.0	9.4	0	0	0
zhangjiafen	1989-8-4	3.32	7.95	0	44.3	8.7	0	0	0
zhangjiafen	1989-8-5	3.42	6.95	0	42.1	7.7	0	0	0
zhangjiafen	1989-8-6	3.89	6.05	5.6	45.7	9.3	0	0	0
zhangjiafen	1989-8-7	5.01	6.50	4.6	49.9	1.7	0	0	0
zhangjiafen	1989-8-8	5.12	9.25	0.3	47.5	8.1	0	0	0
zhangjiafen	1989-8-9	4.10	8.90	8.5	53.5	8.1	0	0	0
zhangjiafen	1989-8-10	3.95	11.95	2.2	54.0	2.9	0	0	0
zhangjiafen	1989-8-11	4.62	14.10	0	51.8	6.0	0	0	0
zhangjiafen	1989-8-12	4.84	12.65	0	48.6	9.5	0	0	0
zhangjiafen	1989-8-13	4.21	11.30	0	44.7	12.2	0	0	0
zhangjiafen	1989-8-14	4.54	9.90	0.4	43.0	7.3	0	0	0
zhangjiafen	1989-8-15	3.47	8.80	4.1	45.0	5.9	0	0	0
zhangjiafen	1989-8-16	3.22	10.25	0	44.2	2.5	0	0	0
zhangjiafen	1989-8-17	3.46	8.60	0	42.2	6.8	0	0	0
zhangjiafen	1989-8-18	2.71	7.35	0.1	41.3	3.6	0	0	0
zhangjiafen	1989-8-19	2.84	6.25	15.8	57.2	1.2	0	0	0
zhangjiafen	1989-8-20	6.76	15.05	6.6	65.4	2.8	0	0	0
zhangjiafen	1989-8-21	8.83	20.30	0	63.0	5.5	0	0	0
zhangjiafen	1989-8-22	7.56	17.40	0	60.4	6.3	0	0	0
zhangjiafen	1989-8-23	6.17	14.15	0	58.5	4.5	0	0	0
zhangjiafen	1989-8-24	5.60	12.20	0.1	55.8	7.5	0	0	0
zhangjiafen	1989-8-25	5.23	11.10	2.2	55.7	6.1	0	0	0
zhangjiafen	1989-8-26	4.99	12.30	0	53.0	7.3	0	0	0
zhangjiafen	1989-8-27	4.70	10.45	2.1	52.5	7.4	0	0	0
zhangjiafen	1989-8-28	5.04	12.30	7.9	55.9	3.7	0	0	0
zhangjiafen	1989-8-29	9.67	17.30	1.7	56.3	5.6	0	0	0
zhangjiafen	1989-8-30	8.51	14.90	0	53.4	7.9	0	0	0
zhangjiafen	1989-8-31	6.20	12.15	0	50.4	8.6	0	0	0
zhangjiafen	1989-9-1	4.90	10.55	0	47.7	8.0	0	0	0
zhangjiafen	1989-9-2	4.50	9.50	0	45.5	7.0	0	0	0
zhangjiafen	1989-9-3	4.02	8.45	1.7	45.5	5.8	0	0	0
zhangjiafen	1989-9-4	3.98	7.55	3.3	48.6	2.9	0	0	0
zhangjiafen	1989-9-5	3.95	7.15	8.0	58.2	2.0	0	0	0
zhangjiafen	1989-9-6	4.31	10.60	0.5	57.1	5.7	0	0	0
zhangjiafen	1989-9-7	4.18	13.00	2.2	57.5	5.1	0	0	0
zhangjiafen	1989-9-8	4.29	13.60	2.2	60.2	1.0	0	0	0
zhangjiafen	1989-9-9	4.27	14.00	6.0	66.4	1.2	0	0	0
zhangjiafen	1989-9-10	5.55	17.25	2.0	66.8	4.3	0	0	0
zhangjiafen	1989-9-11	5.95	17.00	0.1	64.0	6.6	0	0	0
zhangjiafen	1989-9-12	5.36	15.15	0	61.3	6.3	0	0	0
zhangjiafen	1989-9-13	5.03	13.50	0	59.2	5.0	0	0	0
zhangjiafen	1989-9-14	4.77	12.10	0.1	56.5	7.3	0	0	0
zhangjiafen	1989-9-15	4.25	10.85	0	55.1	3.4	0	0	0
zhangjiafen	1989-9-16	4.44	9.75	1.6	56.0	2.7	0	0	0
zhangjiafen	1989-9-17	4.03	8.80	6.5	57.6	6.1	0	0	0
zhangjiafen	1989-9-18	4.46	11.75	0	55.8	4.7	0	0	0
zhangjiafen	1989-9-19	3.89	10.15	1.7	56.0	4.9	0	0	0
zhangjiafen	1989-9-20	4.26	10.10	6.8	62.4	0.1	0	0	0
zhangjiafen	1989-9-21	5.11	13.30	0	61.4	2.4	0	0	0
zhangjiafen	1989-9-22	5.27	12.60	5.2	65.9	0.5	0	0	0
zhangjiafen	1989-9-23	5.47	14.40	11.7	77.3	1.0	0	0	0
zhangjiafen	1989-9-24	7.46	23.05	0.2	74.8	5.0	0	0	0
zhangjiafen	1989-9-25	7.44	20.60	7.8	79.6	4.3	0	0	0
zhangjiafen	1989-9-26	7.40	22.70	3.7	83.5	0.3	0	0	0
zhangjiafen	1989-9-27	7.76	23.15	0.4	80.8	5.3	0	0	0
zhangjiafen	1989-9-28	7.16	19.60	0	78.1	4.8	0	0	0
zhangjiafen	1989-9-29	6.27	16.25	0	76.3	3.4	0	0	0
zhangjiafen	1989-9-30	6.04	14.10	0	74.1	4.1	0	0	0
zhangjiafen	1989-10-1	5.98	13.05	0.1	71.9	4.6	0	0	0
zhangjiafen	1989-10-2	5.65	12.55	5.3	78.5	2.9	0	0	0
zhangjiafen	1989-10-3	5.54	16.05	1.2	77.8	2.8	0	0	0
zhangjiafen	1989-10-4	6.14	16.95	0	75.7	3.9	0	0	0
zhangjiafen	1989-10-5	5.96	15.40	0	72.6	6.0	0	0	0
zhangjiafen	1989-10-6	5.89	14.05	0	70.2	4.8	0	0	0
zhangjiafen	1989-10-7	4.64	12.95	0	68.0	4.6	0	0	0
zhangjiafen	1989-10-8	5.37	12.00	0	65.7	4.9	0	0	0
zhangjiafen	1989-10-9	5.45	11.10	4.1	68.8	3.2	0	0	0
zhangjiafen	1989-10-10	5.29	11.40	0.3	67.5	4.5	0	0	0
zhangjiafen	1989-10-11	5.21	11.70	0.1	65.9	3.7	0	0	0
zhangjiafen	1989-10-12	5.66	11.70	0	64.1	3.8	0	0	0
zhangjiafen	1989-10-13	5.65	11.30	0	62.4	3.8	0	0	0
zhangjiafen	1989-10-14	5.33	10.65	0.1	61.5	2.8	0	0	0
zhangjiafen	1989-10-15	5.27	10.10	0	59.8	4.2	0	0	0
zhangjiafen	1989-10-16	5.03	9.40	0	58.0	4.2	0	0	0
zhangjiafen	1989-10-17	5.25	8.70	0	56.2	4.5	0	0	0
zhangjiafen	1989-10-18	5.31	8.00	0	55.0	3.1	0	0	0
zhangjiafen	1989-10-19	5.30	7.30	0	53.5	4.1	0	0	0
zhangjiafen	1989-10-20	5.06	6.65	0	51.1	6.5	0	0	0
zhangjiafen	1989-10-21	5.39	6.05	0	49.5	4.6	0	0	0
zhangjiafen	1989-10-22	4.84	5.60	0	47.9	4.8	0	0	0
zhangjiafen	1989-10-23	4.66	5.20	0	46.9	3.0	0	0	0
zhangjiafen	1989-10-24	4.64	4.90	0	45.8	3.5	0	0	0
zhangjiafen	1989-10-25	4.54	4.65	0	44.1	5.6	0	0	0
zhangjiafen	1989-10-26	4.64	4.45	0	43.1	3.2	0	0	0
zhangjiafen	1989-10-27	4.51	4.25	0	42.4	2.4	0	0	0
zhangjiafen	1989-10-28	4.39	4.05	0	41.2	4.0	0	0	0
zhangjiafen	1989-10-29	4.36	3.85	0.1	40.5	2.8	0	0	0
zhangjiafen	1989-10-30	4.27	3.65	3.2	44.0	1.8	0	0	0
zhangjiafen	1989-10-31	4.49	5.60	0	43.1	3.0	0	0	0
zhangjiafen	1989-11-1	4.49	5.15	0	42.4	2.2	0	0	0
zhangjiafen	1989-11-2	4.22	4.65	0	41.8	2.2	0	0	0
zhangjiafen	1989-11-3	4.10	4.20	0	41.0	2.8	0	0	0
zhangjiafen	1989-11-4	4.34	3.90	0.1	40.5	2.0	0	0	0
zhangjiafen	1989-11-5	4.49	3.65	0.2	39.6	3.5	0	0	0
zhangjiafen	1989-11-6	4.27	3.45	0	38.8	3.0	0	0	0
zhangjiafen	1989-11-7	4.31	3.20	1.3	40.3	0.5	0	0	0
zhangjiafen	1989-11-8	4.10	3.90	1.5	41.2	1.3	0	0	0
zhangjiafen	1989-11-9	4.20	4.70	0.1	40.7	2.1	0	0	0
zhangjiafen	1989-11-10	4.22	4.55	0	40.4	0.9	0	0	0
zhangjiafen	1989-11-11	3.98	4.15	0	40.2	0.8	0	0	0
zhangjiafen	1989-11-12	3.81	3.85	0	39.4	2.5	0	0	0
zhangjiafen	1989-11-13	3.62	3.55	0	39.0	1.6	0	0	0
zhangjiafen	1989-11-14	3.87	3.30	0	38.6	1.3	0	0	0
zhangjiafen	1989-11-15	3.24	3.05	0.6	39.1	0.2	0	0	0
zhangjiafen	1989-11-16	3.46	3.60	0	38.6	1.9	0	0	0
zhangjiafen	1989-11-17	3.43	3.45	0	38.1	1.9	0	0	0
zhangjiafen	1989-11-18	3.60	3.25	0	37.6	1.5	0	0	0
zhangjiafen	1989-11-19	3.70	3.05	0	37.3	1.4	0	0	0
zhangjiafen	1989-11-20	3.82	3.00	0	36.9	1.3	0	0	0
zhangjiafen	1989-11-21	3.98	3.00	0	36.4	1.7	0	0	0
zhangjiafen	1989-11-22	4.18	3.00	0	36.0	1.6	0	0	0
zhangjiafen	1989-11-23	3.98	3.00	0	35.5	1.9	0	0	0
zhangjiafen	1989-11-24	3.94	3.00	0	35.2	1.3	0	0	0
zhangjiafen	1989-11-25	3.72	3.00	0	34.9	0.9	0	0	0
zhangjiafen	1989-11-26	3.61	3.00	0	34.4	2.4	0	0	0
zhangjiafen	1989-11-27	3.50	3.00	0	34.0	1.6	0	0	0
zhangjiafen	1989-11-28	3.42	3.00	0	33.7	1.3	0	0	0
zhangjiafen	1989-11-29	3.65	3.00	0	33.3	1.7	0	0	0
zhangjiafen	1989-11-30	3.98	3.00	0	32.9	1.5	0	0	0
zhangjiafen	1989-12-1	4.25	3.00	0	32.6	1.3	0	0	0
zhangjiafen	1989-12-2	4.59	3.00	0	32.2	1.8	0	0	0
zhangjiafen	1989-12-3	4.10	3.00	0	31.4	3.3	0	0	0
zhangjiafen	1989-12-4	3.94	3.00	0	31.0	1.8	0	0	0
zhangjiafen	1989-12-5	3.83	3.00	0.1	30.7	1.9	0	0	0
zhangjiafen	1989-12-6	3.74	3.00	0.2	30.6	1.1	0	0	0
zhangjiafen	1989-12-7	3.81	3.00	0	29.8	3.7	0	0	0
zhangjiafen	1989-12-8	4.03	3.00	0	29.5	1.3	0	0	0
zhangjiafen	1989-12-9	4.51	3.00	0	29.4	0.7	0	0	0
zhangjiafen	1989-12-10	4.33	3.00	0	29.0	1.7	0	0	0
zhangjiafen	1989-12-11	3.96	3.00	0	28.9	0.8	0	0	0
zhangjiafen	1989-12-12	3.85	3.00	0	28.7	0.9	0	0	0
zhangjiafen	1989-12-13	3.78	3.00	0	28.3	1.8	0	0	0
zhangjiafen	1989-12-14	3.50	3.00	0	28.1	1.1	0	0	0
zhangjiafen	1989-12-15	3.14	3.00	0	27.9	0.7	0	0	0
zhangjiafen	1989-12-16	2.93	3.00	0	27.8	0.5	0	0	0
zhangjiafen	1989-12-17	2.92	3.00	0	27.5	1.4	0	0	0
zhangjiafen	1989-12-18	2.94	3.00	0	27.4	0.6	0	0	0
zhangjiafen	1989-12-19	2.96	3.00	0	27.3	0.4	0	0	0
zhangjiafen	1989-12-20	2.94	3.00	0	27.1	0.9	0	0	0
zhangjiafen	1989-12-21	2.79	3.00	0.1	27.1	0	0	0	0
zhangjiafen	1989-12-22	2.62	3.00	0	26.9	1.0	0	0	0
zhangjiafen	1989-12-23	2.45	3.00	0	26.7	1.0	0	0	0
zhangjiafen	1989-12-24	2.29	3.00	0	26.5	1.0	0	0	0
zhangjiafen	1989-12-25	2.14	3.00	0	26.3	1.4	0	0	0
zhangjiafen	1989-12-26	2.15	3.00	0	26.1	1.0	0	0	0
zhangjiafen	1989-12-27	2.22	3.00	0	26.0	0.6	0	0	0
zhangjiafen	1989-12-28	2.29	3.00	0	25.8	0.9	0	0	0
zhangjiafen	1989-12-29	2.36	3.00	0	25.5	1.2	0	0	0
zhangjiafen	1989-12-30	2.43	3.00	0	25.5	0.7	0	0	0
zhangjiafen	1989-12-31	2.51	3.00	0	25.3	1.0	0	0	0
zhangjiafen	1990-1-1	2.61	3.00	0	24.9	2.6	0	0	0
zhangjiafen	1990-1-2	2.54	3.00	0	24.7	1.0	0	0	0
zhangjiafen	1990-1-3	2.44	3.00	0	24.5	1.0	0	0	0
zhangjiafen	1990-1-4	2.34	3.00	0	24.3	1.2	0	0	0
zhangjiafen	1990-1-5	2.24	3.00	0	24.0	1.3	0	0	0
zhangjiafen	1990-1-6	2.14	3.00	0	23.9	1.0	0	0	0
zhangjiafen	1990-1-7	2.13	3.00	0	23.7	0.8	0	0	0
zhangjiafen	1990-1-8	2.14	3.00	0	23.6	0.6	0	0	0
zhangjiafen	1990-1-9	2.15	3.00	0.5	24.3	0	0	0	0
zhangjiafen	1990-1-10	2.16	3.00	0	24.1	0.8	0	0	0
zhangjiafen	1990-1-11	2.18	3.00	0	23.9	0.8	0	0	0
zhangjiafen	1990-1-12	2.23	3.00	0	23.8	1.0	0	0	0
zhangjiafen	1990-1-13	2.30	3.00	0	23.6	0.9	0	0	0
zhangjiafen	1990-1-14	2.37	3.00	0	23.4	0.9	0	0	0
zhangjiafen	1990-1-15	2.43	3.00	0	23.3	0.9	0	0	0
zhangjiafen	1990-1-16	2.50	3.00	0	23.1	0.9	0	0	0
zhangjiafen	1990-1-17	2.54	3.00	0	22.8	2.1	0	0	0
zhangjiafen	1990-1-18	2.45	3.00	0	22.5	1.4	0	0	0
zhangjiafen	1990-1-19	2.36	3.00	0	22.4	0.9	0	0	0
zhangjiafen	1990-1-20	2.26	3.00	0	22.2	1.2	0	0	0
zhangjiafen	1990-1-21	2.16	3.00	0	22.0	1.4	0	0	0
zhangjiafen	1990-1-22	2.06	3.00	0	21.8	1.3	0	0	0
zhangjiafen	1990-1-23	1.96	3.00	0	21.6	1.1	0	0	0
zhangjiafen	1990-1-24	1.86	3.00	0	21.5	0.8	0	0	0
zhangjiafen	1990-1-25	1.77	3.00	0	21.4	0.6	0	0	0
zhangjiafen	1990-1-26	1.77	3.00	0.1	21.3	1.3	0	0	0
zhangjiafen	1990-1-27	1.79	3.00	1.1	22.4	0	0	0	0
zhangjiafen	1990-1-28	1.81	3.25	3.2	25.4	0.8	0	0	0
zhangjiafen	1990-1-29	1.82	4.10	0.1	25.2	1.6	0	0	0
zhangjiafen	1990-1-30	1.84	3.30	0	25.0	0.9	0	0	0
zhangjiafen	1990-1-31	1.86	3.00	0	24.6	2.3	0	0	0
zhangjiafen	1990-2-1	1.93	3.00	0	24.3	1.8	0	0	0
zhangjiafen	1990-2-2	2.00	3.00	0	24.0	1.2	0	0	0
zhangjiafen	1990-2-3	2.07	3.00	0	23.9	0.7	0	0	0
zhangjiafen	1990-2-4	2.14	3.00	0	23.7	1.0	0	0	0
zhangjiafen	1990-2-5	2.21	3.00	0	23.6	0.7	0	0	0
zhangjiafen	1990-2-6	2.29	3.00	0	23.3	1.5	0	0	0
zhangjiafen	1990-2-7	2.36	3.00	0	23.3	0.8	0	0	0
zhangjiafen	1990-2-8	2.46	3.00	0	23.1	1.0	0	0	0
zhangjiafen	1990-2-9	2.57	3.00	0	23.0	0.5	0	0	0
zhangjiafen	1990-2-10	2.67	3.00	0	22.8	1.1	0	0	0
zhangjiafen	1990-2-11	2.77	3.00	0	22.3	3.1	0	0	0
zhangjiafen	1990-2-12	2.88	3.00	0	22.1	1.1	0	0	0
zhangjiafen	1990-2-13	2.98	3.00	2.1	24.1	0.5	0	0	0
zhangjiafen	1990-2-14	3.15	3.55	0.4	24.4	0.5	0	0	0
zhangjiafen	1990-2-15	3.33	3.05	0	24.3	0.5	0	0	0
zhangjiafen	1990-2-16	3.51	3.00	0.1	24.2	0.8	0	0	0
zhangjiafen	1990-2-17	3.70	3.00	3.3	27.1	0.1	0	0	0
zhangjiafen	1990-2-18	3.88	4.05	1.7	28.9	0.3	0	0	0
zhangjiafen	1990-2-19	3.98	4.25	0.1	28.8	0.8	0	0	0
zhangjiafen	1990-2-20	3.78	3.75	1.8	30.6	0.7	0	0	0
zhangjiafen	1990-2-21	3.47	3.90	1.4	32.1	0.1	0	0	0
zhangjiafen	1990-2-22	3.15	4.10	0.1	31.8	2.1	0	0	0
zhangjiafen	1990-2-23	2.83	3.65	0.2	31.5	1.6	0	0	0
zhangjiafen	1990-2-24	2.54	3.15	0	31.2	1.4	0	0	0
zhangjiafen	1990-2-25	2.57	3.00	0	30.9	1.6	0	0	0
zhangjiafen	1990-2-26	2.70	3.00	0	30.5	1.7	0	0	0
zhangjiafen	1990-2-27	2.85	3.00	0	30.2	1.0	0	0	0
zhangjiafen	1990-2-28	3.20	3.00	0	29.9	1.4	0	0	0
zhangjiafen	1990-3-1	3.53	3.00	0	29.6	1.4	0	0	0
zhangjiafen	1990-3-2	3.71	3.00	0	29.2	2.0	0	0	0
zhangjiafen	1990-3-3	3.56	3.00	0	28.9	1.8	0	0	0
zhangjiafen	1990-3-4	3.65	3.00	0	28.2	3.3	0	0	0
zhangjiafen	1990-3-5	3.48	3.00	0	27.5	4.0	0	0	0
zhangjiafen	1990-3-6	3.57	3.00	0	26.6	4.7	0	0	0
zhangjiafen	1990-3-7	3.40	3.00	0	25.9	3.6	0	0	0
zhangjiafen	1990-3-8	3.80	3.00	0	25.4	2.8	0	0	0
zhangjiafen	1990-3-9	3.67	3.00	0	24.7	4.0	0	0	0
zhangjiafen	1990-3-10	3.53	3.00	0	24.1	3.7	0	0	0
zhangjiafen	1990-3-11	3.38	3.00	0	23.5	4.0	0	0	0
zhangjiafen	1990-3-12	3.26	3.00	0	23.0	3.1	0	0	0
zhangjiafen	1990-3-13	3.35	3.00	0.7	23.7	0.5	0	0	0
zhangjiafen	1990-3-14	3.11	3.00	0	23.0	4.0	0	0	0
zhangjiafen	1990-3-15	3.14	3.00	0	22.9	0.8	0	0	0
zhangjiafen	1990-3-16	3.08	3.00	0	22.4	3.1	0	0	0
zhangjiafen	1990-3-17	2.97	3.00	0	21.7	4.6	0	0	0
zhangjiafen	1990-3-18	3.08	3.00	0	21.1	3.8	0	0	0
zhangjiafen	1990-3-19	3.21	3.00	0	20.7	2.9	0	0	0
zhangjiafen	1990-3-20	3.18	3.00	5.8	25.7	2.4	0	0	0
zhangjiafen	1990-3-21	3.43	4.75	1.1	26.6	1.5	0	0	0
zhangjiafen	1990-3-22	3.26	5.30	7.7	34.5	0.9	0	0	0
zhangjiafen	1990-3-23	3.29	7.20	0.3	33.9	3.3	0	0	0
zhangjiafen	1990-3-24	3.36	5.75	0	32.8	4.8	0	0	0
zhangjiafen	1990-3-25	3.52	4.80	0	31.8	4.4	0	0	0
zhangjiafen	1990-3-26	3.39	3.95	1.6	33.2	1.8	0	0	0
zhangjiafen	1990-3-27	3.22	4.05	0.5	33.6	0.8	0	0	0
zhangjiafen	1990-3-28	3.07	3.90	0	32.9	3.0	0	0	0
zhangjiafen	1990-3-29	3.16	3.35	0	32.2	3.0	0	0	0
zhangjiafen	1990-3-30	3.32	3.00	2.3	33.9	1.9	0	0	0
zhangjiafen	1990-3-31	3.48	4.35	0	32.9	4.4	0	0	0
zhangjiafen	1990-4-1	3.55	3.70	0.1	31.8	5.5	0	0	0
zhangjiafen	1990-4-2	3.49	3.25	2.0	33.2	1.5	0	0	0
zhangjiafen	1990-4-3	3.48	4.10	0.2	32.3	4.1	0	0	0
zhangjiafen	1990-4-4	3.39	3.45	0	31.2	5.0	0	0	0
zhangjiafen	1990-4-5	3.31	3.00	0	29.8	7.1	0	0	0
zhangjiafen	1990-4-6	3.12	3.00	0.1	28.4	8.0	0	0	0
zhangjiafen	1990-4-7	3.09	3.00	0	27.3	5.7	0	0	0
zhangjiafen	1990-4-8	2.67	3.00	0	25.8	8.0	0	0	0
zhangjiafen	1990-4-9	2.23	3.00	0	24.5	8.0	0	0	0
zhangjiafen	1990-4-10	2.60	3.00	0	23.2	7.9	0	0	0
zhangjiafen	1990-4-11	2.62	3.00	0	22.4	5.4	0	0	0
zhangjiafen	1990-4-12	2.50	3.00	0	21.6	5.0	0	0	0
zhangjiafen	1990-4-13	2.27	3.00	0	21.0	4.0	0	0	0
zhangjiafen	1990-4-14	2.36	3.00	0	20.1	6.9	0	0	0
zhangjiafen	1990-4-15	2.06	3.00	0	19.1	7.6	0	0	0
zhangjiafen	1990-4-16	2.06	3.00	0	18.2	7.0	0	0	0
zhangjiafen	1990-4-17	1.98	3.00	2.5	20.0	4.3	0	0	0
zhangjiafen	1990-4-18	1.65	3.50	5.7	26.1	0.6	0	0	0
zhangjiafen	1990-4-19	1.79	5.55	0.4	25.7	3.5	0	0	0
zhangjiafen	1990-4-20	1.88	4.75	0.9	25.9	6.4	0	0	0
zhangjiafen	1990-4-21	1.92	4.25	1.1	26.0	4.3	0	0	0
zhangjiafen	1990-4-22	1.82	3.70	0	25.4	3.5	0	0	0
zhangjiafen	1990-4-23	1.81	3.00	0	24.8	3.5	0	0	0
zhangjiafen	1990-4-24	1.88	3.00	0	23.8	6.0	0	0	0
zhangjiafen	1990-4-25	1.98	3.00	0	23.0	4.5	0	0	0
zhangjiafen	1990-4-26	2.26	3.00	0	22.0	6.5	0	0	0
zhangjiafen	1990-4-27	2.02	3.00	0	20.9	8.0	0	0	0
zhangjiafen	1990-4-28	1.87	3.00	0	19.7	8.5	0	0	0
zhangjiafen	1990-4-29	1.77	3.00	0.7	20.1	2.8	0	0	0
zhangjiafen	1990-4-30	2.17	3.15	28.7	45.9	0	0	0	0
zhangjiafen	1990-5-1	4.83	10.35	0	44.2	5.5	0	0	0
zhangjiafen	1990-5-2	6.40	10.25	0	42.7	5.0	0	0	0
zhangjiafen	1990-5-3	5.55	9.25	0	40.9	6.0	0	0	0
zhangjiafen	1990-5-4	4.54	8.35	0	38.6	8.7	0	0	0
zhangjiafen	1990-5-5	4.28	7.35	0	37.6	3.6	0	0	0
zhangjiafen	1990-5-6	4.09	6.30	0	35.5	8.5	0	0	0
zhangjiafen	1990-5-7	3.64	5.35	0	33.4	9.0	0	0	0
zhangjiafen	1990-5-8	3.19	4.35	0	31.4	9.0	0	0	0
zhangjiafen	1990-5-9	3.31	3.45	0	28.9	12.2	0	0	0
zhangjiafen	1990-5-10	2.60	3.00	0	27.2	8.5	0	0	0
zhangjiafen	1990-5-11	2.52	3.00	0	25.6	9.0	0	0	0
zhangjiafen	1990-5-12	2.51	3.00	1.5	27.0	3.0	0	0	0
zhangjiafen	1990-5-13	2.74	3.40	0	25.2	10.0	0	0	0
zhangjiafen	1990-5-14	2.42	3.00	0	23.5	10.0	0	0	0
zhangjiafen	1990-5-15	2.10	3.00	0	21.9	10.5	0	0	0
zhangjiafen	1990-5-16	2.72	3.00	0	20.9	6.8	0	0	0
zhangjiafen	1990-5-17	2.09	3.00	0	20.2	5.4	0	0	0
zhangjiafen	1990-5-18	1.95	3.00	0	19.2	7.6	0	0	0
zhangjiafen	1990-5-19	2.08	3.00	0	18.0	9.0	0	0	0
zhangjiafen	1990-5-20	2.17	3.00	0	16.6	12.0	0	0	0
zhangjiafen	1990-5-21	1.86	3.00	0	15.6	10.0	0	0	0
zhangjiafen	1990-5-22	1.76	3.00	0.1	14.6	10.0	0	0	0
zhangjiafen	1990-5-23	1.83	3.00	0	13.9	8.0	0	0	0
zhangjiafen	1990-5-24	1.76	3.00	0.6	14.5	7.0	0	0	0
zhangjiafen	1990-5-25	1.64	3.00	4.1	17.5	1.2	0	0	0
zhangjiafen	1990-5-26	2.21	4.90	0	16.3	10.0	0	0	0
zhangjiafen	1990-5-27	2.23	3.00	0	15.3	10.0	0	0	0
zhangjiafen	1990-5-28	2.41	3.00	9.5	24.2	7.0	0	0	0
zhangjiafen	1990-5-29	3.23	6.05	0.6	23.3	8.0	0	0	0
zhangjiafen	1990-5-30	3.52	5.20	15.8	38.4	1.5	0	0	0
zhangjiafen	1990-5-31	4.11	8.25	0.2	37.7	3.5	0	0	0
zhangjiafen	1990-6-1	4.47	8.75	0	35.4	9.0	0	0	0
zhangjiafen	1990-6-2	4.40	7.60	0	33.2	9.5	0	0	0
zhangjiafen	1990-6-3	3.57	6.45	6.2	41.1	11.4	0	0	0
zhangjiafen	1990-6-4	3.39	8.70	0	38.8	8.5	0	0	0
zhangjiafen	1990-6-5	3.21	7.55	5.3	42.7	9.2	0	0	0
zhangjiafen	1990-6-6	3.33	9.40	7.4	51.8	1.1	0	0	0
zhangjiafen	1990-6-7	3.31	12.40	0.2	51.4	2.0	0	0	0
zhangjiafen	1990-6-8	4.33	12.10	0.7	49.4	8.7	0	0	0
zhangjiafen	1990-6-9	3.98	12.15	0.2	47.2	7.0	0	0	0
zhangjiafen	1990-6-10	3.00	10.30	0.2	45.2	7.0	0	0	0
zhangjiafen	1990-6-11	2.39	9.60	0.4	43.1	8.1	0	0	0
zhangjiafen	1990-6-12	1.93	8.90	1.9	42.4	9.5	0	0	0
zhangjiafen	1990-6-13	1.88	9.10	0.1	40.7	6.2	0	0	0
zhangjiafen	1990-6-14	2.38	7.20	0.1	38.7	7.9	0	0	0
zhangjiafen	1990-6-15	2.33	5.70	0	36.4	9.0	0	0	0
zhangjiafen	1990-6-16	2.19	4.40	0	33.3	13.0	0	0	0
zhangjiafen	1990-6-17	1.97	3.65	0.2	32.6	6.2	0	0	0
zhangjiafen	1990-6-18	2.20	3.30	0	30.7	8.8	0	0	0
zhangjiafen	1990-6-19	2.32	3.00	0.1	28.2	13.1	0	0	0
zhangjiafen	1990-6-20	2.37	3.00	20.9	48.7	3.4	0	0	0
zhangjiafen	1990-6-21	2.84	7.25	3.5	50.5	6.1	0	0	0
zhangjiafen	1990-6-22	3.01	10.65	1.0	50.5	6.0	0	0	0
zhangjiafen	1990-6-23	3.04	11.55	0.2	48.9	6.0	0	0	0
zhangjiafen	1990-6-24	3.54	10.55	0	46.6	7.0	0	0	0
zhangjiafen	1990-6-25	2.84	9.60	0	46.0	2.0	0	0	0
zhangjiafen	1990-6-26	2.89	8.55	1.3	45.7	5.4	0	0	0
zhangjiafen	1990-6-27	2.81	7.70	4.7	48.5	6.9	0	0	0
zhangjiafen	1990-6-28	4.31	10.85	1.5	46.9	7.5	0	0	0
zhangjiafen	1990-6-29	5.55	11.75	0	44.0	9.5	0	0	0
zhangjiafen	1990-6-30	5.53	9.30	1.3	43.7	6.4	0	0	0
zhangjiafen	1990-7-1	4.54	7.15	0.6	44.2	3.5	0	0	0
zhangjiafen	1990-7-2	4.33	6.50	2.9	48.2	4.5	0	0	0
zhangjiafen	1990-7-3	4.68	8.85	0.2	45.6	8.3	0	0	0
zhangjiafen	1990-7-4	16.00	8.75	29.5	76.0	5.7	0	0	0
zhangjiafen	1990-7-5	52.20	27.30	0.8	72.6	7.9	0	0	0
zhangjiafen	1990-7-6	24.90	25.95	35.7	100.0	3.2	0	0	0
zhangjiafen	1990-7-7	141.00	58.05	15.4	109.2	4.9	0	0	0
zhangjiafen	1990-7-8	180.00	73.00	3.1	108.9	5.8	0	0	0
zhangjiafen	1990-7-9	78.70	49.65	6.1	106.6	8.2	0	0	0
zhangjiafen	1990-7-10	61.80	44.50	3.2	105.9	4.3	0	0	0
zhangjiafen	1990-7-11	50.10	31.20	1.2	105.4	3.2	0	0	0
zhangjiafen	1990-7-12	42.20	25.10	14.8	109.2	5.8	0	0	0
zhangjiafen	1990-7-13	58.10	44.15	8.1	114.5	3.9	0	0	0
zhangjiafen	1990-7-14	75.50	47.60	2.3	114.2	5.4	0	0	0
zhangjiafen	1990-7-15	57.30	39.45	6.6	118.4	4.4	0	0	0
zhangjiafen	1990-7-16	57.20	44.25	8.3	118.8	6.7	0	0	0
zhangjiafen	1990-7-17	70.50	50.00	9.5	122.0	6.5	0	0	0
zhangjiafen	1990-7-18	74.90	53.35	1.3	118.0	5.9	0	0	0
zhangjiafen	1990-7-19	59.10	40.45	0.2	114.0	5.3	0	0	0
zhangjiafen	1990-7-20	49.60	28.70	3.7	113.3	4.3	0	0	0
zhangjiafen	1990-7-21	45.40	24.65	0	110.6	3.5	0	0	0
zhangjiafen	1990-7-22	40.60	21.10	0	106.1	6.0	0	0	0
zhangjiafen	1990-7-23	33.30	17.95	0	101.8	6.0	0	0	0
zhangjiafen	1990-7-24	30.50	15.35	0.1	95.3	9.9	0	0	0
zhangjiafen	1990-7-25	25.00	14.70	0.9	95.0	1.9	0	0	0
zhangjiafen	1990-7-26	23.60	15.05	1.2	94.7	1.8	0	0	0
zhangjiafen	1990-7-27	23.50	15.00	3.3	93.7	7.4	0	0	0
zhangjiafen	1990-7-28	27.00	19.90	0.3	90.2	6.0	0	0	0
zhangjiafen	1990-7-29	24.20	17.70	1.6	89.4	4.2	0	0	0
zhangjiafen	1990-7-30	20.90	16.70	4.9	93.1	4.2	0	0	0
zhangjiafen	1990-7-31	19.50	18.25	3.9	92.3	7.1	0	0	0
zhangjiafen	1990-8-1	17.80	20.70	20.2	109.5	2.6	0	0	0
zhangjiafen	1990-8-2	29.80	45.80	0.1	107.8	2.4	0	0	0
zhangjiafen	1990-8-3	25.70	38.30	0.2	103.9	5.8	0	0	0
zhangjiafen	1990-8-4	20.30	28.55	0	99.4	6.4	0	0	0
zhangjiafen	1990-8-5	16.10	21.40	5.4	103.2	6.3	0	0	0
zhangjiafen	1990-8-6	15.60	24.65	9.4	110.7	6.0	0	0	0
zhangjiafen	1990-8-7	31.70	35.75	16.1	117.9	5.5	0	0	0
zhangjiafen	1990-8-8	56.50	62.35	1.3	116.8	5.0	0	0	0
zhangjiafen	1990-8-9	38.30	48.25	6.1	114.5	8.1	0	0	0
zhangjiafen	1990-8-10	39.00	40.80	0.6	112.3	4.7	0	0	0
zhangjiafen	1990-8-11	43.10	32.10	9.7	115.3	2.3	0	0	0
zhangjiafen	1990-8-12	38.70	39.30	0.9	111.7	5.3	0	0	0
zhangjiafen	1990-8-13	32.30	28.20	0	108.4	4.4	0	0	0
zhangjiafen	1990-8-14	28.30	21.30	0.2	103.8	6.4	0	0	0
zhangjiafen	1990-8-15	24.00	17.75	2.3	103.0	3.9	0	0	0
zhangjiafen	1990-8-16	22.50	15.65	0.1	98.5	6.6	0	0	0
zhangjiafen	1990-8-17	21.10	15.95	0.6	95.2	6.5	0	0	0
zhangjiafen	1990-8-18	19.10	16.55	2.8	96.0	4.2	0	0	0
zhangjiafen	1990-8-19	17.90	18.30	0.1	91.7	6.9	0	0	0
zhangjiafen	1990-8-20	17.60	18.10	12.7	99.2	6.0	0	0	0
zhangjiafen	1990-8-21	20.20	30.20	6.1	99.8	6.2	0	0	0
zhangjiafen	1990-8-22	27.60	34.50	0	95.5	6.5	0	0	0
zhangjiafen	1990-8-23	21.40	28.80	0.4	92.0	6.8	0	0	0
zhangjiafen	1990-8-24	16.60	22.30	0	88.3	5.9	0	0	0
zhangjiafen	1990-8-25	15.30	18.30	1.0	84.8	7.4	0	0	0
zhangjiafen	1990-8-26	13.80	14.95	2.6	85.4	2.0	0	0	0
zhangjiafen	1990-8-27	12.90	16.95	15.5	99.9	2.9	0	0	0
zhangjiafen	1990-8-28	19.70	31.95	4.8	101.0	3.8	0	0	0
zhangjiafen	1990-8-29	25.20	39.05	0	96.8	6.1	0	0	0
zhangjiafen	1990-8-30	20.70	28.25	2.3	94.5	7.3	0	0	0
zhangjiafen	1990-8-31	18.70	24.40	0	90.3	6.7	0	0	0
zhangjiafen	1990-9-1	17.20	19.50	0	86.3	6.6	0	0	0
zhangjiafen	1990-9-2	16.60	15.75	7.6	87.4	6.0	0	0	0
zhangjiafen	1990-9-3	24.40	24.15	10.0	94.7	3.1	0	0	0
zhangjiafen	1990-9-4	27.80	27.60	0.1	92.4	3.5	0	0	0
zhangjiafen	1990-9-5	23.50	23.20	0	90.2	3.5	0	0	0
zhangjiafen	1990-9-6	19.60	19.20	0.3	88.7	3.1	0	0	0
zhangjiafen	1990-9-7	17.10	16.00	11.4	98.5	3.0	0	0	0
zhangjiafen	1990-9-8	16.70	25.00	0.1	95.3	4.9	0	0	0
zhangjiafen	1990-9-9	18.30	24.00	0.5	92.5	5.6	0	0	0
zhangjiafen	1990-9-10	16.20	21.00	0	89.0	5.6	0	0	0
zhangjiafen	1990-9-11	15.90	17.85	0.1	85.5	6.2	0	0	0
zhangjiafen	1990-9-12	14.60	15.25	0.9	82.9	6.7	0	0	0
zhangjiafen	1990-9-13	14.60	15.25	10.0	88.6	2.0	0	0	0
zhangjiafen	1990-9-14	24.90	22.85	0.4	85.4	6.0	0	0	0
zhangjiafen	1990-9-15	17.90	20.15	0.1	82.4	5.4	0	0	0
zhangjiafen	1990-9-16	16.10	17.00	6.6	86.1	3.7	0	0	0
zhangjiafen	1990-9-17	17.10	21.25	0.2	84.1	3.7	0	0	0
zhangjiafen	1990-9-18	16.00	18.45	0	81.1	5.3	0	0	0
zhangjiafen	1990-9-19	15.40	16.05	0.3	79.1	4.6	0	0	0
zhangjiafen	1990-9-20	14.60	14.95	1.4	80.1	2.1	0	0	0
zhangjiafen	1990-9-21	14.50	15.45	0	77.2	5.4	0	0	0
zhangjiafen	1990-9-22	13.30	14.60	0	75.7	2.8	0	0	0
zhangjiafen	1990-9-23	12.60	13.80	2.9	75.9	3.5	0	0	0
zhangjiafen	1990-9-24	13.40	13.95	0.7	75.2	5.7	0	0	0
zhangjiafen	1990-9-25	14.20	14.80	4.0	78.1	1.5	0	0	0
zhangjiafen	1990-9-26	14.20	14.45	13.9	89.1	2.9	0	0	0
zhangjiafen	1990-9-27	19.80	28.45	0.6	88.1	4.4	0	0	0
zhangjiafen	1990-9-28	17.20	26.30	0.2	86.2	4.1	0	0	0
zhangjiafen	1990-9-29	15.20	21.75	0	82.7	5.9	0	0	0
zhangjiafen	1990-9-30	13.80	17.80	0.1	80.0	5.4	0	0	0
zhangjiafen	1990-10-1	13.70	14.75	0	76.9	5.7	0	0	0
zhangjiafen	1990-10-2	12.90	13.70	0	74.4	4.8	0	0	0
zhangjiafen	1990-10-3	12.50	13.00	0	72.5	3.6	0	0	0
zhangjiafen	1990-10-4	12.50	12.25	0	70.3	4.6	0	0	0
zhangjiafen	1990-10-5	12.20	11.55	0	66.8	7.3	0	0	0
zhangjiafen	1990-10-6	11.80	10.90	0	64.6	4.9	0	0	0
zhangjiafen	1990-10-7	11.60	10.25	0	62.8	4.2	0	0	0
zhangjiafen	1990-10-8	11.30	9.65	0	60.6	5.2	0	0	0
zhangjiafen	1990-10-9	11.00	9.05	0	58.8	4.2	0	0	0
zhangjiafen	1990-10-10	10.60	8.45	0.1	58.2	1.9	0	0	0
zhangjiafen	1990-10-11	10.60	7.80	0	56.6	3.8	0	0	0
zhangjiafen	1990-10-12	10.00	7.20	0	55.5	3.0	0	0	0
zhangjiafen	1990-10-13	9.56	6.65	0.6	54.8	2.6	0	0	0
zhangjiafen	1990-10-14	9.05	6.20	0	53.5	3.7	0	0	0
zhangjiafen	1990-10-15	8.65	5.95	0.6	53.4	3.0	0	0	0
zhangjiafen	1990-10-16	9.40	6.50	0	51.9	4.1	0	0	0
zhangjiafen	1990-10-17	9.07	6.30	0	49.9	6.0	0	0	0
zhangjiafen	1990-10-18	9.03	5.95	0	48.7	3.5	0	0	0
zhangjiafen	1990-10-19	9.03	5.55	0.1	47.9	2.5	0	0	0
zhangjiafen	1990-10-20	8.80	5.10	0.1	47.2	3.0	0	0	0
zhangjiafen	1990-10-21	8.57	4.85	0.5	47.3	2.5	0	0	0
zhangjiafen	1990-10-22	8.61	5.05	0.2	47.3	1.0	0	0	0
zhangjiafen	1990-10-23	8.80	5.10	0	45.9	4.4	0	0	0
zhangjiafen	1990-10-24	8.76	4.80	0	44.8	3.5	0	0	0
zhangjiafen	1990-10-25	8.54	4.55	0.1	43.6	4.5	0	0	0
zhangjiafen	1990-10-26	8.36	4.25	0	42.6	3.5	0	0	0
zhangjiafen	1990-10-27	8.18	3.95	0	41.7	3.0	0	0	0
zhangjiafen	1990-10-28	8.14	3.70	0	40.8	3.0	0	0	0
zhangjiafen	1990-10-29	8.11	3.50	0	40.1	2.5	0	0	0
zhangjiafen	1990-10-30	7.94	3.25	0	39.6	2.0	0	0	0
zhangjiafen	1990-10-31	7.77	3.10	0	38.4	4.3	0	0	0
zhangjiafen	1990-11-1	7.70	3.00	0	37.6	3.2	0	0	0
zhangjiafen	1990-11-2	7.53	3.00	0	36.9	2.5	0	0	0
zhangjiafen	1990-11-3	7.24	3.00	1.2	38.1	1.5	0	0	0
zhangjiafen	1990-11-4	7.06	3.60	0	37.4	3.0	0	0	0
zhangjiafen	1990-11-5	7.03	3.40	0.8	38.3	2.0	0	0	0
zhangjiafen	1990-11-6	7.03	3.75	0.1	37.3	4.0	0	0	0
zhangjiafen	1990-11-7	7.03	3.50	1.6	38.2	4.8	0	0	0
zhangjiafen	1990-11-8	7.03	4.40	0	37.3	3.4	0	0	0
zhangjiafen	1990-11-9	7.00	4.10	0	36.6	2.5	0	0	0
zhangjiafen	1990-11-10	6.71	3.60	0	36.1	2.0	0	0	0
zhangjiafen	1990-11-11	6.68	3.20	0	35.3	3.2	0	0	0
zhangjiafen	1990-11-12	6.52	3.00	0	34.4	3.8	0	0	0
zhangjiafen	1990-11-13	6.35	3.00	0.1	33.7	3.2	0	0	0
zhangjiafen	1990-11-14	6.20	3.00	0	33.2	2.3	0	0	0
zhangjiafen	1990-11-15	6.04	3.00	0	32.6	2.7	0	0	0
zhangjiafen	1990-11-16	6.04	3.00	0	32.1	2.1	0	0	0
zhangjiafen	1990-11-17	6.04	3.00	0	31.7	1.6	0	0	0
zhangjiafen	1990-11-18	6.07	3.00	0	31.3	1.7	0	0	0
zhangjiafen	1990-11-19	6.17	3.00	0	30.2	5.3	0	0	0
zhangjiafen	1990-11-20	6.04	3.00	0	29.7	2.4	0	0	0
zhangjiafen	1990-11-21	6.02	3.00	0	28.8	4.6	0	0	0
zhangjiafen	1990-11-22	5.81	3.00	0	28.1	3.6	0	0	0
zhangjiafen	1990-11-23	6.02	3.00	0.1	27.6	3.2	0	0	0
zhangjiafen	1990-11-24	6.20	3.00	0	27.1	2.6	0	0	0
zhangjiafen	1990-11-25	6.20	3.00	0	26.8	2.1	0	0	0
zhangjiafen	1990-11-26	6.04	3.00	0	26.5	1.3	0	0	0
zhangjiafen	1990-11-27	6.04	3.00	0.1	26.4	0.8	0	0	0
zhangjiafen	1990-11-28	6.04	3.00	0.5	26.4	1.9	0	0	0
zhangjiafen	1990-11-29	5.93	3.00	0.6	26.7	1.8	0	0	0
zhangjiafen	1990-11-30	5.42	3.10	0	26.5	1.2	0	0	0
zhangjiafen	1990-12-1	5.01	3.00	0	26.2	1.4	0	0	0
zhangjiafen	1990-12-2	4.78	3.00	0	26.0	1.1	0	0	0
zhangjiafen	1990-12-3	4.71	3.00	0	25.8	1.3	0	0	0
zhangjiafen	1990-12-4	4.66	3.00	0	25.6	0.8	0	0	0
zhangjiafen	1990-12-5	4.62	3.00	0	25.4	1.1	0	0	0
zhangjiafen	1990-12-6	4.57	3.00	0	25.2	1.0	0	0	0
zhangjiafen	1990-12-7	4.46	3.00	0	25.0	1.0	0	0	0
zhangjiafen	1990-12-8	4.30	3.00	0	24.9	0.3	0	0	0
zhangjiafen	1990-12-9	4.02	3.00	0.1	24.9	0.7	0	0	0
zhangjiafen	1990-12-10	3.77	3.00	0	24.8	0.5	0	0	0
zhangjiafen	1990-12-11	3.69	3.00	0	24.7	0.5	0	0	0
zhangjiafen	1990-12-12	3.64	3.00	0	24.5	1.0	0	0	0
zhangjiafen	1990-12-13	3.62	3.00	0	24.4	0.8	0	0	0
zhangjiafen	1990-12-14	3.60	3.00	0	24.2	0.8	0	0	0
zhangjiafen	1990-12-15	3.58	3.00	0	24.1	0.5	0	0	0
zhangjiafen	1990-12-16	3.56	3.00	0	24.1	0.3	0	0	0
zhangjiafen	1990-12-17	3.55	3.00	0	24.0	0.3	0	0	0
zhangjiafen	1990-12-18	3.53	3.00	0	23.9	0.4	0	0	0
zhangjiafen	1990-12-19	3.51	3.00	0	23.8	0.5	0	0	0
zhangjiafen	1990-12-20	3.50	3.00	0.1	23.7	1.5	0	0	0
zhangjiafen	1990-12-21	3.48	3.00	0	23.4	2.0	0	0	0
zhangjiafen	1990-12-22	3.46	3.00	0	23.2	1.5	0	0	0
zhangjiafen	1990-12-23	3.44	3.00	0	23.0	0.9	0	0	0
zhangjiafen	1990-12-24	3.47	3.00	0	22.8	1.3	0	0	0
zhangjiafen	1990-12-25	3.50	3.00	0	22.6	1.2	0	0	0
zhangjiafen	1990-12-26	3.53	3.00	0	22.4	0.9	0	0	0
zhangjiafen	1990-12-27	3.56	3.00	0	22.3	0.5	0	0	0
zhangjiafen	1990-12-28	3.59	3.00	0	22.2	0.6	0	0	0
zhangjiafen	1990-12-29	3.62	3.00	0	22.1	0.6	0	0	0
zhangjiafen	1990-12-30	3.65	3.00	0	22.0	0.5	0	0	0
zhangjiafen	1990-12-31	3.68	3.00	0	21.8	1.6	0	0	0
